status,avgMeasuredTime,avgSpeed,extID,medianMeasuredTime,TIMESTAMP,vehicleCount,_id,REPORT_ID
OK,67,49,879,67,2014-08-01T08:00:00,14,20746934,180681
OK,60,55,879,60,2014-08-01T08:05:00,12,20747383,180681
OK,55,60,879,55,2014-08-01T08:10:00,13,20747756,180681
OK,68,48,879,68,2014-08-01T08:15:00,20,20748205,180681
OK,67,49,879,67,2014-08-01T08:20:00,19,20748654,180681
OK,65,50,879,65,2014-08-01T08:25:00,14,20749103,180681
OK,84,39,879,84,2014-08-01T08:30:00,22,20749552,180681
OK,84,39,879,84,2014-08-01T08:35:00,15,20750001,180681
OK,72,46,879,72,2014-08-01T08:40:00,16,20750450,180681
OK,80,41,879,80,2014-08-01T08:45:00,26,20750899,180681
OK,64,51,879,64,2014-08-01T08:50:00,21,20751348,180681
OK,63,52,879,63,2014-08-01T08:55:00,17,20751797,180681
OK,62,53,879,62,2014-08-01T09:00:00,26,20752246,180681
OK,69,48,879,69,2014-08-01T09:05:00,29,20752695,180681
OK,77,43,879,77,2014-08-01T09:10:00,19,20753144,180681
OK,65,50,879,65,2014-08-01T09:15:00,21,20753593,180681
OK,66,50,879,66,2014-08-01T09:20:00,25,20754042,180681
OK,76,43,879,76,2014-08-01T09:25:00,21,20754491,180681
OK,68,48,879,68,2014-08-01T09:30:00,17,20754940,180681
OK,57,58,879,57,2014-08-01T09:35:00,17,20755389,180681
OK,59,56,879,59,2014-08-01T09:40:00,20,20755838,180681
OK,71,46,879,71,2014-08-01T09:45:00,16,20756287,180681
OK,59,56,879,59,2014-08-01T09:50:00,9,20756736,180681
OK,72,46,879,72,2014-08-01T09:55:00,14,20757185,180681
OK,74,44,879,74,2014-08-01T10:00:00,13,20757634,180681
OK,55,60,879,55,2014-08-01T10:05:00,11,20758083,180681
OK,70,47,879,70,2014-08-01T10:10:00,21,20758532,180681
OK,70,47,879,70,2014-08-01T10:15:00,27,20758981,180681
OK,80,41,879,80,2014-08-01T10:20:00,28,20759430,180681
OK,79,41,879,79,2014-08-01T10:25:00,23,20759879,180681
OK,85,38,879,85,2014-08-01T10:30:00,13,20760328,180681
OK,77,43,879,77,2014-08-01T10:35:00,18,20760777,180681
OK,67,49,879,67,2014-08-01T10:40:00,14,20761226,180681
OK,76,43,879,76,2014-08-01T10:45:00,13,20761675,180681
OK,60,55,879,60,2014-08-01T10:50:00,17,20762124,180681
OK,56,59,879,56,2014-08-01T10:55:00,22,20762573,180681
OK,80,41,879,80,2014-08-01T11:00:00,23,20763022,180681
OK,79,41,879,79,2014-08-01T11:05:00,19,20763471,180681
OK,76,43,879,76,2014-08-01T11:10:00,22,20763920,180681
OK,94,35,879,94,2014-08-01T11:15:00,15,20764368,180681
OK,80,41,879,80,2014-08-01T11:20:00,17,20764817,180681
OK,78,42,879,78,2014-08-01T11:25:00,13,20765266,180681
OK,92,36,879,92,2014-08-01T11:30:00,12,20765715,180681
OK,97,34,879,97,2014-08-01T11:35:00,18,20766164,180681
OK,59,56,879,59,2014-08-01T11:40:00,18,20766613,180681
OK,86,38,879,86,2014-08-01T11:45:00,22,20767062,180681
OK,89,37,879,89,2014-08-01T11:50:00,17,20767511,180681
OK,72,46,879,72,2014-08-01T11:55:00,12,20767960,180681
OK,78,42,879,78,2014-08-01T12:00:00,14,20768409,180681
OK,76,43,879,76,2014-08-01T12:05:00,14,20768858,180681
OK,75,44,879,75,2014-08-01T12:10:00,12,20769307,180681
OK,71,46,879,71,2014-08-01T12:15:00,14,20769756,180681
OK,76,43,879,76,2014-08-01T12:20:00,14,20770205,180681
OK,83,39,879,83,2014-08-01T12:25:00,15,20770654,180681
OK,88,37,879,88,2014-08-01T12:30:00,22,20771103,180681
OK,89,37,879,89,2014-08-01T12:35:00,33,20771552,180681
OK,87,38,879,87,2014-08-01T12:40:00,29,20772001,180681
OK,96,34,879,96,2014-08-01T12:45:00,22,20772450,180681
OK,71,46,879,71,2014-08-01T12:50:00,24,20772899,180681
OK,77,43,879,77,2014-08-01T12:55:00,24,20773348,180681
OK,83,39,879,83,2014-08-01T13:00:00,28,20773797,180681
OK,81,40,879,81,2014-08-01T13:05:00,25,20774246,180681
OK,87,38,879,87,2014-08-01T13:10:00,23,20774695,180681
OK,86,38,879,86,2014-08-01T13:15:00,21,20775144,180681
OK,74,44,879,74,2014-08-01T13:20:00,18,20775593,180681
OK,104,31,879,104,2014-08-01T13:25:00,15,20776042,180681
OK,103,32,879,103,2014-08-01T13:30:00,21,20776491,180681
OK,102,32,879,102,2014-08-01T13:35:00,24,20776940,180681
OK,108,30,879,108,2014-08-01T13:40:00,15,20777389,180681
OK,87,38,879,87,2014-08-01T13:45:00,11,20777838,180681
OK,82,40,879,82,2014-08-01T13:50:00,18,20778287,180681
OK,86,38,879,86,2014-08-01T13:55:00,20,20778736,180681
OK,76,43,879,76,2014-08-01T14:00:00,14,20779185,180681
OK,71,46,879,71,2014-08-01T14:05:00,18,20779634,180681
OK,74,44,879,74,2014-08-01T14:10:00,20,20780083,180681
OK,84,39,879,84,2014-08-01T14:15:00,15,20780532,180681
OK,74,44,879,74,2014-08-01T14:20:00,16,20780981,180681
OK,51,64,879,51,2014-08-01T14:25:00,16,20781430,180681
OK,76,43,879,76,2014-08-01T14:30:00,21,20781879,180681
OK,85,38,879,85,2014-08-01T14:35:00,20,20782328,180681
OK,56,59,879,56,2014-08-01T14:40:00,12,20782777,180681
OK,51,64,879,51,2014-08-01T14:45:00,13,20783226,180681
OK,53,62,879,53,2014-08-01T14:50:00,14,20783675,180681
OK,60,55,879,60,2014-08-01T14:55:00,14,20784124,180681
OK,67,49,879,67,2014-08-01T15:00:00,14,20784573,180681
OK,66,50,879,66,2014-08-01T15:05:00,14,20785022,180681
OK,57,58,879,57,2014-08-01T15:10:00,10,20785471,180681
OK,50,66,879,50,2014-08-01T15:15:00,9,20785920,180681
OK,64,51,879,64,2014-08-01T15:20:00,10,20786369,180681
OK,68,48,879,68,2014-08-01T15:25:00,7,20786818,180681
OK,64,51,879,64,2014-08-01T15:30:00,12,20787267,180681
OK,63,52,879,63,2014-08-01T15:35:00,11,20787716,180681
OK,46,72,879,46,2014-08-01T15:40:00,6,20788165,180681
OK,71,46,879,71,2014-08-01T15:45:00,11,20788614,180681
OK,73,45,879,73,2014-08-01T15:50:00,11,20789063,180681
OK,107,30,879,107,2014-08-01T15:55:00,7,20789512,180681
OK,46,72,879,46,2014-08-01T16:00:00,9,20789961,180681
OK,58,57,879,58,2014-08-01T16:05:00,13,20790410,180681
OK,59,56,879,59,2014-08-01T16:10:00,8,20790859,180681
OK,60,55,879,60,2014-08-01T16:15:00,8,20791308,180681
OK,64,51,879,64,2014-08-01T16:20:00,8,20791757,180681
OK,64,51,879,64,2014-08-01T16:25:00,6,20792206,180681
OK,61,54,879,61,2014-08-01T16:30:00,6,20792655,180681
OK,57,58,879,57,2014-08-01T16:35:00,6,20793104,180681
OK,56,59,879,56,2014-08-01T16:40:00,11,20793553,180681
OK,56,59,879,56,2014-08-01T16:45:00,9,20794002,180681
OK,63,52,879,63,2014-08-01T16:50:00,2,20794451,180681
OK,63,52,879,63,2014-08-01T16:55:00,2,20794900,180681
OK,52,63,879,52,2014-08-01T17:00:00,2,20795349,180681
OK,67,49,879,67,2014-08-01T17:05:00,6,20795798,180681
OK,49,67,879,49,2014-08-01T17:10:00,5,20796247,180681
OK,65,50,879,65,2014-08-01T17:15:00,6,20796696,180681
OK,56,59,879,56,2014-08-01T17:20:00,10,20797145,180681
OK,48,69,879,48,2014-08-01T17:25:00,9,20797594,180681
OK,45,73,879,45,2014-08-01T17:30:00,2,20798043,180681
OK,60,55,879,60,2014-08-01T17:35:00,9,20798492,180681
OK,55,60,879,55,2014-08-01T17:40:00,10,20798941,180681
OK,59,56,879,59,2014-08-01T17:45:00,4,20799390,180681
OK,62,53,879,62,2014-08-01T17:50:00,6,20799839,180681
OK,50,66,879,50,2014-08-01T17:55:00,6,20800288,180681
OK,45,73,879,45,2014-08-01T18:00:00,7,20800737,180681
OK,52,63,879,52,2014-08-01T18:05:00,6,20801186,180681
OK,72,46,879,72,2014-08-01T18:10:00,3,20801635,180681
OK,72,46,879,72,2014-08-01T18:15:00,3,20802084,180681
OK,79,41,879,79,2014-08-01T18:20:00,4,20802533,180681
OK,58,57,879,58,2014-08-01T18:25:00,6,20802982,180681
OK,52,63,879,52,2014-08-01T18:30:00,2,20803431,180681
OK,37,89,879,37,2014-08-01T18:35:00,1,20803880,180681
OK,39,84,879,39,2014-08-01T18:40:00,2,20804329,180681
OK,41,80,879,41,2014-08-01T18:45:00,5,20804778,180681
OK,43,77,879,43,2014-08-01T18:50:00,6,20805227,180681
OK,45,73,879,45,2014-08-01T18:55:00,4,20805676,180681
OK,53,62,879,53,2014-08-01T19:00:00,2,20806125,180681
OK,59,56,879,59,2014-08-01T19:05:00,5,20806574,180681
OK,65,50,879,65,2014-08-01T19:10:00,5,20807023,180681
OK,44,75,879,44,2014-08-01T19:15:00,6,20807472,180681
OK,46,72,879,46,2014-08-01T19:20:00,6,20807921,180681
OK,48,69,879,48,2014-08-01T19:25:00,5,20808370,180681
OK,46,72,879,46,2014-08-01T19:30:00,3,20808819,180681
OK,48,69,879,48,2014-08-01T19:35:00,1,20809268,180681
OK,45,73,879,45,2014-08-01T19:40:00,4,20809717,180681
OK,46,72,879,46,2014-08-01T19:45:00,4,20810166,180681
OK,49,67,879,49,2014-08-01T19:50:00,9,20810615,180681
OK,60,55,879,60,2014-08-01T19:55:00,5,20811064,180681
OK,41,80,879,41,2014-08-01T22:00:00,0,20816793,180681
OK,65,50,879,65,2014-08-01T22:05:00,4,20817242,180681
OK,65,50,879,65,2014-08-02T00:00:00,2,20823232,180681
OK,65,50,879,65,2014-08-02T00:05:00,0,20823681,180681
OK,65,50,879,65,2014-08-02T00:10:00,0,20824130,180681
OK,58,57,879,58,2014-08-02T00:15:00,3,20824579,180681
OK,64,51,879,64,2014-08-02T00:20:00,2,20825028,180681
OK,76,43,879,76,2014-08-02T00:25:00,3,20825477,180681
OK,55,60,879,55,2014-08-02T00:30:00,1,20825926,180681
OK,55,60,879,55,2014-08-02T00:35:00,1,20826375,180681
OK,67,49,879,67,2014-08-02T00:40:00,1,20826824,180681
OK,56,59,879,56,2014-08-02T00:45:00,4,20827273,180681
OK,54,61,879,54,2014-08-02T00:50:00,2,20827722,180681
OK,69,48,879,69,2014-08-02T00:55:00,3,20828171,180681
OK,70,47,879,70,2014-08-02T01:00:00,2,20828620,180681
OK,37,89,879,37,2014-08-02T01:05:00,1,20829069,180681
OK,37,89,879,37,2014-08-02T01:10:00,1,20829518,180681
OK,37,89,879,37,2014-08-02T01:15:00,0,20829967,180681
OK,37,89,879,37,2014-08-02T01:20:00,0,20830416,180681
OK,37,89,879,37,2014-08-02T01:25:00,0,20830865,180681
OK,40,82,879,40,2014-08-02T01:30:00,1,20831314,180681
OK,36,92,879,36,2014-08-02T01:35:00,2,20831763,180681
OK,32,103,879,32,2014-08-02T01:40:00,1,20832212,180681
OK,38,87,879,38,2014-08-02T01:45:00,1,20832661,180681
OK,55,60,879,55,2014-08-02T01:50:00,1,20833110,180681
OK,55,60,879,55,2014-08-02T01:55:00,1,20833559,180681
OK,55,60,879,55,2014-08-02T02:00:00,0,20834008,180681
OK,58,57,879,58,2014-08-02T02:05:00,1,20834457,180681
OK,56,59,879,56,2014-08-02T02:10:00,2,20834906,180681
OK,55,60,879,55,2014-08-02T02:15:00,1,20835355,180681
OK,55,60,879,55,2014-08-02T02:20:00,0,20835804,180681
OK,55,60,879,55,2014-08-02T02:25:00,1,20836253,180681
OK,51,64,879,51,2014-08-02T02:30:00,2,20836702,180681
OK,49,67,879,49,2014-08-02T02:35:00,1,20837151,180681
OK,49,67,879,49,2014-08-02T02:40:00,1,20837600,180681
OK,53,62,879,53,2014-08-02T02:45:00,2,20838049,180681
OK,37,89,879,37,2014-08-02T02:50:00,1,20838498,180681
OK,37,89,879,37,2014-08-02T02:55:00,0,20838947,180681
OK,70,47,879,70,2014-08-02T03:00:00,2,20839396,180681
OK,95,34,879,95,2014-08-02T03:05:00,1,20839845,180681
OK,95,34,879,95,2014-08-02T03:10:00,0,20840294,180681
OK,95,34,879,95,2014-08-02T03:15:00,0,20840743,180681
OK,95,34,879,95,2014-08-02T03:20:00,0,20841192,180681
OK,95,34,879,95,2014-08-02T03:25:00,0,20841641,180681
OK,95,34,879,95,2014-08-02T03:30:00,0,20842090,180681
OK,54,61,879,54,2014-08-02T03:35:00,1,20842539,180681
OK,54,61,879,54,2014-08-02T03:40:00,3,20842988,180681
OK,74,44,879,74,2014-08-02T03:45:00,3,20843437,180681
OK,72,46,879,72,2014-08-02T03:50:00,1,20843886,180681
OK,58,57,879,58,2014-08-02T03:55:00,2,20844335,180681
OK,49,67,879,49,2014-08-02T06:00:00,2,20851789,180681
OK,48,69,879,48,2014-08-02T06:05:00,3,20852238,180681
OK,48,69,879,48,2014-08-02T06:10:00,5,20852687,180681
OK,74,44,879,74,2014-08-02T06:15:00,3,20853136,180681
OK,59,56,879,59,2014-08-02T06:20:00,2,20853585,180681
OK,45,73,879,45,2014-08-02T06:25:00,3,20854034,180681
OK,45,73,879,45,2014-08-02T06:30:00,3,20854483,180681
OK,41,80,879,41,2014-08-02T06:35:00,2,20854932,180681
OK,62,53,879,62,2014-08-02T06:40:00,3,20855381,180681
OK,52,63,879,52,2014-08-02T06:45:00,4,20855830,180681
OK,43,77,879,43,2014-08-02T06:50:00,5,20856279,180681
OK,66,50,879,66,2014-08-02T06:55:00,3,20856728,180681
OK,67,49,879,67,2014-08-02T07:00:00,0,20857177,180681
OK,44,75,879,44,2014-08-02T07:05:00,4,20857626,180681
OK,48,69,879,48,2014-08-02T07:10:00,5,20858075,180681
OK,56,59,879,56,2014-08-02T07:15:00,4,20858524,180681
OK,57,58,879,57,2014-08-02T07:20:00,4,20858973,180681
OK,43,77,879,43,2014-08-02T07:25:00,6,20859422,180681
OK,46,72,879,46,2014-08-02T07:30:00,7,20859871,180681
OK,58,57,879,58,2014-08-02T07:35:00,8,20860320,180681
OK,56,59,879,56,2014-08-02T07:40:00,4,20860769,180681
OK,45,73,879,45,2014-08-02T07:45:00,2,20861218,180681
OK,47,70,879,47,2014-08-02T07:50:00,8,20861667,180681
OK,47,70,879,47,2014-08-02T07:55:00,10,20862116,180681
OK,62,53,879,62,2014-08-02T08:00:00,10,20862565,180681
OK,49,67,879,49,2014-08-02T08:05:00,9,20863014,180681
OK,55,60,879,55,2014-08-02T08:10:00,10,20863463,180681
OK,58,57,879,58,2014-08-02T08:15:00,8,20863912,180681
OK,63,52,879,63,2014-08-02T08:20:00,5,20864361,180681
OK,48,69,879,48,2014-08-02T08:25:00,5,20864810,180681
OK,46,72,879,46,2014-08-02T08:30:00,5,20865259,180681
OK,42,78,879,42,2014-08-02T08:35:00,7,20865708,180681
OK,46,72,879,46,2014-08-02T08:40:00,8,20866157,180681
OK,50,66,879,50,2014-08-02T08:45:00,8,20866606,180681
OK,47,70,879,47,2014-08-02T08:50:00,10,20867055,180681
OK,42,78,879,42,2014-08-02T08:55:00,10,20867504,180681
OK,45,73,879,45,2014-08-02T09:00:00,9,20867953,180681
OK,50,66,879,50,2014-08-02T09:05:00,13,20868402,180681
OK,50,66,879,50,2014-08-02T09:10:00,18,20868851,180681
OK,49,67,879,49,2014-08-02T09:15:00,18,20869300,180681
OK,44,75,879,44,2014-08-02T09:20:00,16,20869749,180681
OK,53,62,879,53,2014-08-02T09:25:00,11,20870198,180681
OK,76,43,879,76,2014-08-02T09:30:00,6,20870647,180681
OK,59,56,879,59,2014-08-02T09:35:00,12,20871096,180681
OK,52,63,879,52,2014-08-02T09:40:00,16,20871545,180681
OK,51,64,879,51,2014-08-02T09:45:00,13,20871994,180681
OK,50,66,879,50,2014-08-02T09:50:00,14,20872443,180681
OK,45,73,879,45,2014-08-02T09:55:00,10,20872892,180681
OK,54,61,879,54,2014-08-02T10:00:00,9,20873341,180681
OK,64,51,879,64,2014-08-02T10:05:00,12,20873790,180681
OK,64,51,879,64,2014-08-02T10:10:00,11,20874239,180681
OK,71,46,879,71,2014-08-02T10:15:00,13,20874688,180681
OK,62,53,879,62,2014-08-02T10:20:00,17,20875137,180681
OK,55,60,879,55,2014-08-02T10:25:00,16,20875586,180681
OK,69,48,879,69,2014-08-02T10:30:00,11,20876035,180681
OK,50,66,879,50,2014-08-02T10:35:00,8,20876484,180681
OK,51,64,879,51,2014-08-02T10:40:00,11,20876933,180681
OK,53,62,879,53,2014-08-02T10:45:00,15,20877382,180681
OK,56,59,879,56,2014-08-02T10:50:00,14,20877831,180681
OK,59,56,879,59,2014-08-02T10:55:00,14,20878280,180681
OK,63,52,879,63,2014-08-02T11:00:00,12,20878729,180681
OK,50,66,879,50,2014-08-02T11:05:00,15,20879178,180681
OK,48,69,879,48,2014-08-02T11:10:00,12,20879627,180681
OK,57,58,879,57,2014-08-02T11:15:00,14,20880076,180681
OK,63,52,879,63,2014-08-02T11:20:00,19,20880525,180681
OK,48,69,879,48,2014-08-02T11:25:00,8,20880974,180681
OK,55,60,879,55,2014-08-02T11:30:00,14,20881423,180681
OK,71,46,879,71,2014-08-02T11:35:00,17,20881872,180681
OK,63,52,879,63,2014-08-02T11:40:00,9,20882321,180681
OK,50,66,879,50,2014-08-02T11:45:00,7,20882770,180681
OK,67,49,879,67,2014-08-02T11:50:00,8,20883219,180681
OK,46,72,879,46,2014-08-02T11:55:00,7,20883668,180681
OK,44,75,879,44,2014-08-02T12:00:00,8,20884117,180681
OK,51,64,879,51,2014-08-02T12:05:00,14,20884566,180681
OK,51,64,879,51,2014-08-02T12:10:00,15,20885015,180681
OK,45,73,879,45,2014-08-02T12:15:00,10,20885464,180681
OK,52,63,879,52,2014-08-02T12:20:00,7,20885913,180681
OK,55,60,879,55,2014-08-02T12:25:00,8,20886362,180681
OK,47,70,879,47,2014-08-02T12:30:00,11,20886811,180681
OK,46,72,879,46,2014-08-02T12:35:00,18,20887260,180681
OK,51,64,879,51,2014-08-02T12:40:00,13,20887709,180681
OK,51,64,879,51,2014-08-02T12:45:00,7,20888158,180681
OK,43,77,879,43,2014-08-02T12:50:00,7,20888607,180681
OK,48,69,879,48,2014-08-02T12:55:00,8,20889056,180681
OK,55,60,879,55,2014-08-02T13:00:00,14,20889505,180681
OK,57,58,879,57,2014-08-02T13:05:00,16,20889954,180681
OK,45,73,879,45,2014-08-02T13:10:00,17,20890403,180681
OK,46,72,879,46,2014-08-02T13:15:00,12,20890852,180681
OK,63,52,879,63,2014-08-02T13:20:00,9,20891301,180681
OK,52,63,879,52,2014-08-02T13:25:00,10,20891750,180681
OK,49,67,879,49,2014-08-02T13:30:00,9,20892199,180681
OK,49,67,879,49,2014-08-02T13:35:00,7,20892648,180681
OK,43,77,879,43,2014-08-02T13:40:00,10,20893097,180681
OK,43,77,879,43,2014-08-02T13:45:00,13,20893546,180681
OK,44,75,879,44,2014-08-02T13:50:00,9,20893995,180681
OK,46,72,879,46,2014-08-02T13:55:00,6,20894444,180681
OK,40,82,879,40,2014-08-02T14:00:00,3,20894893,180681
OK,40,82,879,40,2014-08-02T14:05:00,4,20895342,180681
OK,48,69,879,48,2014-08-02T14:10:00,3,20895791,180681
OK,70,47,879,70,2014-08-02T14:15:00,6,20896240,180681
OK,60,55,879,60,2014-08-02T14:20:00,8,20896689,180681
OK,44,75,879,44,2014-08-02T14:25:00,7,20897138,180681
OK,45,73,879,45,2014-08-02T14:30:00,9,20897587,180681
OK,47,70,879,47,2014-08-02T14:35:00,8,20898036,180681
OK,61,54,879,61,2014-08-02T14:40:00,7,20898485,180681
OK,45,73,879,45,2014-08-02T14:45:00,10,20898934,180681
OK,49,67,879,49,2014-08-02T14:50:00,11,20899383,180681
OK,52,63,879,52,2014-08-02T14:55:00,15,20899832,180681
OK,52,63,879,52,2014-08-02T15:00:00,16,20900281,180681
OK,46,72,879,46,2014-08-02T15:05:00,12,20900730,180681
OK,47,70,879,47,2014-08-02T15:10:00,9,20901179,180681
OK,45,73,879,45,2014-08-02T15:15:00,7,20901628,180681
OK,43,77,879,43,2014-08-02T15:20:00,6,20902077,180681
OK,45,73,879,45,2014-08-02T15:25:00,8,20902526,180681
OK,47,70,879,47,2014-08-02T15:30:00,13,20902975,180681
OK,47,70,879,47,2014-08-02T15:35:00,13,20903424,180681
OK,54,61,879,54,2014-08-02T15:40:00,8,20903873,180681
OK,54,61,879,54,2014-08-02T15:45:00,9,20904322,180681
OK,46,72,879,46,2014-08-02T15:50:00,14,20904771,180681
OK,62,53,879,62,2014-08-02T15:55:00,14,20905220,180681
OK,74,44,879,74,2014-08-02T16:00:00,12,20905669,180681
OK,40,82,879,40,2014-08-02T16:05:00,8,20906118,180681
OK,46,72,879,46,2014-08-02T16:10:00,10,20906567,180681
OK,51,64,879,51,2014-08-02T16:15:00,8,20907016,180681
OK,57,58,879,57,2014-08-02T16:20:00,8,20907465,180681
OK,52,63,879,52,2014-08-02T16:25:00,9,20907914,180681
OK,68,48,879,68,2014-08-02T16:30:00,4,20908363,180681
OK,46,72,879,46,2014-08-02T16:35:00,3,20908812,180681
OK,46,72,879,46,2014-08-02T16:40:00,5,20909261,180681
OK,46,72,879,46,2014-08-02T16:45:00,3,20909710,180681
OK,55,60,879,55,2014-08-02T16:50:00,2,20910159,180681
OK,50,66,879,50,2014-08-02T16:55:00,5,20910608,180681
OK,50,66,879,50,2014-08-02T17:00:00,3,20911057,180681
OK,51,64,879,51,2014-08-02T17:05:00,4,20911506,180681
OK,44,75,879,44,2014-08-02T17:10:00,3,20911955,180681
OK,71,46,879,71,2014-08-02T17:15:00,5,20912404,180681
OK,64,51,879,64,2014-08-02T17:20:00,4,20912853,180681
OK,49,67,879,49,2014-08-02T17:25:00,5,20913302,180681
OK,45,73,879,45,2014-08-02T17:30:00,9,20913751,180681
OK,42,78,879,42,2014-08-02T17:35:00,7,20914200,180681
OK,42,78,879,42,2014-08-02T17:40:00,4,20914649,180681
OK,39,84,879,39,2014-08-02T17:45:00,5,20915098,180681
OK,54,61,879,54,2014-08-02T17:50:00,5,20915547,180681
OK,57,58,879,57,2014-08-02T17:55:00,5,20915996,180681
OK,55,60,879,55,2014-08-02T18:00:00,6,20916445,180681
OK,62,53,879,62,2014-08-02T18:05:00,2,20916894,180681
OK,41,80,879,41,2014-08-02T18:10:00,2,20917343,180681
OK,66,50,879,66,2014-08-02T18:15:00,4,20917792,180681
OK,38,87,879,38,2014-08-02T18:20:00,5,20918241,180681
OK,51,64,879,51,2014-08-02T18:25:00,5,20918690,180681
OK,48,69,879,48,2014-08-02T18:30:00,1,20919139,180681
OK,67,49,879,67,2014-08-02T18:35:00,4,20919588,180681
OK,76,43,879,76,2014-08-02T18:40:00,6,20920037,180681
OK,47,70,879,47,2014-08-02T18:45:00,6,20920486,180681
OK,57,58,879,57,2014-08-02T18:50:00,5,20920935,180681
OK,85,38,879,85,2014-08-02T18:55:00,1,20921384,180681
OK,85,38,879,85,2014-08-02T19:00:00,1,20921833,180681
OK,52,63,879,52,2014-08-02T19:05:00,3,20922282,180681
OK,52,63,879,52,2014-08-02T19:10:00,4,20922731,180681
OK,44,75,879,44,2014-08-02T19:15:00,3,20923180,180681
OK,49,67,879,49,2014-08-02T19:20:00,5,20923629,180681
OK,82,40,879,82,2014-08-02T19:25:00,9,20924078,180681
OK,55,60,879,55,2014-08-02T19:30:00,7,20924527,180681
OK,45,73,879,45,2014-08-02T19:35:00,5,20924976,180681
OK,48,69,879,48,2014-08-02T19:40:00,11,20925425,180681
OK,44,75,879,44,2014-08-02T19:45:00,9,20925874,180681
OK,44,75,879,44,2014-08-02T19:50:00,5,20926323,180681
OK,84,39,879,84,2014-08-02T19:55:00,3,20926772,180681
OK,57,58,879,57,2014-08-02T20:00:00,3,20927221,180681
OK,61,54,879,61,2014-08-02T20:05:00,4,20927670,180681
OK,65,50,879,65,2014-08-02T20:10:00,3,20928119,180681
OK,64,51,879,64,2014-08-02T20:15:00,4,20928568,180681
OK,64,51,879,64,2014-08-02T20:20:00,4,20929017,180681
OK,45,73,879,45,2014-08-02T20:25:00,5,20929466,180681
OK,46,72,879,46,2014-08-02T20:30:00,5,20929915,180681
OK,68,48,879,68,2014-08-02T20:35:00,7,20930364,180681
OK,69,48,879,69,2014-08-02T20:40:00,10,20930813,180681
OK,50,66,879,50,2014-08-02T20:45:00,9,20931262,180681
OK,48,69,879,48,2014-08-02T20:50:00,7,20931711,180681
OK,49,67,879,49,2014-08-02T20:55:00,4,20932160,180681
OK,57,58,879,57,2014-08-02T21:00:00,2,20932609,180681
OK,46,72,879,46,2014-08-02T21:05:00,3,20933058,180681
OK,52,63,879,52,2014-08-02T21:10:00,5,20933507,180681
OK,43,77,879,43,2014-08-02T21:15:00,4,20933956,180681
OK,44,75,879,44,2014-08-02T21:20:00,1,20934405,180681
OK,75,44,879,75,2014-08-02T21:25:00,6,20934854,180681
OK,76,43,879,76,2014-08-02T21:30:00,7,20935303,180681
OK,69,48,879,69,2014-08-02T21:35:00,2,20935752,180681
OK,62,53,879,62,2014-08-02T21:40:00,0,20936201,180681
OK,53,62,879,53,2014-08-02T21:45:00,6,20936650,180681
OK,59,56,879,59,2014-08-02T21:50:00,6,20937099,180681
OK,44,75,879,44,2014-08-02T21:55:00,1,20937548,180681
OK,44,75,879,44,2014-08-02T22:00:00,0,20937997,180681
OK,57,58,879,57,2014-08-02T22:05:00,1,20938446,180681
OK,49,67,879,49,2014-08-02T22:10:00,3,20938895,180681
OK,49,67,879,49,2014-08-02T22:15:00,3,20939344,180681
OK,55,60,879,55,2014-08-02T22:20:00,2,20939793,180681
OK,74,44,879,74,2014-08-02T22:25:00,0,20940242,180681
OK,57,58,879,57,2014-08-02T22:30:00,3,20940691,180681
OK,45,73,879,45,2014-08-02T22:35:00,5,20941140,180681
OK,52,63,879,52,2014-08-02T22:40:00,6,20941589,180681
OK,45,73,879,45,2014-08-02T22:45:00,2,20942038,180681
OK,40,82,879,40,2014-08-02T22:50:00,0,20942487,180681
OK,44,75,879,44,2014-08-02T22:55:00,1,20942936,180681
OK,44,75,879,44,2014-08-02T23:00:00,1,20943385,180681
OK,47,70,879,47,2014-08-02T23:10:00,1,20943834,180681
OK,42,78,879,42,2014-08-02T23:15:00,2,20944283,180681
OK,45,73,879,45,2014-08-02T23:20:00,4,20944732,180681
OK,44,75,879,44,2014-08-02T23:25:00,2,20945181,180681
OK,79,41,879,79,2014-08-02T23:30:00,5,20945630,180681
OK,72,46,879,72,2014-08-02T23:35:00,5,20946079,180681
OK,72,46,879,72,2014-08-02T23:40:00,4,20946528,180681
OK,70,47,879,70,2014-08-02T23:45:00,3,20946977,180681
OK,40,82,879,40,2014-08-02T23:50:00,2,20947426,180681
OK,34,97,879,34,2014-08-02T23:55:00,1,20947875,180681
OK,90,36,879,90,2014-08-03T00:00:00,1,20948324,180681
OK,68,48,879,68,2014-08-03T00:05:00,2,20948773,180681
OK,46,72,879,46,2014-08-03T00:10:00,1,20949221,180681
OK,46,72,879,46,2014-08-03T00:15:00,0,20949670,180681
OK,46,72,879,46,2014-08-03T00:20:00,0,20950119,180681
OK,91,36,879,91,2014-08-03T00:25:00,1,20950568,180681
OK,59,56,879,59,2014-08-03T00:30:00,2,20951017,180681
OK,45,73,879,45,2014-08-03T00:35:00,3,20951466,180681
OK,44,75,879,44,2014-08-03T00:40:00,0,20951915,180681
OK,44,75,879,44,2014-08-03T00:45:00,0,20952364,180681
OK,48,69,879,48,2014-08-03T00:50:00,3,20952813,180681
OK,51,64,879,51,2014-08-03T00:55:00,2,20953262,180681
OK,42,78,879,42,2014-08-03T01:00:00,1,20953711,180681
OK,68,48,879,68,2014-08-03T01:05:00,1,20954160,180681
OK,68,48,879,68,2014-08-03T01:10:00,0,20954609,180681
OK,68,48,879,68,2014-08-03T01:15:00,0,20955058,180681
OK,68,48,879,68,2014-08-03T01:20:00,0,20955507,180681
OK,68,48,879,68,2014-08-03T01:25:00,0,20955956,180681
OK,68,48,879,68,2014-08-03T01:30:00,0,20956405,180681
OK,46,72,879,46,2014-08-03T01:35:00,1,20956854,180681
OK,46,72,879,46,2014-08-03T01:40:00,1,20957303,180681
OK,46,72,879,46,2014-08-03T01:45:00,0,20957752,180681
OK,46,72,879,46,2014-08-03T01:50:00,0,20958201,180681
OK,46,72,879,46,2014-08-03T01:55:00,0,20958650,180681
OK,46,72,879,46,2014-08-03T02:00:00,0,20959099,180681
OK,44,75,879,44,2014-08-03T02:05:00,1,20959548,180681
OK,39,84,879,39,2014-08-03T02:10:00,1,20959997,180681
OK,39,84,879,39,2014-08-03T02:15:00,0,20960446,180681
OK,40,82,879,40,2014-08-03T02:20:00,1,20960895,180681
OK,40,82,879,40,2014-08-03T02:25:00,0,20961344,180681
OK,40,82,879,40,2014-08-03T02:30:00,0,20961793,180681
OK,40,82,879,40,2014-08-03T02:35:00,0,20962242,180681
OK,40,82,879,40,2014-08-03T02:40:00,0,20962691,180681
OK,40,82,879,40,2014-08-03T02:45:00,0,20963140,180681
OK,52,63,879,52,2014-08-03T02:50:00,4,20963589,180681
OK,62,53,879,62,2014-08-03T02:55:00,1,20964038,180681
OK,62,53,879,62,2014-08-03T03:00:00,0,20964487,180681
OK,62,53,879,62,2014-08-03T03:05:00,0,20964936,180681
OK,62,53,879,62,2014-08-03T03:10:00,0,20965385,180681
OK,62,53,879,62,2014-08-03T03:15:00,0,20965834,180681
OK,62,53,879,62,2014-08-03T03:20:00,0,20966283,180681
OK,62,53,879,62,2014-08-03T03:25:00,0,20966732,180681
OK,62,53,879,62,2014-08-03T03:30:00,0,20967181,180681
OK,62,53,879,62,2014-08-03T03:35:00,0,20967630,180681
OK,47,70,879,47,2014-08-03T03:40:00,1,20968079,180681
OK,47,70,879,47,2014-08-03T03:45:00,1,20968528,180681
OK,43,77,879,43,2014-08-03T03:50:00,1,20968977,180681
OK,43,77,879,43,2014-08-03T03:55:00,1,20969426,180681
OK,43,77,879,43,2014-08-03T04:00:00,0,20970110,180681
OK,90,36,879,90,2014-08-03T04:05:00,1,20970558,180681
OK,65,50,879,65,2014-08-03T04:10:00,2,20971000,180681
OK,40,82,879,40,2014-08-03T04:25:00,1,20972234,180681
OK,40,82,879,40,2014-08-03T04:30:00,0,20972668,180681
OK,51,64,879,51,2014-08-03T04:35:00,2,20973106,180681
OK,51,64,879,51,2014-08-03T04:40:00,0,20973552,180681
OK,44,75,879,44,2014-08-03T04:45:00,1,20974000,180681
OK,44,75,879,44,2014-08-03T04:50:00,3,20974444,180681
OK,49,67,879,49,2014-08-03T05:00:00,0,20974892,180681
OK,42,78,879,42,2014-08-03T05:20:00,0,20976776,180681
OK,42,78,879,42,2014-08-03T05:25:00,0,20977225,180681
OK,42,78,879,42,2014-08-03T05:30:00,0,20977666,180681
OK,48,69,879,48,2014-08-03T05:35:00,1,20978098,180681
OK,48,69,879,48,2014-08-03T05:40:00,2,20978538,180681
OK,38,87,879,38,2014-08-03T05:45:00,3,20978980,180681
OK,45,73,879,45,2014-08-03T05:50:00,2,20979415,180681
OK,40,82,879,40,2014-08-03T06:00:00,1,20979862,180681
OK,40,82,879,40,2014-08-03T06:05:00,1,20980311,180681
OK,53,62,879,53,2014-08-03T06:10:00,1,20980760,180681
OK,76,43,879,76,2014-08-03T06:15:00,2,20981209,180681
OK,50,66,879,50,2014-08-03T06:20:00,3,20981658,180681
OK,47,70,879,47,2014-08-03T06:25:00,3,20982107,180681
OK,45,73,879,45,2014-08-03T06:30:00,2,20982556,180681
OK,77,43,879,77,2014-08-03T06:35:00,3,20983005,180681
OK,62,53,879,62,2014-08-03T06:40:00,4,20983454,180681
OK,44,75,879,44,2014-08-03T06:45:00,2,20983903,180681
OK,41,80,879,41,2014-08-03T06:50:00,0,20984352,180681
OK,41,80,879,41,2014-08-03T06:55:00,3,20984801,180681
OK,43,77,879,43,2014-08-03T07:00:00,2,20985250,180681
OK,43,77,879,43,2014-08-03T07:05:00,4,20985699,180681
OK,60,55,879,60,2014-08-03T07:10:00,2,20986148,180681
OK,65,50,879,65,2014-08-03T07:15:00,2,20986597,180681
OK,48,69,879,48,2014-08-03T07:20:00,6,20987046,180681
OK,48,69,879,48,2014-08-03T07:25:00,6,20987495,180681
OK,61,54,879,61,2014-08-03T07:30:00,2,20987944,180681
OK,51,64,879,51,2014-08-03T07:35:00,5,20988393,180681
OK,51,64,879,51,2014-08-03T07:40:00,9,20988842,180681
OK,82,40,879,82,2014-08-03T07:45:00,6,20989291,180681
OK,57,58,879,57,2014-08-03T07:50:00,9,20989740,180681
OK,48,69,879,48,2014-08-03T07:55:00,5,20990189,180681
OK,50,66,879,50,2014-08-03T08:00:00,2,20990638,180681
OK,44,75,879,44,2014-08-03T08:05:00,6,20991087,180681
OK,46,72,879,46,2014-08-03T08:10:00,7,20991536,180681
OK,48,69,879,48,2014-08-03T08:15:00,6,20991985,180681
OK,65,50,879,65,2014-08-03T08:20:00,9,20992434,180681
OK,55,60,879,55,2014-08-03T08:25:00,12,20992883,180681
OK,55,60,879,55,2014-08-03T08:30:00,10,20993332,180681
OK,69,48,879,69,2014-08-03T08:35:00,7,20993781,180681
OK,64,51,879,64,2014-08-03T08:40:00,4,20994230,180681
OK,41,80,879,41,2014-08-03T08:45:00,6,20994679,180681
OK,82,40,879,82,2014-08-03T08:50:00,4,20995128,180681
OK,58,57,879,58,2014-08-03T08:55:00,6,20995577,180681
OK,50,66,879,50,2014-08-03T09:00:00,9,20996026,180681
OK,51,64,879,51,2014-08-03T09:05:00,10,20996474,180681
OK,53,62,879,53,2014-08-03T09:10:00,5,20996923,180681
OK,63,52,879,63,2014-08-03T09:15:00,7,20997372,180681
OK,63,52,879,63,2014-08-03T09:20:00,10,20997821,180681
OK,54,61,879,54,2014-08-03T09:25:00,12,20998270,180681
OK,54,61,879,54,2014-08-03T09:30:00,12,20998719,180681
OK,54,61,879,54,2014-08-03T09:35:00,8,20999168,180681
OK,54,61,879,54,2014-08-03T09:40:00,10,20999617,180681
OK,60,55,879,60,2014-08-03T09:45:00,11,21000066,180681
OK,69,48,879,69,2014-08-03T09:50:00,10,21000515,180681
OK,79,41,879,79,2014-08-03T09:55:00,5,21000964,180681
OK,55,60,879,55,2014-08-03T10:00:00,5,21001413,180681
OK,45,73,879,45,2014-08-03T10:05:00,5,21001862,180681
OK,67,49,879,67,2014-08-03T10:10:00,9,21002311,180681
OK,66,50,879,66,2014-08-03T10:15:00,10,21002760,180681
OK,64,51,879,64,2014-08-03T10:20:00,9,21003209,180681
OK,51,64,879,51,2014-08-03T10:25:00,9,21003658,180681
OK,45,73,879,45,2014-08-03T10:30:00,8,21004107,180681
OK,62,53,879,62,2014-08-03T10:35:00,7,21004556,180681
OK,63,52,879,63,2014-08-03T10:40:00,6,21005005,180681
OK,72,46,879,72,2014-08-03T10:45:00,12,21005454,180681
OK,69,48,879,69,2014-08-03T10:50:00,12,21005903,180681
OK,50,66,879,50,2014-08-03T10:55:00,9,21006352,180681
OK,92,36,879,92,2014-08-03T11:00:00,8,21006801,180681
OK,63,52,879,63,2014-08-03T11:05:00,12,21007250,180681
OK,67,49,879,67,2014-08-03T11:10:00,15,21007699,180681
OK,69,48,879,69,2014-08-03T11:15:00,7,21008148,180681
OK,66,50,879,66,2014-08-03T11:20:00,12,21008597,180681
OK,52,63,879,52,2014-08-03T11:25:00,13,21009046,180681
OK,76,43,879,76,2014-08-03T11:30:00,9,21009494,180681
OK,48,69,879,48,2014-08-03T11:35:00,13,21009943,180681
OK,56,59,879,56,2014-08-03T11:40:00,15,21010392,180681
OK,81,40,879,81,2014-08-03T11:45:00,22,21010841,180681
OK,76,43,879,76,2014-08-03T11:50:00,14,21011290,180681
OK,55,60,879,55,2014-08-03T11:55:00,17,21011739,180681
OK,59,56,879,59,2014-08-03T12:00:00,17,21012188,180681
OK,66,50,879,66,2014-08-03T12:05:00,10,21012637,180681
OK,68,48,879,68,2014-08-03T12:10:00,9,21013086,180681
OK,66,50,879,66,2014-08-03T12:15:00,12,21013535,180681
OK,64,51,879,64,2014-08-03T12:20:00,11,21013984,180681
OK,45,73,879,45,2014-08-03T12:25:00,7,21014433,180681
OK,65,50,879,65,2014-08-03T12:30:00,12,21014882,180681
OK,64,51,879,64,2014-08-03T12:35:00,13,21015331,180681
OK,45,73,879,45,2014-08-03T12:40:00,10,21015780,180681
OK,52,63,879,52,2014-08-03T12:45:00,11,21016229,180681
OK,63,52,879,63,2014-08-03T12:50:00,7,21016678,180681
OK,59,56,879,59,2014-08-03T12:55:00,11,21017127,180681
OK,59,56,879,59,2014-08-03T13:00:00,15,21017576,180681
OK,48,69,879,48,2014-08-03T13:05:00,7,21018025,180681
OK,48,69,879,48,2014-08-03T13:10:00,5,21018474,180681
OK,64,51,879,64,2014-08-03T13:15:00,6,21018923,180681
OK,67,49,879,67,2014-08-03T13:20:00,8,21019372,180681
OK,57,58,879,57,2014-08-03T13:25:00,11,21019821,180681
OK,51,64,879,51,2014-08-03T13:30:00,15,21020270,180681
OK,46,72,879,46,2014-08-03T13:35:00,14,21020719,180681
OK,63,52,879,63,2014-08-03T13:40:00,9,21021168,180681
OK,54,61,879,54,2014-08-03T13:45:00,8,21021617,180681
OK,55,60,879,55,2014-08-03T13:50:00,9,21022066,180681
OK,90,36,879,90,2014-08-03T13:55:00,5,21022515,180681
OK,71,46,879,71,2014-08-03T14:00:00,9,21022964,180681
OK,84,39,879,84,2014-08-03T14:05:00,10,21023413,180681
OK,67,49,879,67,2014-08-03T14:10:00,10,21023862,180681
OK,58,57,879,58,2014-08-03T14:15:00,10,21024311,180681
OK,44,75,879,44,2014-08-03T14:20:00,6,21024760,180681
OK,44,75,879,44,2014-08-03T14:25:00,7,21025209,180681
OK,45,73,879,45,2014-08-03T14:30:00,6,21025658,180681
OK,49,67,879,49,2014-08-03T14:35:00,6,21026107,180681
OK,47,70,879,47,2014-08-03T14:40:00,8,21026556,180681
OK,44,75,879,44,2014-08-03T14:45:00,7,21027005,180681
OK,50,66,879,50,2014-08-03T14:50:00,7,21027454,180681
OK,55,60,879,55,2014-08-03T14:55:00,4,21027903,180681
OK,49,67,879,49,2014-08-03T15:00:00,3,21028352,180681
OK,50,66,879,50,2014-08-03T15:05:00,5,21028801,180681
OK,50,66,879,50,2014-08-03T15:10:00,7,21029250,180681
OK,50,66,879,50,2014-08-03T15:15:00,11,21029699,180681
OK,58,57,879,58,2014-08-03T15:20:00,13,21030148,180681
OK,77,43,879,77,2014-08-03T15:25:00,5,21030597,180681
OK,46,72,879,46,2014-08-03T15:30:00,6,21031046,180681
OK,49,67,879,49,2014-08-03T15:35:00,5,21031495,180681
OK,73,45,879,73,2014-08-03T15:40:00,12,21031944,180681
OK,73,45,879,73,2014-08-03T15:45:00,14,21032393,180681
OK,68,48,879,68,2014-08-03T15:50:00,10,21032842,180681
OK,64,51,879,64,2014-08-03T15:55:00,8,21033291,180681
OK,50,66,879,50,2014-08-03T16:00:00,5,21033740,180681
OK,51,64,879,51,2014-08-03T16:05:00,4,21034189,180681
OK,59,56,879,59,2014-08-03T16:10:00,2,21034638,180681
OK,50,66,879,50,2014-08-03T16:15:00,7,21035087,180681
OK,54,61,879,54,2014-08-03T16:20:00,9,21035536,180681
OK,52,63,879,52,2014-08-03T16:25:00,10,21035985,180681
OK,62,53,879,62,2014-08-03T16:30:00,4,21036434,180681
OK,46,72,879,46,2014-08-03T16:35:00,7,21036883,180681
OK,46,72,879,46,2014-08-03T16:40:00,6,21037332,180681
OK,44,75,879,44,2014-08-03T16:45:00,6,21037781,180681
OK,44,75,879,44,2014-08-03T16:50:00,6,21038230,180681
OK,48,69,879,48,2014-08-03T16:55:00,5,21038679,180681
OK,50,66,879,50,2014-08-03T17:00:00,5,21039128,180681
OK,50,66,879,50,2014-08-03T17:05:00,7,21039577,180681
OK,69,48,879,69,2014-08-03T17:10:00,3,21040026,180681
OK,44,75,879,44,2014-08-03T17:15:00,0,21040475,180681
OK,50,66,879,50,2014-08-03T17:20:00,7,21040924,180681
OK,50,66,879,50,2014-08-03T17:25:00,7,21041372,180681
OK,77,43,879,77,2014-08-03T17:30:00,7,21041821,180681
OK,63,52,879,63,2014-08-03T17:35:00,11,21042270,180681
OK,43,77,879,43,2014-08-03T17:40:00,11,21042719,180681
OK,41,80,879,41,2014-08-03T17:45:00,4,21043168,180681
OK,52,63,879,52,2014-08-03T17:50:00,2,21043617,180681
OK,65,50,879,65,2014-08-03T17:55:00,9,21044066,180681
OK,58,57,879,58,2014-08-03T18:00:00,10,21044515,180681
OK,47,70,879,47,2014-08-03T18:05:00,3,21044964,180681
OK,48,69,879,48,2014-08-03T18:10:00,5,21045413,180681
OK,48,69,879,48,2014-08-03T18:15:00,7,21045862,180681
OK,56,59,879,56,2014-08-03T18:20:00,4,21046311,180681
OK,53,62,879,53,2014-08-03T18:25:00,3,21046760,180681
OK,36,92,879,36,2014-08-03T18:30:00,2,21047209,180681
OK,96,34,879,96,2014-08-03T18:35:00,1,21047658,180681
OK,40,82,879,40,2014-08-03T18:40:00,5,21048107,180681
OK,40,82,879,40,2014-08-03T18:45:00,3,21048556,180681
OK,63,52,879,63,2014-08-03T18:50:00,2,21049005,180681
OK,62,53,879,62,2014-08-03T18:55:00,4,21049454,180681
OK,40,82,879,40,2014-08-03T19:00:00,2,21049903,180681
OK,41,80,879,41,2014-08-03T19:05:00,3,21050352,180681
OK,70,47,879,70,2014-08-03T19:10:00,4,21050801,180681
OK,56,59,879,56,2014-08-03T19:15:00,1,21051250,180681
OK,93,35,879,93,2014-08-03T19:20:00,2,21051699,180681
OK,93,35,879,93,2014-08-03T19:25:00,3,21052148,180681
OK,58,57,879,58,2014-08-03T19:30:00,4,21052597,180681
OK,46,72,879,46,2014-08-03T19:35:00,5,21053046,180681
OK,44,75,879,44,2014-08-03T19:40:00,2,21053495,180681
OK,73,45,879,73,2014-08-03T19:45:00,1,21053944,180681
OK,44,75,879,44,2014-08-03T19:50:00,3,21054393,180681
OK,56,59,879,56,2014-08-03T19:55:00,4,21054842,180681
OK,39,84,879,39,2014-08-03T20:00:00,1,21055291,180681
OK,47,70,879,47,2014-08-03T20:05:00,2,21055740,180681
OK,57,58,879,57,2014-08-03T20:10:00,2,21056189,180681
OK,66,50,879,66,2014-08-03T20:15:00,1,21056638,180681
OK,66,50,879,66,2014-08-03T20:20:00,0,21057087,180681
OK,48,69,879,48,2014-08-03T20:25:00,4,21057536,180681
OK,56,59,879,56,2014-08-03T20:30:00,6,21057985,180681
OK,64,51,879,64,2014-08-03T20:35:00,1,21058434,180681
OK,54,61,879,54,2014-08-03T20:40:00,4,21058883,180681
OK,49,67,879,49,2014-08-03T20:45:00,7,21059332,180681
OK,47,70,879,47,2014-08-03T20:50:00,3,21059781,180681
OK,91,36,879,91,2014-08-03T20:55:00,1,21060230,180681
OK,55,60,879,55,2014-08-03T21:00:00,4,21060679,180681
OK,44,75,879,44,2014-08-03T21:05:00,3,21061128,180681
OK,46,72,879,46,2014-08-03T21:10:00,2,21061577,180681
OK,58,57,879,58,2014-08-03T21:15:00,2,21062026,180681
OK,48,69,879,48,2014-08-03T21:20:00,1,21062475,180681
OK,80,41,879,80,2014-08-03T21:25:00,1,21062924,180681
OK,71,46,879,71,2014-08-03T21:30:00,4,21063373,180681
OK,62,53,879,62,2014-08-03T21:35:00,5,21063822,180681
OK,47,70,879,47,2014-08-03T21:40:00,0,21064271,180681
OK,46,72,879,46,2014-08-03T21:45:00,1,21064720,180681
OK,44,75,879,44,2014-08-03T21:50:00,2,21065169,180681
OK,39,84,879,39,2014-08-03T21:55:00,3,21065618,180681
OK,39,84,879,39,2014-08-03T22:00:00,0,21066067,180681
OK,39,84,879,39,2014-08-03T22:05:00,0,21066516,180681
OK,39,84,879,39,2014-08-03T22:10:00,0,21066965,180681
OK,39,84,879,39,2014-08-03T22:15:00,0,21067414,180681
OK,76,43,879,76,2014-08-03T22:20:00,3,21067863,180681
OK,83,39,879,83,2014-08-03T22:25:00,1,21068312,180681
OK,83,39,879,83,2014-08-03T22:30:00,0,21068761,180681
OK,42,78,879,42,2014-08-03T22:35:00,1,21069210,180681
OK,45,73,879,45,2014-08-03T22:40:00,3,21069659,180681
OK,58,57,879,58,2014-08-03T22:45:00,2,21070108,180681
OK,44,75,879,44,2014-08-03T22:50:00,1,21070557,180681
OK,45,73,879,45,2014-08-03T22:55:00,1,21071006,180681
OK,45,73,879,45,2014-08-03T23:00:00,1,21071455,180681
OK,77,43,879,77,2014-08-03T23:05:00,1,21071904,180681
OK,77,43,879,77,2014-08-03T23:10:00,1,21072353,180681
OK,52,63,879,52,2014-08-03T23:15:00,1,21072802,180681
OK,59,56,879,59,2014-08-03T23:20:00,2,21073251,180681
OK,66,50,879,66,2014-08-03T23:25:00,0,21073700,180681
OK,66,50,879,66,2014-08-03T23:30:00,0,21074149,180681
OK,66,50,879,66,2014-08-03T23:35:00,0,21074598,180681
OK,66,50,879,66,2014-08-03T23:40:00,0,21075047,180681
OK,47,70,879,47,2014-08-03T23:45:00,1,21075496,180681
OK,47,70,879,47,2014-08-03T23:50:00,1,21075945,180681
OK,47,70,879,47,2014-08-03T23:55:00,0,21076394,180681
OK,47,70,879,47,2014-08-04T00:00:00,0,21076843,180681
OK,43,77,879,43,2014-08-04T00:10:00,1,21077292,180681
OK,43,77,879,43,2014-08-04T00:15:00,0,21077741,180681
OK,43,77,879,43,2014-08-04T00:20:00,0,21078190,180681
OK,43,77,879,43,2014-08-04T00:25:00,0,21078639,180681
OK,43,77,879,43,2014-08-04T00:30:00,0,21079088,180681
OK,43,77,879,43,2014-08-04T00:35:00,0,21079537,180681
OK,43,77,879,43,2014-08-04T00:40:00,0,21079986,180681
OK,56,59,879,56,2014-08-04T00:45:00,1,21080435,180681
OK,56,59,879,56,2014-08-04T00:50:00,0,21080884,180681
OK,56,59,879,56,2014-08-04T00:55:00,0,21081333,180681
OK,56,59,879,56,2014-08-04T01:00:00,0,21081782,180681
OK,56,59,879,56,2014-08-04T01:05:00,0,21082231,180681
OK,56,59,879,56,2014-08-04T01:10:00,0,21082680,180681
OK,56,59,879,56,2014-08-04T01:15:00,0,21083129,180681
OK,56,59,879,56,2014-08-04T01:20:00,0,21083578,180681
OK,56,59,879,56,2014-08-04T01:25:00,0,21084027,180681
OK,56,59,879,56,2014-08-04T01:30:00,0,21084476,180681
OK,56,59,879,56,2014-08-04T01:35:00,0,21084925,180681
OK,56,59,879,56,2014-08-04T01:40:00,0,21085374,180681
OK,56,59,879,56,2014-08-04T01:45:00,0,21085823,180681
OK,68,48,879,68,2014-08-04T01:50:00,1,21086272,180681
OK,68,48,879,68,2014-08-04T01:55:00,0,21086721,180681
OK,68,48,879,68,2014-08-04T02:00:00,0,21087170,180681
OK,88,37,879,88,2014-08-04T02:05:00,1,21087619,180681
OK,66,50,879,66,2014-08-04T02:10:00,2,21088068,180681
OK,45,73,879,45,2014-08-04T02:15:00,0,21088517,180681
OK,45,73,879,45,2014-08-04T02:20:00,0,21088966,180681
OK,45,73,879,45,2014-08-04T02:25:00,0,21089415,180681
OK,45,73,879,45,2014-08-04T02:30:00,0,21089864,180681
OK,45,73,879,45,2014-08-04T02:35:00,0,21090313,180681
OK,41,80,879,41,2014-08-04T02:40:00,1,21090762,180681
OK,41,80,879,41,2014-08-04T02:45:00,1,21091211,180681
OK,58,57,879,58,2014-08-04T02:50:00,2,21091660,180681
OK,67,49,879,67,2014-08-04T02:55:00,1,21092109,180681
OK,53,62,879,53,2014-08-04T03:00:00,2,21092558,180681
OK,40,82,879,40,2014-08-04T03:05:00,0,21093007,180681
OK,60,55,879,60,2014-08-04T03:10:00,2,21093456,180681
OK,60,55,879,60,2014-08-04T03:15:00,3,21093905,180681
OK,47,70,879,47,2014-08-04T03:20:00,2,21094354,180681
OK,53,62,879,53,2014-08-04T03:25:00,2,21094803,180681
OK,53,62,879,53,2014-08-04T03:30:00,6,21095252,180681
OK,55,60,879,55,2014-08-04T03:35:00,7,21095701,180681
OK,66,50,879,66,2014-08-04T03:40:00,3,21096150,180681
OK,112,29,879,112,2014-08-04T03:45:00,1,21096599,180681
OK,54,61,879,54,2014-08-04T03:50:00,3,21097048,180681
OK,45,73,879,45,2014-08-04T03:55:00,2,21097497,180681
OK,37,89,879,37,2014-08-04T04:00:00,0,21097946,180681
OK,79,41,879,79,2014-08-04T04:05:00,3,21098395,180681
OK,56,59,879,56,2014-08-04T04:10:00,7,21098844,180681
OK,78,42,879,78,2014-08-04T04:15:00,5,21099293,180681
OK,63,52,879,63,2014-08-04T04:20:00,5,21099742,180681
OK,90,36,879,90,2014-08-04T04:25:00,3,21100191,180681
OK,57,58,879,57,2014-08-04T04:30:00,7,21100640,180681
OK,57,58,879,57,2014-08-04T04:35:00,11,21101089,180681
OK,59,56,879,59,2014-08-04T04:40:00,12,21101538,180681
OK,54,61,879,54,2014-08-04T04:45:00,16,21101987,180681
OK,54,61,879,54,2014-08-04T04:50:00,19,21102436,180681
OK,65,50,879,65,2014-08-04T04:55:00,26,21102885,180681
OK,66,50,879,66,2014-08-04T05:00:00,26,21103334,180681
OK,67,49,879,67,2014-08-04T05:05:00,15,21103783,180681
OK,60,55,879,60,2014-08-04T05:10:00,19,21104232,180681
OK,64,51,879,64,2014-08-04T05:15:00,23,21104681,180681
OK,68,48,879,68,2014-08-04T05:20:00,19,21105130,180681
OK,70,47,879,70,2014-08-04T05:25:00,26,21105579,180681
OK,66,50,879,66,2014-08-04T05:30:00,31,21106028,180681
OK,65,50,879,65,2014-08-04T05:35:00,24,21106477,180681
OK,65,50,879,65,2014-08-04T05:40:00,28,21106926,180681
OK,73,45,879,73,2014-08-04T05:45:00,31,21107375,180681
OK,71,46,879,71,2014-08-04T05:50:00,24,21107824,180681
OK,71,46,879,71,2014-08-04T05:55:00,21,21108273,180681
OK,70,47,879,70,2014-08-04T06:00:00,23,21108722,180681
OK,66,50,879,66,2014-08-04T06:05:00,22,21109171,180681
OK,71,46,879,71,2014-08-04T06:10:00,22,21109620,180681
OK,71,46,879,71,2014-08-04T06:15:00,20,21110069,180681
OK,72,46,879,72,2014-08-04T06:20:00,19,21110518,180681
OK,74,44,879,74,2014-08-04T06:25:00,27,21110967,180681
OK,76,43,879,76,2014-08-04T06:30:00,26,21111416,180681
OK,70,47,879,70,2014-08-04T06:35:00,22,21111865,180681
OK,56,59,879,56,2014-08-04T06:40:00,10,21112314,180681
OK,68,48,879,68,2014-08-04T06:45:00,2,21112763,180681
OK,67,49,879,67,2014-08-04T06:50:00,15,21113212,180681
OK,67,49,879,67,2014-08-04T06:55:00,23,21113661,180681
OK,68,48,879,68,2014-08-04T07:00:00,23,21114110,180681
OK,61,54,879,61,2014-08-04T07:05:00,11,21114559,180681
OK,54,61,879,54,2014-08-04T07:10:00,21,21115008,180681
OK,59,56,879,59,2014-08-04T07:15:00,19,21115457,180681
OK,53,62,879,53,2014-08-04T07:20:00,13,21115906,180681
OK,50,66,879,50,2014-08-04T07:25:00,21,21116355,180681
OK,54,61,879,54,2014-08-04T07:30:00,24,21116803,180681
OK,65,50,879,65,2014-08-04T07:35:00,19,21117252,180681
OK,76,43,879,76,2014-08-04T07:40:00,15,21117701,180681
OK,64,51,879,64,2014-08-04T07:45:00,12,21118150,180681
OK,51,64,879,51,2014-08-04T07:50:00,16,21118599,180681
OK,54,61,879,54,2014-08-04T07:55:00,20,21119048,180681
OK,72,46,879,72,2014-08-04T08:00:00,13,21119497,180681
OK,72,46,879,72,2014-08-04T08:05:00,12,21119946,180681
OK,65,50,879,65,2014-08-04T08:10:00,19,21120395,180681
OK,59,56,879,59,2014-08-04T08:15:00,22,21120844,180681
OK,57,58,879,57,2014-08-04T08:20:00,22,21121293,180681
OK,57,58,879,57,2014-08-04T08:25:00,29,21121742,180681
OK,61,54,879,61,2014-08-04T08:30:00,19,21122191,180681
OK,58,57,879,58,2014-08-04T08:35:00,11,21122640,180681
OK,60,55,879,60,2014-08-04T08:40:00,15,21123089,180681
OK,72,46,879,72,2014-08-04T08:45:00,26,21123538,180681
OK,72,46,879,72,2014-08-04T08:50:00,28,21123987,180681
OK,57,58,879,57,2014-08-04T08:55:00,16,21124436,180681
OK,55,60,879,55,2014-08-04T09:00:00,6,21124885,180681
OK,61,54,879,61,2014-08-04T09:05:00,9,21125334,180681
OK,61,54,879,61,2014-08-04T09:10:00,18,21125783,180681
OK,70,47,879,70,2014-08-04T09:15:00,23,21126232,180681
OK,74,44,879,74,2014-08-04T09:20:00,16,21126681,180681
OK,74,44,879,74,2014-08-04T09:25:00,27,21127130,180681
OK,78,42,879,78,2014-08-04T09:30:00,21,21127579,180681
OK,49,67,879,49,2014-08-04T09:35:00,6,21128028,180681
OK,65,50,879,65,2014-08-04T09:40:00,11,21128477,180681
OK,60,55,879,60,2014-08-04T09:45:00,12,21128926,180681
OK,59,56,879,59,2014-08-04T09:50:00,11,21129375,180681
OK,65,50,879,65,2014-08-04T09:55:00,12,21129824,180681
OK,73,45,879,73,2014-08-04T10:00:00,15,21130273,180681
OK,72,46,879,72,2014-08-04T10:05:00,18,21130722,180681
OK,74,44,879,74,2014-08-04T10:10:00,15,21131171,180681
OK,79,41,879,79,2014-08-04T10:15:00,16,21131620,180681
OK,63,52,879,63,2014-08-04T10:20:00,23,21132069,180681
OK,62,53,879,62,2014-08-04T10:25:00,27,21132518,180681
OK,67,49,879,67,2014-08-04T10:30:00,23,21132967,180681
OK,71,46,879,71,2014-08-04T10:35:00,19,21133416,180681
OK,69,48,879,69,2014-08-04T10:40:00,16,21133865,180681
OK,67,49,879,67,2014-08-04T10:45:00,24,21134314,180681
OK,68,48,879,68,2014-08-04T10:50:00,25,21134763,180681
OK,68,48,879,68,2014-08-04T10:55:00,17,21135212,180681
OK,61,54,879,61,2014-08-04T11:00:00,16,21135661,180681
OK,52,63,879,52,2014-08-04T11:05:00,19,21136110,180681
OK,62,53,879,62,2014-08-04T11:10:00,18,21136559,180681
OK,69,48,879,69,2014-08-04T11:15:00,21,21137008,180681
OK,57,58,879,57,2014-08-04T11:20:00,17,21137457,180681
OK,57,58,879,57,2014-08-04T11:25:00,13,21137906,180681
OK,59,56,879,59,2014-08-04T11:30:00,26,21138355,180681
OK,66,50,879,66,2014-08-04T11:35:00,33,21138804,180681
OK,63,52,879,63,2014-08-04T11:40:00,22,21139253,180681
OK,56,59,879,56,2014-08-04T11:45:00,10,21139702,180681
OK,69,48,879,69,2014-08-04T11:50:00,8,21140151,180681
OK,61,54,879,61,2014-08-04T11:55:00,15,21140600,180681
OK,54,61,879,54,2014-08-04T12:00:00,18,21141049,180681
OK,54,61,879,54,2014-08-04T12:05:00,13,21141498,180681
OK,65,50,879,65,2014-08-04T12:10:00,22,21141947,180681
OK,73,45,879,73,2014-08-04T12:15:00,26,21142396,180681
OK,72,46,879,72,2014-08-04T12:20:00,29,21142845,180681
OK,77,43,879,77,2014-08-04T12:25:00,25,21143294,180681
OK,73,45,879,73,2014-08-04T12:30:00,18,21143743,180681
OK,67,49,879,67,2014-08-04T12:35:00,18,21144192,180681
OK,57,58,879,57,2014-08-04T12:40:00,16,21144641,180681
OK,66,50,879,66,2014-08-04T12:45:00,20,21145090,180681
OK,81,40,879,81,2014-08-04T12:50:00,24,21145539,180681
OK,78,42,879,78,2014-08-04T12:55:00,20,21145988,180681
OK,66,50,879,66,2014-08-04T13:00:00,16,21146437,180681
OK,60,55,879,60,2014-08-04T13:05:00,24,21146886,180681
OK,57,58,879,57,2014-08-04T13:10:00,26,21147335,180681
OK,64,51,879,64,2014-08-04T13:15:00,23,21147784,180681
OK,69,48,879,69,2014-08-04T13:20:00,23,21148233,180681
OK,78,42,879,78,2014-08-04T13:25:00,26,21148682,180681
OK,77,43,879,77,2014-08-04T13:30:00,25,21149131,180681
OK,66,50,879,66,2014-08-04T13:35:00,19,21149580,180681
OK,66,50,879,66,2014-08-04T13:40:00,18,21150029,180681
OK,73,45,879,73,2014-08-04T13:45:00,12,21150478,180681
OK,74,44,879,74,2014-08-04T13:50:00,13,21150927,180681
OK,70,47,879,70,2014-08-04T13:55:00,24,21151376,180681
OK,63,52,879,63,2014-08-04T14:00:00,22,21151825,180681
OK,62,53,879,62,2014-08-04T14:05:00,15,21152274,180681
OK,92,36,879,92,2014-08-04T14:10:00,18,21152723,180681
OK,74,44,879,74,2014-08-04T14:15:00,29,21153172,180681
OK,67,49,879,67,2014-08-04T14:20:00,31,21153621,180681
OK,75,44,879,75,2014-08-04T14:25:00,24,21154070,180681
OK,85,38,879,85,2014-08-04T14:30:00,25,21154519,180681
OK,80,41,879,80,2014-08-04T14:35:00,28,21154968,180681
OK,77,43,879,77,2014-08-04T14:40:00,21,21155417,180681
OK,56,59,879,56,2014-08-04T14:45:00,9,21155866,180681
OK,65,50,879,65,2014-08-04T14:50:00,13,21156315,180681
OK,68,48,879,68,2014-08-04T14:55:00,18,21156764,180681
OK,71,46,879,71,2014-08-04T15:00:00,16,21157213,180681
OK,75,44,879,75,2014-08-04T15:05:00,11,21157662,180681
OK,77,43,879,77,2014-08-04T15:10:00,11,21158111,180681
OK,67,49,879,67,2014-08-04T15:15:00,11,21158560,180681
OK,72,46,879,72,2014-08-04T15:20:00,8,21159009,180681
OK,71,46,879,71,2014-08-04T15:25:00,5,21159458,180681
OK,61,54,879,61,2014-08-04T15:30:00,5,21159907,180681
OK,71,46,879,71,2014-08-04T15:35:00,10,21160356,180681
OK,89,37,879,89,2014-08-04T15:40:00,13,21160805,180681
OK,67,49,879,67,2014-08-04T15:45:00,10,21161254,180681
OK,62,53,879,62,2014-08-04T15:50:00,14,21161703,180681
OK,63,52,879,63,2014-08-04T15:55:00,12,21162152,180681
OK,69,48,879,69,2014-08-04T16:00:00,6,21162601,180681
OK,64,51,879,64,2014-08-04T16:05:00,7,21163050,180681
OK,67,49,879,67,2014-08-04T16:10:00,9,21163499,180681
OK,67,49,879,67,2014-08-04T16:15:00,11,21163948,180681
OK,53,62,879,53,2014-08-04T16:20:00,16,21164397,180681
OK,54,61,879,54,2014-08-04T16:25:00,10,21164846,180681
OK,79,41,879,79,2014-08-04T16:30:00,5,21165295,180681
OK,54,61,879,54,2014-08-04T16:35:00,6,21165744,180681
OK,51,64,879,51,2014-08-04T16:40:00,7,21166193,180681
OK,45,73,879,45,2014-08-04T16:45:00,6,21166642,180681
OK,50,66,879,50,2014-08-04T16:50:00,5,21167091,180681
OK,51,64,879,51,2014-08-04T16:55:00,5,21167540,180681
OK,55,60,879,55,2014-08-04T17:00:00,6,21167989,180681
OK,58,57,879,58,2014-08-04T17:05:00,5,21168438,180681
OK,52,63,879,52,2014-08-04T17:10:00,6,21168887,180681
OK,71,46,879,71,2014-08-04T17:15:00,4,21169336,180681
OK,88,37,879,88,2014-08-04T17:20:00,3,21169785,180681
OK,56,59,879,56,2014-08-04T17:25:00,4,21170234,180681
OK,56,59,879,56,2014-08-04T17:30:00,2,21170683,180681
OK,62,53,879,62,2014-08-04T17:35:00,1,21171132,180681
OK,55,60,879,55,2014-08-04T17:40:00,3,21171581,180681
OK,57,58,879,57,2014-08-04T17:45:00,6,21172030,180681
OK,59,56,879,59,2014-08-04T17:50:00,4,21172479,180681
OK,70,47,879,70,2014-08-04T17:55:00,3,21172928,180681
OK,61,54,879,61,2014-08-04T18:00:00,5,21173377,180681
OK,62,53,879,62,2014-08-04T18:05:00,7,21173826,180681
OK,47,70,879,47,2014-08-04T18:10:00,7,21174275,180681
OK,47,70,879,47,2014-08-04T18:15:00,5,21174724,180681
OK,72,46,879,72,2014-08-04T18:20:00,4,21175173,180681
OK,72,46,879,72,2014-08-04T18:25:00,7,21175622,180681
OK,69,48,879,69,2014-08-04T18:30:00,5,21176071,180681
OK,43,77,879,43,2014-08-04T18:35:00,5,21176520,180681
OK,44,75,879,44,2014-08-04T18:40:00,7,21176969,180681
OK,61,54,879,61,2014-08-04T18:45:00,3,21177418,180681
OK,61,54,879,61,2014-08-04T18:50:00,2,21177867,180681
OK,54,61,879,54,2014-08-04T18:55:00,3,21178316,180681
OK,54,61,879,54,2014-08-04T19:00:00,8,21178765,180681
OK,54,61,879,54,2014-08-04T19:05:00,7,21179214,180681
OK,48,69,879,48,2014-08-04T19:10:00,3,21179663,180681
OK,48,69,879,48,2014-08-04T19:15:00,3,21180112,180681
OK,47,70,879,47,2014-08-04T19:20:00,5,21180561,180681
OK,47,70,879,47,2014-08-04T19:25:00,5,21181010,180681
OK,58,57,879,58,2014-08-04T19:30:00,2,21181459,180681
OK,66,50,879,66,2014-08-04T19:35:00,1,21181908,180681
OK,47,70,879,47,2014-08-04T19:40:00,6,21182357,180681
OK,42,78,879,42,2014-08-04T19:45:00,5,21182806,180681
OK,39,84,879,39,2014-08-04T19:50:00,3,21183255,180681
OK,68,48,879,68,2014-08-04T19:55:00,3,21183704,180681
OK,81,40,879,81,2014-08-04T22:00:00,0,21189908,180681
OK,54,61,879,54,2014-08-04T22:05:00,1,21190357,180681
OK,62,53,879,62,2014-08-04T22:10:00,2,21190806,180681
OK,71,46,879,71,2014-08-04T22:15:00,1,21191255,180681
OK,71,46,879,71,2014-08-04T22:20:00,0,21191704,180681
OK,65,50,879,65,2014-08-04T22:25:00,2,21192153,180681
OK,69,48,879,69,2014-08-04T22:30:00,3,21192602,180681
OK,77,43,879,77,2014-08-04T22:35:00,2,21193051,180681
OK,77,43,879,77,2014-08-04T22:40:00,0,21193500,180681
OK,77,43,879,77,2014-08-04T22:45:00,0,21193949,180681
OK,77,43,879,77,2014-08-04T22:50:00,0,21194398,180681
OK,46,72,879,46,2014-08-04T22:55:00,0,21194847,180681
OK,58,57,879,58,2014-08-04T23:00:00,1,21195296,180681
OK,57,58,879,57,2014-08-04T23:10:00,0,21195986,180681
OK,57,58,879,57,2014-08-04T23:15:00,0,21196435,180681
OK,57,58,879,57,2014-08-04T23:20:00,0,21196884,180681
OK,36,92,879,36,2014-08-04T23:25:00,1,21197333,180681
OK,52,63,879,52,2014-08-04T23:30:00,1,21197782,180681
OK,52,63,879,52,2014-08-04T23:35:00,0,21198231,180681
OK,52,63,879,52,2014-08-04T23:40:00,0,21198680,180681
OK,41,80,879,41,2014-08-04T23:45:00,1,21199129,180681
OK,41,80,879,41,2014-08-04T23:50:00,1,21199578,180681
OK,56,59,879,56,2014-08-04T23:55:00,0,21200027,180681
OK,56,59,879,56,2014-08-05T00:00:00,0,21200476,180681
OK,56,59,879,56,2014-08-05T00:15:00,0,21201309,180681
OK,56,59,879,56,2014-08-05T00:20:00,0,21201758,180681
OK,56,59,879,56,2014-08-05T00:25:00,0,21202207,180681
OK,56,59,879,56,2014-08-05T00:30:00,0,21202656,180681
OK,56,59,879,56,2014-08-05T00:35:00,0,21203105,180681
OK,56,59,879,56,2014-08-05T00:40:00,0,21203554,180681
OK,56,59,879,56,2014-08-05T00:45:00,0,21204003,180681
OK,56,59,879,56,2014-08-05T00:50:00,0,21204452,180681
OK,56,59,879,56,2014-08-05T00:55:00,0,21204901,180681
OK,56,59,879,56,2014-08-05T01:00:00,0,21205350,180681
OK,56,59,879,56,2014-08-05T01:05:00,0,21205799,180681
OK,56,59,879,56,2014-08-05T01:10:00,0,21206248,180681
OK,56,59,879,56,2014-08-05T01:15:00,0,21206697,180681
OK,63,52,879,63,2014-08-05T01:20:00,5,21207146,180681
OK,63,52,879,63,2014-08-05T01:25:00,5,21207595,180681
OK,63,52,879,63,2014-08-05T01:30:00,0,21208044,180681
OK,63,52,879,63,2014-08-05T01:35:00,0,21208493,180681
OK,63,52,879,63,2014-08-05T01:40:00,0,21208942,180681
OK,63,52,879,63,2014-08-05T01:45:00,0,21209391,180681
OK,63,52,879,63,2014-08-05T01:50:00,0,21209840,180681
OK,79,41,879,79,2014-08-05T01:55:00,1,21210289,180681
OK,79,41,879,79,2014-08-05T02:00:00,1,21210738,180681
OK,79,41,879,79,2014-08-05T02:05:00,0,21211187,180681
OK,42,78,879,42,2014-08-05T02:10:00,1,21211636,180681
OK,44,75,879,44,2014-08-05T02:15:00,1,21212085,180681
OK,44,75,879,44,2014-08-05T02:20:00,0,21212534,180681
OK,44,75,879,44,2014-08-05T02:25:00,0,21212983,180681
OK,44,75,879,44,2014-08-05T02:30:00,0,21213432,180681
OK,44,75,879,44,2014-08-05T02:35:00,0,21213881,180681
OK,53,62,879,53,2014-08-05T02:40:00,2,21214330,180681
OK,53,62,879,53,2014-08-05T02:45:00,2,21214779,180681
OK,64,51,879,64,2014-08-05T02:50:00,1,21215228,180681
OK,64,51,879,64,2014-08-05T02:55:00,1,21215677,180681
OK,64,51,879,64,2014-08-05T03:00:00,0,21216126,180681
OK,64,51,879,64,2014-08-05T03:05:00,0,21216575,180681
OK,119,27,879,119,2014-08-05T03:10:00,1,21217024,180681
OK,119,27,879,119,2014-08-05T03:15:00,1,21217473,180681
OK,60,55,879,60,2014-08-05T03:20:00,3,21217922,180681
OK,59,56,879,59,2014-08-05T03:25:00,2,21218371,180681
OK,38,87,879,38,2014-08-05T03:30:00,1,21218820,180681
OK,48,69,879,48,2014-08-05T03:35:00,2,21219269,180681
OK,74,44,879,74,2014-08-05T03:40:00,3,21219718,180681
OK,56,59,879,56,2014-08-05T03:45:00,3,21220167,180681
OK,57,58,879,57,2014-08-05T03:50:00,2,21220616,180681
OK,47,70,879,47,2014-08-05T03:55:00,2,21221065,180681
OK,53,62,879,53,2014-08-05T04:00:00,4,21221514,180681
OK,57,58,879,57,2014-08-05T04:05:00,5,21221963,180681
OK,57,58,879,57,2014-08-05T04:10:00,6,21222412,180681
OK,60,55,879,60,2014-08-05T04:15:00,6,21222861,180681
OK,66,50,879,66,2014-08-05T04:20:00,5,21223310,180681
OK,90,36,879,90,2014-08-05T04:25:00,3,21223759,180681
OK,51,64,879,51,2014-08-05T04:30:00,3,21224208,180681
OK,46,72,879,46,2014-08-05T04:35:00,7,21224657,180681
OK,49,67,879,49,2014-08-05T04:40:00,8,21225106,180681
OK,48,69,879,48,2014-08-05T04:45:00,14,21225555,180681
OK,47,70,879,47,2014-08-05T04:50:00,19,21226004,180681
OK,49,67,879,49,2014-08-05T04:55:00,16,21226453,180681
OK,49,67,879,49,2014-08-05T05:00:00,12,21226902,180681
OK,53,62,879,53,2014-08-05T05:05:00,7,21227351,180681
OK,56,59,879,56,2014-08-05T05:10:00,15,21227800,180681
OK,59,56,879,59,2014-08-05T05:15:00,24,21228249,180681
OK,56,59,879,56,2014-08-05T05:20:00,16,21228698,180681
OK,55,60,879,55,2014-08-05T05:25:00,21,21229147,180681
OK,59,56,879,59,2014-08-05T05:30:00,31,21229596,180681
OK,56,59,879,56,2014-08-05T05:35:00,23,21230045,180681
OK,64,51,879,64,2014-08-05T05:40:00,22,21230494,180681
OK,83,39,879,83,2014-08-05T05:45:00,21,21230943,180681
OK,86,38,879,86,2014-08-05T05:50:00,22,21231392,180681
OK,72,46,879,72,2014-08-05T05:55:00,29,21231841,180681
OK,72,46,879,72,2014-08-05T06:00:00,27,21232290,180681
OK,59,56,879,59,2014-08-05T06:05:00,18,21232739,180681
OK,58,57,879,58,2014-08-05T06:10:00,19,21233188,180681
OK,54,61,879,54,2014-08-05T06:15:00,16,21233637,180681
OK,50,66,879,50,2014-08-05T06:20:00,14,21234086,180681
OK,50,66,879,50,2014-08-05T06:25:00,15,21234535,180681
OK,55,60,879,55,2014-08-05T06:30:00,16,21234984,180681
OK,62,53,879,62,2014-08-05T06:35:00,7,21235433,180681
OK,43,77,879,43,2014-08-05T06:40:00,1,21235882,180681
OK,51,64,879,51,2014-08-05T06:45:00,17,21236331,180681
OK,56,59,879,56,2014-08-05T06:50:00,22,21236780,180681
OK,60,55,879,60,2014-08-05T06:55:00,23,21237229,180681
OK,61,54,879,61,2014-08-05T07:00:00,26,21237678,180681
OK,53,62,879,53,2014-08-05T07:05:00,27,21238127,180681
OK,65,50,879,65,2014-08-05T07:10:00,15,21238576,180681
OK,49,67,879,49,2014-08-05T07:15:00,9,21239025,180681
OK,48,69,879,48,2014-08-05T07:20:00,8,21239474,180681
OK,50,66,879,50,2014-08-05T07:25:00,10,21239923,180681
OK,65,50,879,65,2014-08-05T07:30:00,19,21240372,180681
OK,85,38,879,85,2014-08-05T07:35:00,24,21240821,180681
OK,55,60,879,55,2014-08-05T07:40:00,25,21241270,180681
OK,46,72,879,46,2014-08-05T07:45:00,17,21241719,180681
OK,56,59,879,56,2014-08-05T07:50:00,21,21242168,180681
OK,48,69,879,48,2014-08-05T07:55:00,16,21242617,180681
OK,48,69,879,48,2014-08-05T08:00:00,14,21243066,180681
OK,72,46,879,72,2014-08-05T08:05:00,13,21243515,180681
OK,52,63,879,52,2014-08-05T08:10:00,13,21243964,180681
OK,53,62,879,53,2014-08-05T08:15:00,12,21244413,180681
OK,81,40,879,81,2014-08-05T08:20:00,13,21244862,180681
OK,76,43,879,76,2014-08-05T08:25:00,8,21245311,180681
OK,71,46,879,71,2014-08-05T08:30:00,12,21245760,180681
OK,70,47,879,70,2014-08-05T08:35:00,17,21246209,180681
OK,70,47,879,70,2014-08-05T08:40:00,13,21246658,180681
OK,66,50,879,66,2014-08-05T08:45:00,14,21247107,180681
OK,63,52,879,63,2014-08-05T08:50:00,17,21247556,180681
OK,60,55,879,60,2014-08-05T08:55:00,32,21248005,180681
OK,60,55,879,60,2014-08-05T09:00:00,28,21248454,180681
OK,67,49,879,67,2014-08-05T09:05:00,14,21248903,180681
OK,85,38,879,85,2014-08-05T09:10:00,17,21249352,180681
OK,63,52,879,63,2014-08-05T09:15:00,20,21249801,180681
OK,54,61,879,54,2014-08-05T09:20:00,20,21250250,180681
OK,60,55,879,60,2014-08-05T09:25:00,20,21250699,180681
OK,59,56,879,59,2014-08-05T09:30:00,17,21251148,180681
OK,48,69,879,48,2014-08-05T09:35:00,19,21251597,180681
OK,54,61,879,54,2014-08-05T09:40:00,12,21252046,180681
OK,56,59,879,56,2014-08-05T09:45:00,16,21252495,180681
OK,54,61,879,54,2014-08-05T09:50:00,18,21252944,180681
OK,86,38,879,86,2014-08-05T09:55:00,20,21253393,180681
OK,52,63,879,52,2014-08-05T10:00:00,22,21253842,180681
OK,50,66,879,50,2014-08-05T10:05:00,13,21254291,180681
OK,59,56,879,59,2014-08-05T10:10:00,13,21254740,180681
OK,56,59,879,56,2014-08-05T10:15:00,17,21255189,180681
OK,59,56,879,59,2014-08-05T10:20:00,22,21255638,180681
OK,71,46,879,71,2014-08-05T10:25:00,19,21256087,180681
OK,72,46,879,72,2014-08-05T10:30:00,22,21256536,180681
OK,73,45,879,73,2014-08-05T10:35:00,23,21256985,180681
OK,85,38,879,85,2014-08-05T10:40:00,23,21257434,180681
OK,56,59,879,56,2014-08-05T10:45:00,24,21257883,180681
OK,49,67,879,49,2014-08-05T10:50:00,13,21258332,180681
OK,61,54,879,61,2014-08-05T10:55:00,13,21258781,180681
OK,68,48,879,68,2014-08-05T11:00:00,22,21259230,180681
OK,54,61,879,54,2014-08-05T11:05:00,26,21259679,180681
OK,52,63,879,52,2014-08-05T11:10:00,21,21260128,180681
OK,53,62,879,53,2014-08-05T11:15:00,23,21260577,180681
OK,53,62,879,53,2014-08-05T11:20:00,18,21261026,180681
OK,52,63,879,52,2014-08-05T11:25:00,18,21261475,180681
OK,47,70,879,47,2014-08-05T11:30:00,28,21261924,180681
OK,48,69,879,48,2014-08-05T11:35:00,25,21262373,180681
OK,56,59,879,56,2014-08-05T11:40:00,14,21262822,180681
OK,80,41,879,80,2014-08-05T11:45:00,9,21263271,180681
OK,69,48,879,69,2014-08-05T11:50:00,17,21263720,180681
OK,53,62,879,53,2014-08-05T11:55:00,18,21264169,180681
OK,56,59,879,56,2014-08-05T12:00:00,13,21264618,180681
OK,94,35,879,94,2014-08-05T12:05:00,16,21265066,180681
OK,92,36,879,92,2014-08-05T12:10:00,16,21265515,180681
OK,74,44,879,74,2014-08-05T12:15:00,16,21265964,180681
OK,63,52,879,63,2014-08-05T12:20:00,14,21266413,180681
OK,66,50,879,66,2014-08-05T12:25:00,13,21266862,180681
OK,53,62,879,53,2014-08-05T12:30:00,16,21267311,180681
OK,52,63,879,52,2014-08-05T12:35:00,16,21267760,180681
OK,57,58,879,57,2014-08-05T12:40:00,20,21268209,180681
OK,75,44,879,75,2014-08-05T12:45:00,25,21268658,180681
OK,70,47,879,70,2014-08-05T12:50:00,15,21269107,180681
OK,64,51,879,64,2014-08-05T13:00:00,15,21269556,180681
OK,73,45,879,73,2014-08-05T13:05:00,13,21270005,180681
OK,67,49,879,67,2014-08-05T13:10:00,20,21270454,180681
OK,79,41,879,79,2014-08-05T13:15:00,26,21270903,180681
OK,82,40,879,82,2014-08-05T13:20:00,29,21271352,180681
OK,68,48,879,68,2014-08-05T13:25:00,28,21271801,180681
OK,67,49,879,67,2014-08-05T13:30:00,21,21272250,180681
OK,79,41,879,79,2014-08-05T13:35:00,26,21272699,180681
OK,95,34,879,95,2014-08-05T13:40:00,19,21273148,180681
OK,102,32,879,102,2014-08-05T13:45:00,19,21273597,180681
OK,82,40,879,82,2014-08-05T13:50:00,23,21274046,180681
OK,81,40,879,81,2014-08-05T13:55:00,21,21274495,180681
OK,77,43,879,77,2014-08-05T14:00:00,28,21274944,180681
OK,58,57,879,58,2014-08-05T14:05:00,19,21275393,180681
OK,79,41,879,79,2014-08-05T14:10:00,9,21275842,180681
OK,85,38,879,85,2014-08-05T14:15:00,25,21276291,180681
OK,77,43,879,77,2014-08-05T14:20:00,36,21276740,180681
OK,66,50,879,66,2014-08-05T14:25:00,29,21277189,180681
OK,75,44,879,75,2014-08-05T14:30:00,20,21277638,180681
OK,80,41,879,80,2014-08-05T14:35:00,24,21278087,180681
OK,74,44,879,74,2014-08-05T14:40:00,28,21278536,180681
OK,64,51,879,64,2014-08-05T14:45:00,17,21278985,180681
OK,69,48,879,69,2014-08-05T14:50:00,23,21279434,180681
OK,71,46,879,71,2014-08-05T14:55:00,21,21279883,180681
OK,61,54,879,61,2014-08-05T15:00:00,14,21280332,180681
OK,51,64,879,51,2014-08-05T15:05:00,7,21280781,180681
OK,52,63,879,52,2014-08-05T15:10:00,15,21281230,180681
OK,58,57,879,58,2014-08-05T15:15:00,21,21281679,180681
OK,60,55,879,60,2014-08-05T15:20:00,21,21282128,180681
OK,56,59,879,56,2014-08-05T15:25:00,22,21282577,180681
OK,55,60,879,55,2014-08-05T15:30:00,18,21283026,180681
OK,59,56,879,59,2014-08-05T15:35:00,11,21283475,180681
OK,56,59,879,56,2014-08-05T15:40:00,11,21283924,180681
OK,56,59,879,56,2014-08-05T15:45:00,13,21284373,180681
OK,64,51,879,64,2014-08-05T15:50:00,14,21284822,180681
OK,71,46,879,71,2014-08-05T15:55:00,15,21285271,180681
OK,62,53,879,62,2014-08-05T16:00:00,16,21285720,180681
OK,61,54,879,61,2014-08-05T16:05:00,9,21286169,180681
OK,67,49,879,67,2014-08-05T16:10:00,9,21286618,180681
OK,66,50,879,66,2014-08-05T16:15:00,10,21287067,180681
OK,57,58,879,57,2014-08-05T16:20:00,11,21287516,180681
OK,49,67,879,49,2014-08-05T16:25:00,13,21287965,180681
OK,44,75,879,44,2014-08-05T16:30:00,10,21288414,180681
OK,49,67,879,49,2014-08-05T16:35:00,10,21288863,180681
OK,52,63,879,52,2014-08-05T16:40:00,8,21289312,180681
OK,52,63,879,52,2014-08-05T16:45:00,14,21289761,180681
OK,53,62,879,53,2014-08-05T16:50:00,16,21290210,180681
OK,55,60,879,55,2014-08-05T16:55:00,9,21290659,180681
OK,54,61,879,54,2014-08-05T17:00:00,2,21291108,180681
OK,46,72,879,46,2014-08-05T17:05:00,2,21291557,180681
OK,59,56,879,59,2014-08-05T17:10:00,3,21292006,180681
OK,51,64,879,51,2014-08-05T17:15:00,5,21292455,180681
OK,44,75,879,44,2014-08-05T17:20:00,6,21292904,180681
OK,35,94,879,35,2014-08-05T17:25:00,3,21293353,180681
OK,51,64,879,51,2014-08-05T17:30:00,3,21293802,180681
OK,50,66,879,50,2014-08-05T17:35:00,6,21294251,180681
OK,50,66,879,50,2014-08-05T17:40:00,5,21294700,180681
OK,43,77,879,43,2014-08-05T17:45:00,8,21295149,180681
OK,43,77,879,43,2014-08-05T17:50:00,1,21295598,180681
OK,53,62,879,53,2014-08-05T17:55:00,2,21296047,180681
OK,70,47,879,70,2014-08-05T18:00:00,3,21296496,180681
OK,76,43,879,76,2014-08-05T18:05:00,1,21296945,180681
OK,53,62,879,53,2014-08-05T18:10:00,3,21297394,180681
OK,51,64,879,51,2014-08-05T18:15:00,6,21297843,180681
OK,49,67,879,49,2014-08-05T18:20:00,5,21298292,180681
OK,46,72,879,46,2014-08-05T18:25:00,8,21298741,180681
OK,45,73,879,45,2014-08-05T18:30:00,8,21299190,180681
OK,40,82,879,40,2014-08-05T18:35:00,5,21299639,180681
OK,41,80,879,41,2014-08-05T18:40:00,4,21300088,180681
OK,67,49,879,67,2014-08-05T18:45:00,2,21300537,180681
OK,67,49,879,67,2014-08-05T18:50:00,2,21300986,180681
OK,51,64,879,51,2014-08-05T18:55:00,2,21301435,180681
OK,46,72,879,46,2014-08-05T19:00:00,4,21301884,180681
OK,44,75,879,44,2014-08-05T19:05:00,4,21302333,180681
OK,87,38,879,87,2014-08-05T19:10:00,6,21302782,180681
OK,96,34,879,96,2014-08-05T19:15:00,6,21303231,180681
OK,95,34,879,95,2014-08-05T19:20:00,3,21303680,180681
OK,47,70,879,47,2014-08-05T19:25:00,4,21304129,180681
OK,47,70,879,47,2014-08-05T19:30:00,7,21304578,180681
OK,47,70,879,47,2014-08-05T19:35:00,6,21305027,180681
OK,77,43,879,77,2014-08-05T19:40:00,5,21305476,180681
OK,76,43,879,76,2014-08-05T19:45:00,6,21305925,180681
OK,55,60,879,55,2014-08-05T19:50:00,4,21306374,180681
OK,48,69,879,48,2014-08-05T19:55:00,1,21306823,180681
OK,48,69,879,48,2014-08-05T21:10:00,2,21311343,180681
OK,99,33,879,99,2014-08-05T21:40:00,3,21314005,180681
OK,171,19,879,171,2014-08-05T22:00:00,0,21315331,180681
OK,171,19,879,171,2014-08-05T22:05:00,0,21315780,180681
OK,171,19,879,171,2014-08-05T22:10:00,0,21316107,180681
OK,34,97,879,34,2014-08-05T22:20:00,1,21316880,180681
OK,34,97,879,34,2014-08-05T22:25:00,0,21317631,180681
OK,44,75,879,44,2014-08-05T22:50:00,1,21319134,180681
OK,38,87,879,38,2014-08-06T00:00:00,0,21323498,180681
OK,38,87,879,38,2014-08-06T00:10:00,0,21323998,180681
OK,41,80,879,41,2014-08-06T00:15:00,2,21324447,180681
OK,41,80,879,41,2014-08-06T00:20:00,0,21324896,180681
OK,41,80,879,41,2014-08-06T00:25:00,0,21325345,180681
OK,41,80,879,41,2014-08-06T00:30:00,0,21325794,180681
OK,57,58,879,57,2014-08-06T00:35:00,1,21326242,180681
OK,57,58,879,57,2014-08-06T00:40:00,0,21326691,180681
OK,57,58,879,57,2014-08-06T00:45:00,0,21327140,180681
OK,57,58,879,57,2014-08-06T00:50:00,0,21327589,180681
OK,57,58,879,57,2014-08-06T00:55:00,0,21328038,180681
OK,57,58,879,57,2014-08-06T01:00:00,0,21328487,180681
OK,57,58,879,57,2014-08-06T01:05:00,0,21328936,180681
OK,57,58,879,57,2014-08-06T01:10:00,0,21329385,180681
OK,57,58,879,57,2014-08-06T01:15:00,0,21329834,180681
OK,57,58,879,57,2014-08-06T01:20:00,0,21330283,180681
OK,57,58,879,57,2014-08-06T01:25:00,0,21330732,180681
OK,39,84,879,39,2014-08-06T01:30:00,2,21331181,180681
OK,39,84,879,39,2014-08-06T01:35:00,4,21331630,180681
OK,51,64,879,51,2014-08-06T01:40:00,2,21332079,180681
OK,56,59,879,56,2014-08-06T01:45:00,0,21332528,180681
OK,56,59,879,56,2014-08-06T01:50:00,0,21332977,180681
OK,56,59,879,56,2014-08-06T01:55:00,0,21333426,180681
OK,56,59,879,56,2014-08-06T02:00:00,0,21333875,180681
OK,56,59,879,56,2014-08-06T02:05:00,0,21334324,180681
OK,56,59,879,56,2014-08-06T02:10:00,0,21334773,180681
OK,56,59,879,56,2014-08-06T02:15:00,0,21335222,180681
OK,56,59,879,56,2014-08-06T02:20:00,0,21335671,180681
OK,56,59,879,56,2014-08-06T02:25:00,0,21336120,180681
OK,56,59,879,56,2014-08-06T02:30:00,0,21336569,180681
OK,56,59,879,56,2014-08-06T02:35:00,0,21337018,180681
OK,70,47,879,70,2014-08-06T02:40:00,2,21337467,180681
OK,75,44,879,75,2014-08-06T02:45:00,2,21337916,180681
OK,79,41,879,79,2014-08-06T02:50:00,0,21338365,180681
OK,52,63,879,52,2014-08-06T02:55:00,1,21338814,180681
OK,41,80,879,41,2014-08-06T03:00:00,1,21339263,180681
OK,41,80,879,41,2014-08-06T03:05:00,1,21339712,180681
OK,86,38,879,86,2014-08-06T03:10:00,1,21340161,180681
OK,86,38,879,86,2014-08-06T03:15:00,1,21340610,180681
OK,86,38,879,86,2014-08-06T03:20:00,0,21341059,180681
OK,36,92,879,36,2014-08-06T03:25:00,1,21341508,180681
OK,36,92,879,36,2014-08-06T03:30:00,0,21341957,180681
OK,44,75,879,44,2014-08-06T03:35:00,1,21342406,180681
OK,47,70,879,47,2014-08-06T03:40:00,3,21342855,180681
OK,45,73,879,45,2014-08-06T03:45:00,3,21343304,180681
OK,45,73,879,45,2014-08-06T03:50:00,1,21343753,180681
OK,57,58,879,57,2014-08-06T03:55:00,1,21344202,180681
OK,57,58,879,57,2014-08-06T04:00:00,3,21344651,180681
OK,54,61,879,54,2014-08-06T04:05:00,5,21345100,180681
OK,59,56,879,59,2014-08-06T04:10:00,6,21345549,180681
OK,64,51,879,64,2014-08-06T04:15:00,3,21345998,180681
OK,67,49,879,67,2014-08-06T04:20:00,5,21346447,180681
OK,63,52,879,63,2014-08-06T04:25:00,4,21346896,180681
OK,52,63,879,52,2014-08-06T04:30:00,9,21347345,180681
OK,60,55,879,60,2014-08-06T04:35:00,11,21347794,180681
OK,60,55,879,60,2014-08-06T04:40:00,14,21348243,180681
OK,54,61,879,54,2014-08-06T04:45:00,19,21348692,180681
OK,54,61,879,54,2014-08-06T04:50:00,21,21349141,180681
OK,61,54,879,61,2014-08-06T04:55:00,23,21349590,180681
OK,57,58,879,57,2014-08-06T05:00:00,21,21350039,180681
OK,57,58,879,57,2014-08-06T05:05:00,13,21350488,180681
OK,55,60,879,55,2014-08-06T05:10:00,14,21350937,180681
OK,66,50,879,66,2014-08-06T05:15:00,20,21351386,180681
OK,71,46,879,71,2014-08-06T05:20:00,18,21351835,180681
OK,68,48,879,68,2014-08-06T05:25:00,32,21352284,180681
OK,67,49,879,67,2014-08-06T05:30:00,39,21352733,180681
OK,67,49,879,67,2014-08-06T05:35:00,36,21353182,180681
OK,64,51,879,64,2014-08-06T05:40:00,31,21353631,180681
OK,82,40,879,82,2014-08-06T05:45:00,25,21354080,180681
OK,80,41,879,80,2014-08-06T05:50:00,25,21354529,180681
OK,69,48,879,69,2014-08-06T05:55:00,23,21354978,180681
OK,72,46,879,72,2014-08-06T06:00:00,18,21355427,180681
OK,78,42,879,78,2014-08-06T06:05:00,23,21355876,180681
OK,65,50,879,65,2014-08-06T06:10:00,22,21356325,180681
OK,54,61,879,54,2014-08-06T06:15:00,19,21356774,180681
OK,72,46,879,72,2014-08-06T06:20:00,21,21357223,180681
OK,72,46,879,72,2014-08-06T06:25:00,15,21357672,180681
OK,82,40,879,82,2014-08-06T06:30:00,6,21358121,180681
OK,53,62,879,53,2014-08-06T06:35:00,13,21358570,180681
OK,60,55,879,60,2014-08-06T06:40:00,23,21359019,180681
OK,64,51,879,64,2014-08-06T06:45:00,23,21359468,180681
OK,64,51,879,64,2014-08-06T06:50:00,16,21359917,180681
OK,70,47,879,70,2014-08-06T06:55:00,16,21360366,180681
OK,71,46,879,71,2014-08-06T07:00:00,17,21360815,180681
OK,55,60,879,55,2014-08-06T07:05:00,11,21361264,180681
OK,70,47,879,70,2014-08-06T07:10:00,12,21361713,180681
OK,64,51,879,64,2014-08-06T07:15:00,21,21362162,180681
OK,61,54,879,61,2014-08-06T07:20:00,19,21362611,180681
OK,73,45,879,73,2014-08-06T07:25:00,10,21363060,180681
OK,77,43,879,77,2014-08-06T07:30:00,10,21363509,180681
OK,55,60,879,55,2014-08-06T07:35:00,8,21363958,180681
OK,62,53,879,62,2014-08-06T07:40:00,20,21364407,180681
OK,63,52,879,63,2014-08-06T07:45:00,21,21364856,180681
OK,71,46,879,71,2014-08-06T07:50:00,18,21365305,180681
OK,84,39,879,84,2014-08-06T07:55:00,23,21365754,180681
OK,80,41,879,80,2014-08-06T08:00:00,21,21366203,180681
OK,76,43,879,76,2014-08-06T08:05:00,22,21366652,180681
OK,78,42,879,78,2014-08-06T08:10:00,21,21367101,180681
OK,52,63,879,52,2014-08-06T08:15:00,10,21367550,180681
OK,58,57,879,58,2014-08-06T08:20:00,14,21367999,180681
OK,72,46,879,72,2014-08-06T08:25:00,21,21368448,180681
OK,73,45,879,73,2014-08-06T08:30:00,23,21368897,180681
OK,68,48,879,68,2014-08-06T08:35:00,26,21369346,180681
OK,67,49,879,67,2014-08-06T08:40:00,23,21369795,180681
OK,62,53,879,62,2014-08-06T08:45:00,14,21370244,180681
OK,50,66,879,50,2014-08-06T08:50:00,15,21370693,180681
OK,54,61,879,54,2014-08-06T08:55:00,16,21371142,180681
OK,60,55,879,60,2014-08-06T09:00:00,10,21371591,180681
OK,61,54,879,61,2014-08-06T09:05:00,19,21372040,180681
OK,83,39,879,83,2014-08-06T09:10:00,17,21372489,180681
OK,67,49,879,67,2014-08-06T09:15:00,15,21372938,180681
OK,72,46,879,72,2014-08-06T09:20:00,20,21373387,180681
OK,73,45,879,73,2014-08-06T09:25:00,23,21373836,180681
OK,65,50,879,65,2014-08-06T09:30:00,21,21374285,180681
OK,63,52,879,63,2014-08-06T09:35:00,22,21374734,180681
OK,66,50,879,66,2014-08-06T09:40:00,24,21375183,180681
OK,70,47,879,70,2014-08-06T09:45:00,22,21375632,180681
OK,65,50,879,65,2014-08-06T09:50:00,18,21376081,180681
OK,73,45,879,73,2014-08-06T09:55:00,20,21376530,180681
OK,69,48,879,69,2014-08-06T10:00:00,21,21376979,180681
OK,69,48,879,69,2014-08-06T10:05:00,18,21377428,180681
OK,71,46,879,71,2014-08-06T10:10:00,14,21377877,180681
OK,73,45,879,73,2014-08-06T10:15:00,16,21378326,180681
OK,62,53,879,62,2014-08-06T10:20:00,25,21378775,180681
OK,57,58,879,57,2014-08-06T10:25:00,22,21379224,180681
OK,67,49,879,67,2014-08-06T10:30:00,16,21379673,180681
OK,68,48,879,68,2014-08-06T10:35:00,17,21380122,180681
OK,72,46,879,72,2014-08-06T10:40:00,15,21380571,180681
OK,72,46,879,72,2014-08-06T10:45:00,20,21381020,180681
OK,68,48,879,68,2014-08-06T10:50:00,25,21381469,180681
OK,63,52,879,63,2014-08-06T10:55:00,26,21381918,180681
OK,60,55,879,60,2014-08-06T11:00:00,22,21382367,180681
OK,62,53,879,62,2014-08-06T11:05:00,15,21382816,180681
OK,73,45,879,73,2014-08-06T11:10:00,18,21383265,180681
OK,72,46,879,72,2014-08-06T11:15:00,21,21383714,180681
OK,67,49,879,67,2014-08-06T11:20:00,16,21384163,180681
OK,68,48,879,68,2014-08-06T11:25:00,11,21384612,180681
OK,63,52,879,63,2014-08-06T11:30:00,15,21385061,180681
OK,68,48,879,68,2014-08-06T11:35:00,18,21385510,180681
OK,71,46,879,71,2014-08-06T11:40:00,14,21385959,180681
OK,56,59,879,56,2014-08-06T11:45:00,11,21386408,180681
OK,53,62,879,53,2014-08-06T11:50:00,18,21386857,180681
OK,54,61,879,54,2014-08-06T11:55:00,22,21387306,180681
OK,55,60,879,55,2014-08-06T12:00:00,23,21387755,180681
OK,65,50,879,65,2014-08-06T12:05:00,21,21388204,180681
OK,62,53,879,62,2014-08-06T12:10:00,18,21388653,180681
OK,61,54,879,61,2014-08-06T12:15:00,17,21389102,180681
OK,71,46,879,71,2014-08-06T12:20:00,15,21389551,180681
OK,72,46,879,72,2014-08-06T12:25:00,22,21390000,180681
OK,77,43,879,77,2014-08-06T12:30:00,13,21390449,180681
OK,56,59,879,56,2014-08-06T12:35:00,16,21390898,180681
OK,67,49,879,67,2014-08-06T12:40:00,29,21391347,180681
OK,79,41,879,79,2014-08-06T12:45:00,24,21391796,180681
OK,64,51,879,64,2014-08-06T12:50:00,20,21392245,180681
OK,63,52,879,63,2014-08-06T12:55:00,16,21392694,180681
OK,72,46,879,72,2014-08-06T13:00:00,21,21393143,180681
OK,72,46,879,72,2014-08-06T13:05:00,26,21393592,180681
OK,70,47,879,70,2014-08-06T13:10:00,15,21394041,180681
OK,70,47,879,70,2014-08-06T13:15:00,21,21394490,180681
OK,77,43,879,77,2014-08-06T13:20:00,22,21394939,180681
OK,78,42,879,78,2014-08-06T13:25:00,23,21395388,180681
OK,75,44,879,75,2014-08-06T13:30:00,31,21395837,180681
OK,80,41,879,80,2014-08-06T13:35:00,33,21396286,180681
OK,89,37,879,89,2014-08-06T13:40:00,27,21396735,180681
OK,78,42,879,78,2014-08-06T13:45:00,14,21397184,180681
OK,71,46,879,71,2014-08-06T13:50:00,11,21397633,180681
OK,87,38,879,87,2014-08-06T13:55:00,21,21398082,180681
OK,78,42,879,78,2014-08-06T14:00:00,22,21398531,180681
OK,64,51,879,64,2014-08-06T14:05:00,19,21398980,180681
OK,76,43,879,76,2014-08-06T14:10:00,26,21399429,180681
OK,88,37,879,88,2014-08-06T14:15:00,24,21399878,180681
OK,88,37,879,88,2014-08-06T14:20:00,25,21400327,180681
OK,87,38,879,87,2014-08-06T14:25:00,25,21400776,180681
OK,86,38,879,86,2014-08-06T14:30:00,17,21401225,180681
OK,68,48,879,68,2014-08-06T14:35:00,19,21401674,180681
OK,67,49,879,67,2014-08-06T14:40:00,22,21402123,180681
OK,67,49,879,67,2014-08-06T14:45:00,23,21402572,180681
OK,64,51,879,64,2014-08-06T14:50:00,25,21403021,180681
OK,65,50,879,65,2014-08-06T14:55:00,26,21403470,180681
OK,69,48,879,69,2014-08-06T15:00:00,24,21403919,180681
OK,65,50,879,65,2014-08-06T15:05:00,18,21404368,180681
OK,56,59,879,56,2014-08-06T15:10:00,11,21404817,180681
OK,65,50,879,65,2014-08-06T15:15:00,13,21405266,180681
OK,64,51,879,64,2014-08-06T15:20:00,15,21405715,180681
OK,57,58,879,57,2014-08-06T15:25:00,7,21406164,180681
OK,57,58,879,57,2014-08-06T15:30:00,9,21406613,180681
OK,55,60,879,55,2014-08-06T15:35:00,8,21407062,180681
OK,49,67,879,49,2014-08-06T15:40:00,7,21407511,180681
OK,76,43,879,76,2014-08-06T15:45:00,9,21407960,180681
OK,71,46,879,71,2014-08-06T15:50:00,11,21408409,180681
OK,69,48,879,69,2014-08-06T15:55:00,11,21408858,180681
OK,69,48,879,69,2014-08-06T16:00:00,11,21409307,180681
OK,62,53,879,62,2014-08-06T16:05:00,14,21409756,180681
OK,66,50,879,66,2014-08-06T16:10:00,15,21410205,180681
OK,65,50,879,65,2014-08-06T16:15:00,15,21410654,180681
OK,62,53,879,62,2014-08-06T16:20:00,12,21411103,180681
OK,62,53,879,62,2014-08-06T16:25:00,12,21411552,180681
OK,56,59,879,56,2014-08-06T16:30:00,9,21412000,180681
OK,50,66,879,50,2014-08-06T16:35:00,7,21412449,180681
OK,45,73,879,45,2014-08-06T16:40:00,7,21412898,180681
OK,40,82,879,40,2014-08-06T16:45:00,9,21413347,180681
OK,49,67,879,49,2014-08-06T16:50:00,10,21413796,180681
OK,47,70,879,47,2014-08-06T16:55:00,4,21414245,180681
OK,71,46,879,71,2014-08-06T17:00:00,8,21414694,180681
OK,70,47,879,70,2014-08-06T17:05:00,14,21415143,180681
OK,55,60,879,55,2014-08-06T17:10:00,16,21415592,180681
OK,55,60,879,55,2014-08-06T17:15:00,12,21416041,180681
OK,51,64,879,51,2014-08-06T17:20:00,9,21416490,180681
OK,48,69,879,48,2014-08-06T17:25:00,8,21416939,180681
OK,49,67,879,49,2014-08-06T17:30:00,9,21417388,180681
OK,54,61,879,54,2014-08-06T17:35:00,5,21417837,180681
OK,54,61,879,54,2014-08-06T17:40:00,6,21418286,180681
OK,53,62,879,53,2014-08-06T17:45:00,11,21418735,180681
OK,55,60,879,55,2014-08-06T17:50:00,10,21419184,180681
OK,58,57,879,58,2014-08-06T17:55:00,5,21419633,180681
OK,42,78,879,42,2014-08-06T18:00:00,4,21420082,180681
OK,64,51,879,64,2014-08-06T18:05:00,5,21420531,180681
OK,58,57,879,58,2014-08-06T18:10:00,6,21420980,180681
OK,56,59,879,56,2014-08-06T18:15:00,6,21421429,180681
OK,62,53,879,62,2014-08-06T18:20:00,3,21421878,180681
OK,32,103,879,32,2014-08-06T18:25:00,1,21422327,180681
OK,50,66,879,50,2014-08-06T18:30:00,2,21422776,180681
OK,53,62,879,53,2014-08-06T18:35:00,2,21423225,180681
OK,45,73,879,45,2014-08-06T18:40:00,2,21423674,180681
OK,49,67,879,49,2014-08-06T18:45:00,7,21424123,180681
OK,48,69,879,48,2014-08-06T18:50:00,6,21424572,180681
OK,35,94,879,35,2014-08-06T18:55:00,1,21425021,180681
OK,44,75,879,44,2014-08-06T19:00:00,2,21425470,180681
OK,43,77,879,43,2014-08-06T19:05:00,3,21425919,180681
OK,49,67,879,49,2014-08-06T19:10:00,7,21426368,180681
OK,47,70,879,47,2014-08-06T19:15:00,6,21426817,180681
OK,65,50,879,65,2014-08-06T19:20:00,5,21427266,180681
OK,49,67,879,49,2014-08-06T19:25:00,5,21427715,180681
OK,52,63,879,52,2014-08-06T19:30:00,7,21428164,180681
OK,61,54,879,61,2014-08-06T19:35:00,6,21428613,180681
OK,56,59,879,56,2014-08-06T19:40:00,3,21429062,180681
OK,42,78,879,42,2014-08-06T19:45:00,3,21429511,180681
OK,73,45,879,73,2014-08-06T19:50:00,5,21429960,180681
OK,73,45,879,73,2014-08-06T19:55:00,3,21430409,180681
OK,81,40,879,81,2014-08-06T21:30:00,6,21436121,180681
OK,46,72,879,46,2014-08-06T21:45:00,5,21437224,180681
OK,44,75,879,44,2014-08-06T22:00:00,0,21438084,180681
OK,44,75,879,44,2014-08-06T22:05:00,0,21438533,180681
OK,32,103,879,32,2014-08-06T22:15:00,0,21439265,180681
OK,53,62,879,53,2014-08-06T22:20:00,1,21439707,180681
OK,54,61,879,54,2014-08-06T22:25:00,2,21440156,180681
OK,45,73,879,45,2014-08-07T00:00:00,0,21446027,180681
OK,58,57,879,58,2014-08-07T00:05:00,0,21446476,180681
OK,56,59,879,56,2014-08-07T00:15:00,0,21447263,180681
OK,47,70,879,47,2014-08-07T00:20:00,1,21447712,180681
OK,47,70,879,47,2014-08-07T00:25:00,0,21448161,180681
OK,47,70,879,47,2014-08-07T00:30:00,0,21448610,180681
OK,47,70,879,47,2014-08-07T00:35:00,0,21449059,180681
OK,53,62,879,53,2014-08-07T00:40:00,1,21449508,180681
OK,53,62,879,53,2014-08-07T00:45:00,1,21449957,180681
OK,53,62,879,53,2014-08-07T00:50:00,0,21450406,180681
OK,53,62,879,53,2014-08-07T00:55:00,0,21450855,180681
OK,53,62,879,53,2014-08-07T01:00:00,0,21451304,180681
OK,47,70,879,47,2014-08-07T01:05:00,0,21451753,180681
OK,47,70,879,47,2014-08-07T01:10:00,0,21452202,180681
OK,47,70,879,47,2014-08-07T01:15:00,0,21452651,180681
OK,47,70,879,47,2014-08-07T01:20:00,0,21453100,180681
OK,47,70,879,47,2014-08-07T01:25:00,0,21453549,180681
OK,47,70,879,47,2014-08-07T01:30:00,0,21453998,180681
OK,55,60,879,55,2014-08-07T01:35:00,0,21454447,180681
OK,55,60,879,55,2014-08-07T01:40:00,0,21454896,180681
OK,55,60,879,55,2014-08-07T01:45:00,0,21455345,180681
OK,55,60,879,55,2014-08-07T01:50:00,0,21455794,180681
OK,55,60,879,55,2014-08-07T01:55:00,0,21456243,180681
OK,55,60,879,55,2014-08-07T02:00:00,0,21456692,180681
OK,55,60,879,55,2014-08-07T02:05:00,0,21457141,180681
OK,55,60,879,55,2014-08-07T02:10:00,0,21457590,180681
OK,55,60,879,55,2014-08-07T02:15:00,0,21458039,180681
OK,55,60,879,55,2014-08-07T02:20:00,0,21458488,180681
OK,55,60,879,55,2014-08-07T02:25:00,0,21458937,180681
OK,64,51,879,64,2014-08-07T02:30:00,1,21459386,180681
OK,64,51,879,64,2014-08-07T02:35:00,1,21459835,180681
OK,45,73,879,45,2014-08-07T02:40:00,1,21460284,180681
OK,45,73,879,45,2014-08-07T02:45:00,1,21460733,180681
OK,45,73,879,45,2014-08-07T02:50:00,0,21461182,180681
OK,61,54,879,61,2014-08-07T02:55:00,0,21461631,180681
OK,54,61,879,54,2014-08-07T03:00:00,1,21462080,180681
OK,54,61,879,54,2014-08-07T03:05:00,1,21462529,180681
OK,86,38,879,86,2014-08-07T03:10:00,1,21462978,180681
OK,86,38,879,86,2014-08-07T03:15:00,1,21463427,180681
OK,49,67,879,49,2014-08-07T03:20:00,1,21463876,180681
OK,48,69,879,48,2014-08-07T03:25:00,3,21464325,180681
OK,48,69,879,48,2014-08-07T03:30:00,3,21464774,180681
OK,65,50,879,65,2014-08-07T03:35:00,2,21465223,180681
OK,65,50,879,65,2014-08-07T03:40:00,3,21465672,180681
OK,61,54,879,61,2014-08-07T03:45:00,5,21466121,180681
OK,61,54,879,61,2014-08-07T03:50:00,7,21466570,180681
OK,67,49,879,67,2014-08-07T03:55:00,4,21467019,180681
OK,68,48,879,68,2014-08-07T04:00:00,4,21467468,180681
OK,71,46,879,71,2014-08-07T04:05:00,4,21467917,180681
OK,83,39,879,83,2014-08-07T04:10:00,1,21468366,180681
OK,44,75,879,44,2014-08-07T04:15:00,3,21468815,180681
OK,65,50,879,65,2014-08-07T04:20:00,4,21469264,180681
OK,66,50,879,66,2014-08-07T04:25:00,9,21469713,180681
OK,65,50,879,65,2014-08-07T04:30:00,10,21470162,180681
OK,45,73,879,45,2014-08-07T04:35:00,10,21470611,180681
OK,47,70,879,47,2014-08-07T04:40:00,13,21471060,180681
OK,52,63,879,52,2014-08-07T04:45:00,16,21471509,180681
OK,66,50,879,66,2014-08-07T04:50:00,26,21471958,180681
OK,67,49,879,67,2014-08-07T04:55:00,24,21472407,180681
OK,58,57,879,58,2014-08-07T05:00:00,16,21472856,180681
OK,58,57,879,58,2014-08-07T05:05:00,13,21473305,180681
OK,60,55,879,60,2014-08-07T05:10:00,19,21473754,180681
OK,50,66,879,50,2014-08-07T05:15:00,15,21474203,180681
OK,52,63,879,52,2014-08-07T05:20:00,14,21474652,180681
OK,70,47,879,70,2014-08-07T05:25:00,18,21475101,180681
OK,72,46,879,72,2014-08-07T05:30:00,16,21475550,180681
OK,54,61,879,54,2014-08-07T05:35:00,14,21475999,180681
OK,53,62,879,53,2014-08-07T05:40:00,15,21476448,180681
OK,56,59,879,56,2014-08-07T05:45:00,18,21476897,180681
OK,95,34,879,95,2014-08-07T05:50:00,27,21477346,180681
OK,82,40,879,82,2014-08-07T05:55:00,26,21477795,180681
OK,65,50,879,65,2014-08-07T06:00:00,23,21478244,180681
OK,66,50,879,66,2014-08-07T06:05:00,22,21478693,180681
OK,62,53,879,62,2014-08-07T06:10:00,14,21479142,180681
OK,50,66,879,50,2014-08-07T06:15:00,13,21479591,180681
OK,53,62,879,53,2014-08-07T06:20:00,12,21480040,180681
OK,52,63,879,52,2014-08-07T06:25:00,0,21480489,180681
OK,70,47,879,70,2014-08-07T06:30:00,18,21480938,180681
OK,65,50,879,65,2014-08-07T06:35:00,19,21481387,180681
OK,62,53,879,62,2014-08-07T06:40:00,27,21481836,180681
OK,62,53,879,62,2014-08-07T06:45:00,24,21482285,180681
OK,67,49,879,67,2014-08-07T06:50:00,25,21482734,180681
OK,65,50,879,65,2014-08-07T06:55:00,23,21483183,180681
OK,54,61,879,54,2014-08-07T07:00:00,19,21483632,180681
OK,61,54,879,61,2014-08-07T07:05:00,19,21484081,180681
OK,67,49,879,67,2014-08-07T07:10:00,18,21484530,180681
OK,57,58,879,57,2014-08-07T07:15:00,17,21484979,180681
OK,62,53,879,62,2014-08-07T07:20:00,13,21485428,180681
OK,58,57,879,58,2014-08-07T07:25:00,17,21485877,180681
OK,49,67,879,49,2014-08-07T07:30:00,17,21486326,180681
OK,55,60,879,55,2014-08-07T07:35:00,17,21486775,180681
OK,69,48,879,69,2014-08-07T07:40:00,20,21487224,180681
OK,63,52,879,63,2014-08-07T07:45:00,24,21487673,180681
OK,61,54,879,61,2014-08-07T07:50:00,25,21488122,180681
OK,62,53,879,62,2014-08-07T07:55:00,18,21488571,180681
OK,62,53,879,62,2014-08-07T08:00:00,15,21489020,180681
OK,72,46,879,72,2014-08-07T08:05:00,16,21489469,180681
OK,64,51,879,64,2014-08-07T08:10:00,15,21489918,180681
OK,51,64,879,51,2014-08-07T08:15:00,8,21490367,180681
OK,76,43,879,76,2014-08-07T08:20:00,15,21490816,180681
OK,76,43,879,76,2014-08-07T08:25:00,19,21491264,180681
OK,60,55,879,60,2014-08-07T08:30:00,12,21491713,180681
OK,60,55,879,60,2014-08-07T08:35:00,14,21492162,180681
OK,64,51,879,64,2014-08-07T08:40:00,21,21492611,180681
OK,64,51,879,64,2014-08-07T08:45:00,19,21493060,180681
OK,61,54,879,61,2014-08-07T08:50:00,19,21493509,180681
OK,54,61,879,54,2014-08-07T08:55:00,29,21493958,180681
OK,53,62,879,53,2014-08-07T09:00:00,22,21494407,180681
OK,63,52,879,63,2014-08-07T09:05:00,26,21494855,180681
OK,63,52,879,63,2014-08-07T09:10:00,26,21495304,180681
OK,62,53,879,62,2014-08-07T09:15:00,16,21495753,180681
OK,60,55,879,60,2014-08-07T09:20:00,24,21496202,180681
OK,68,48,879,68,2014-08-07T09:25:00,23,21496651,180681
OK,67,49,879,67,2014-08-07T09:30:00,19,21497100,180681
OK,56,59,879,56,2014-08-07T09:35:00,24,21497549,180681
OK,57,58,879,57,2014-08-07T09:40:00,22,21497998,180681
OK,78,42,879,78,2014-08-07T09:45:00,19,21498447,180681
OK,63,52,879,63,2014-08-07T09:50:00,10,21498896,180681
OK,63,52,879,63,2014-08-07T09:55:00,16,21499345,180681
OK,72,46,879,72,2014-08-07T10:00:00,23,21499794,180681
OK,72,46,879,72,2014-08-07T10:05:00,21,21500243,180681
OK,61,54,879,61,2014-08-07T10:10:00,19,21500692,180681
OK,62,53,879,62,2014-08-07T10:15:00,13,21501141,180681
OK,55,60,879,55,2014-08-07T10:20:00,19,21501590,180681
OK,55,60,879,55,2014-08-07T10:25:00,19,21502039,180681
OK,55,60,879,55,2014-08-07T10:30:00,11,21502488,180681
OK,67,49,879,67,2014-08-07T10:35:00,11,21502937,180681
OK,62,53,879,62,2014-08-07T10:40:00,19,21503386,180681
OK,62,53,879,62,2014-08-07T10:45:00,23,21503835,180681
OK,69,48,879,69,2014-08-07T10:50:00,20,21504284,180681
OK,75,44,879,75,2014-08-07T10:55:00,14,21504733,180681
OK,76,43,879,76,2014-08-07T11:00:00,18,21505182,180681
OK,67,49,879,67,2014-08-07T11:05:00,20,21505631,180681
OK,67,49,879,67,2014-08-07T11:10:00,21,21506080,180681
OK,71,46,879,71,2014-08-07T11:15:00,22,21506529,180681
OK,64,51,879,64,2014-08-07T11:20:00,25,21506978,180681
OK,61,54,879,61,2014-08-07T11:25:00,28,21507427,180681
OK,56,59,879,56,2014-08-07T11:30:00,24,21507876,180681
OK,63,52,879,63,2014-08-07T11:35:00,16,21508325,180681
OK,71,46,879,71,2014-08-07T11:40:00,20,21508774,180681
OK,72,46,879,72,2014-08-07T11:45:00,21,21509223,180681
OK,64,51,879,64,2014-08-07T11:50:00,24,21509672,180681
OK,62,53,879,62,2014-08-07T11:55:00,12,21510121,180681
OK,61,54,879,61,2014-08-07T12:00:00,12,21510570,180681
OK,64,51,879,64,2014-08-07T12:05:00,26,21511019,180681
OK,65,50,879,65,2014-08-07T12:10:00,23,21511468,180681
OK,67,49,879,67,2014-08-07T12:15:00,24,21511917,180681
OK,70,47,879,70,2014-08-07T12:20:00,25,21512366,180681
OK,64,51,879,64,2014-08-07T12:25:00,30,21512815,180681
OK,56,59,879,56,2014-08-07T12:30:00,21,21513264,180681
OK,56,59,879,56,2014-08-07T12:35:00,12,21513713,180681
OK,56,59,879,56,2014-08-07T12:40:00,16,21514162,180681
OK,71,46,879,71,2014-08-07T12:45:00,21,21514611,180681
OK,62,53,879,62,2014-08-07T12:50:00,22,21515060,180681
OK,64,51,879,64,2014-08-07T12:55:00,22,21515509,180681
OK,77,43,879,77,2014-08-07T13:00:00,20,21515958,180681
OK,63,52,879,63,2014-08-07T13:05:00,21,21516407,180681
OK,67,49,879,67,2014-08-07T13:10:00,32,21516856,180681
OK,88,37,879,88,2014-08-07T13:15:00,33,21517305,180681
OK,83,39,879,83,2014-08-07T13:20:00,24,21517754,180681
OK,71,46,879,71,2014-08-07T13:25:00,23,21518203,180681
OK,69,48,879,69,2014-08-07T13:30:00,25,21518652,180681
OK,77,43,879,77,2014-08-07T13:35:00,24,21519101,180681
OK,65,50,879,65,2014-08-07T13:40:00,18,21519550,180681
OK,86,38,879,86,2014-08-07T13:45:00,22,21519999,180681
OK,88,37,879,88,2014-08-07T13:50:00,29,21520448,180681
OK,82,40,879,82,2014-08-07T13:55:00,23,21520897,180681
OK,82,40,879,82,2014-08-07T14:00:00,18,21521346,180681
OK,60,55,879,60,2014-08-07T14:05:00,15,21521795,180681
OK,72,46,879,72,2014-08-07T14:10:00,20,21522244,180681
OK,90,36,879,90,2014-08-07T14:15:00,33,21522693,180681
OK,77,43,879,77,2014-08-07T14:20:00,30,21523142,180681
OK,76,43,879,76,2014-08-07T14:25:00,20,21523591,180681
OK,72,46,879,72,2014-08-07T14:30:00,26,21524040,180681
OK,68,48,879,68,2014-08-07T14:35:00,21,21524489,180681
OK,59,56,879,59,2014-08-07T14:40:00,16,21524938,180681
OK,58,57,879,58,2014-08-07T14:45:00,18,21525387,180681
OK,64,51,879,64,2014-08-07T14:50:00,28,21525836,180681
OK,63,52,879,63,2014-08-07T14:55:00,30,21526285,180681
OK,62,53,879,62,2014-08-07T15:00:00,26,21526734,180681
OK,66,50,879,66,2014-08-07T15:05:00,20,21527183,180681
OK,83,39,879,83,2014-08-07T15:10:00,15,21527632,180681
OK,79,41,879,79,2014-08-07T15:15:00,22,21528081,180681
OK,70,47,879,70,2014-08-07T15:20:00,18,21528530,180681
OK,69,48,879,69,2014-08-07T15:25:00,18,21528979,180681
OK,54,61,879,54,2014-08-07T15:30:00,19,21529428,180681
OK,51,64,879,51,2014-08-07T15:35:00,17,21529877,180681
OK,50,66,879,50,2014-08-07T15:40:00,18,21530326,180681
OK,51,64,879,51,2014-08-07T15:45:00,22,21530775,180681
OK,62,53,879,62,2014-08-07T15:50:00,21,21531224,180681
OK,63,52,879,63,2014-08-07T15:55:00,14,21531673,180681
OK,62,53,879,62,2014-08-07T16:00:00,9,21532122,180681
OK,58,57,879,58,2014-08-07T16:05:00,9,21532571,180681
OK,54,61,879,54,2014-08-07T16:10:00,11,21533020,180681
OK,55,60,879,55,2014-08-07T16:15:00,13,21533469,180681
OK,67,49,879,67,2014-08-07T16:20:00,12,21533918,180681
OK,71,46,879,71,2014-08-07T16:25:00,8,21534367,180681
OK,55,60,879,55,2014-08-07T16:30:00,10,21534816,180681
OK,52,63,879,52,2014-08-07T16:35:00,12,21535265,180681
OK,59,56,879,59,2014-08-07T16:40:00,7,21535713,180681
OK,57,58,879,57,2014-08-07T16:45:00,7,21536162,180681
OK,57,58,879,57,2014-08-07T16:50:00,7,21536611,180681
OK,48,69,879,48,2014-08-07T16:55:00,7,21537060,180681
OK,51,64,879,51,2014-08-07T17:00:00,6,21537509,180681
OK,76,43,879,76,2014-08-07T17:05:00,7,21537958,180681
OK,49,67,879,49,2014-08-07T17:10:00,7,21538407,180681
OK,56,59,879,56,2014-08-07T17:15:00,6,21538856,180681
OK,59,56,879,59,2014-08-07T17:20:00,6,21539305,180681
OK,59,56,879,59,2014-08-07T17:25:00,3,21539754,180681
OK,50,66,879,50,2014-08-07T17:30:00,6,21540203,180681
OK,56,59,879,56,2014-08-07T17:35:00,8,21540652,180681
OK,49,67,879,49,2014-08-07T17:40:00,9,21541101,180681
OK,59,56,879,59,2014-08-07T17:45:00,5,21541550,180681
OK,47,70,879,47,2014-08-07T17:50:00,4,21541999,180681
OK,54,61,879,54,2014-08-07T17:55:00,4,21542448,180681
OK,62,53,879,62,2014-08-07T18:00:00,3,21542897,180681
OK,64,51,879,64,2014-08-07T18:05:00,2,21543346,180681
OK,56,59,879,56,2014-08-07T18:10:00,8,21543795,180681
OK,42,78,879,42,2014-08-07T18:15:00,9,21544244,180681
OK,33,100,879,33,2014-08-07T18:20:00,3,21544693,180681
OK,52,63,879,52,2014-08-07T18:25:00,4,21545142,180681
OK,54,61,879,54,2014-08-07T18:30:00,6,21545591,180681
OK,65,50,879,65,2014-08-07T18:35:00,6,21546040,180681
OK,51,64,879,51,2014-08-07T18:40:00,6,21546489,180681
OK,59,56,879,59,2014-08-07T18:45:00,4,21546938,180681
OK,74,44,879,74,2014-08-07T18:50:00,3,21547387,180681
OK,45,73,879,45,2014-08-07T18:55:00,1,21547836,180681
OK,45,73,879,45,2014-08-07T19:00:00,0,21548285,180681
OK,42,78,879,42,2014-08-07T19:05:00,3,21548734,180681
OK,44,75,879,44,2014-08-07T19:10:00,4,21549183,180681
OK,45,73,879,45,2014-08-07T19:15:00,3,21549632,180681
OK,42,78,879,42,2014-08-07T19:20:00,4,21550081,180681
OK,45,73,879,45,2014-08-07T19:25:00,3,21550530,180681
OK,45,73,879,45,2014-08-07T19:30:00,1,21550979,180681
OK,67,49,879,67,2014-08-07T19:35:00,1,21551428,180681
OK,66,50,879,66,2014-08-07T19:40:00,3,21551877,180681
OK,47,70,879,47,2014-08-07T19:45:00,3,21552326,180681
OK,46,72,879,46,2014-08-07T19:50:00,2,21552775,180681
OK,50,66,879,50,2014-08-07T19:55:00,6,21553224,180681
OK,49,67,879,49,2014-08-07T20:50:00,1,21556961,180681
OK,40,82,879,40,2014-08-07T21:40:00,0,21560588,180681
OK,40,82,879,40,2014-08-07T21:50:00,0,21561434,180681
OK,54,61,879,54,2014-08-07T22:00:00,0,21562157,180681
OK,40,82,879,40,2014-08-07T22:10:00,5,21562606,180681
OK,42,78,879,42,2014-08-07T22:15:00,2,21563055,180681
OK,43,77,879,43,2014-08-07T22:20:00,1,21563479,180681
OK,42,78,879,42,2014-08-08T00:00:00,1,21569464,180681
OK,66,50,879,66,2014-08-08T00:05:00,2,21569913,180681
OK,91,36,879,91,2014-08-08T00:10:00,0,21570362,180681
OK,60,55,879,60,2014-08-08T00:15:00,0,21570754,180681
OK,60,55,879,60,2014-08-08T00:20:00,0,21571203,180681
OK,60,55,879,60,2014-08-08T00:25:00,0,21571652,180681
OK,60,55,879,60,2014-08-08T00:30:00,0,21572101,180681
OK,35,94,879,35,2014-08-08T00:35:00,1,21572550,180681
OK,35,94,879,35,2014-08-08T00:40:00,0,21572999,180681
OK,35,94,879,35,2014-08-08T00:45:00,0,21573448,180681
OK,35,94,879,35,2014-08-08T00:50:00,0,21573897,180681
OK,35,94,879,35,2014-08-08T00:55:00,0,21574346,180681
OK,35,94,879,35,2014-08-08T01:00:00,0,21574795,180681
OK,35,94,879,35,2014-08-08T01:05:00,0,21575244,180681
OK,35,94,879,35,2014-08-08T01:10:00,0,21575660,180681
OK,35,94,879,35,2014-08-08T01:15:00,0,21576109,180681
OK,66,50,879,66,2014-08-08T01:20:00,1,21576556,180681
OK,61,54,879,61,2014-08-08T01:25:00,1,21577005,180681
OK,61,54,879,61,2014-08-08T01:30:00,1,21577454,180681
OK,48,69,879,48,2014-08-08T01:35:00,2,21577824,180681
OK,61,54,879,61,2014-08-08T01:40:00,1,21578273,180681
OK,61,54,879,61,2014-08-08T01:45:00,0,21578721,180681
OK,61,54,879,61,2014-08-08T01:50:00,0,21579064,180681
OK,61,54,879,61,2014-08-08T01:55:00,0,21579513,180681
OK,61,54,879,61,2014-08-08T02:00:00,0,21579962,180681
OK,61,54,879,61,2014-08-08T02:05:00,0,21580411,180681
OK,61,54,879,61,2014-08-08T02:10:00,0,21580860,180681
OK,61,54,879,61,2014-08-08T02:15:00,0,21581309,180681
OK,61,54,879,61,2014-08-08T02:20:00,0,21581758,180681
OK,61,54,879,61,2014-08-08T02:25:00,0,21582207,180681
OK,61,54,879,61,2014-08-08T02:30:00,0,21582656,180681
OK,38,87,879,38,2014-08-08T02:35:00,1,21583105,180681
OK,38,87,879,38,2014-08-08T02:40:00,1,21583554,180681
OK,66,50,879,66,2014-08-08T02:45:00,1,21584003,180681
OK,48,69,879,48,2014-08-08T02:50:00,5,21584452,180681
OK,45,73,879,45,2014-08-08T02:55:00,3,21584901,180681
OK,48,69,879,48,2014-08-08T03:00:00,0,21585350,180681
OK,48,69,879,48,2014-08-08T03:05:00,0,21585799,180681
OK,40,82,879,40,2014-08-08T03:10:00,4,21586248,180681
OK,44,75,879,44,2014-08-08T03:15:00,2,21586697,180681
OK,40,82,879,40,2014-08-08T03:20:00,1,21587146,180681
OK,40,82,879,40,2014-08-08T03:25:00,3,21587595,180681
OK,45,73,879,45,2014-08-08T03:30:00,1,21588044,180681
OK,69,48,879,69,2014-08-08T03:35:00,3,21588493,180681
OK,69,48,879,69,2014-08-08T03:40:00,3,21588942,180681
OK,60,55,879,60,2014-08-08T03:45:00,5,21589391,180681
OK,50,66,879,50,2014-08-08T03:50:00,6,21589840,180681
OK,50,66,879,50,2014-08-08T03:55:00,5,21590289,180681
OK,65,50,879,65,2014-08-08T04:00:00,8,21590738,180681
OK,69,48,879,69,2014-08-08T04:05:00,7,21591187,180681
OK,54,61,879,54,2014-08-08T04:10:00,6,21591636,180681
OK,46,72,879,46,2014-08-08T04:15:00,9,21592085,180681
OK,50,66,879,50,2014-08-08T04:20:00,5,21592534,180681
OK,45,73,879,45,2014-08-08T04:25:00,3,21592983,180681
OK,45,73,879,45,2014-08-08T04:30:00,4,21593432,180681
OK,45,73,879,45,2014-08-08T04:35:00,5,21593881,180681
OK,47,70,879,47,2014-08-08T04:40:00,16,21594330,180681
OK,50,66,879,50,2014-08-08T04:45:00,17,21594779,180681
OK,44,75,879,44,2014-08-08T04:50:00,11,21595228,180681
OK,45,73,879,45,2014-08-08T04:55:00,13,21595677,180681
OK,48,69,879,48,2014-08-08T05:00:00,7,21596126,180681
OK,51,64,879,51,2014-08-08T05:05:00,6,21596575,180681
OK,48,69,879,48,2014-08-08T05:10:00,15,21597024,180681
OK,54,61,879,54,2014-08-08T05:15:00,17,21597473,180681
OK,68,48,879,68,2014-08-08T05:20:00,17,21597922,180681
OK,58,57,879,58,2014-08-08T05:25:00,26,21598371,180681
OK,51,64,879,51,2014-08-08T05:30:00,26,21598820,180681
OK,56,59,879,56,2014-08-08T05:35:00,21,21599269,180681
OK,77,43,879,77,2014-08-08T05:40:00,20,21599718,180681
OK,88,37,879,88,2014-08-08T05:45:00,23,21600167,180681
OK,83,39,879,83,2014-08-08T05:50:00,24,21600616,180681
OK,77,43,879,77,2014-08-08T05:55:00,21,21601065,180681
OK,75,44,879,75,2014-08-08T06:00:00,29,21601514,180681
OK,49,67,879,49,2014-08-08T06:05:00,27,21601963,180681
OK,59,56,879,59,2014-08-08T06:10:00,23,21602412,180681
OK,50,66,879,50,2014-08-08T06:15:00,8,21602861,180681
OK,48,69,879,48,2014-08-08T06:20:00,6,21603310,180681
OK,48,69,879,48,2014-08-08T06:25:00,0,21603759,180681
OK,62,53,879,62,2014-08-08T06:30:00,12,21604208,180681
OK,55,60,879,55,2014-08-08T06:35:00,18,21604657,180681
OK,54,61,879,54,2014-08-08T06:40:00,24,21605106,180681
OK,53,62,879,53,2014-08-08T06:45:00,16,21605555,180681
OK,72,46,879,72,2014-08-08T06:50:00,13,21606004,180681
OK,60,55,879,60,2014-08-08T06:55:00,17,21606453,180681
OK,60,55,879,60,2014-08-08T07:00:00,20,21606902,180681
OK,80,41,879,80,2014-08-08T07:05:00,11,21607351,180681
OK,48,69,879,48,2014-08-08T07:10:00,7,21607800,180681
OK,54,61,879,54,2014-08-08T07:15:00,15,21608249,180681
OK,54,61,879,54,2014-08-08T07:20:00,17,21608698,180681
OK,51,64,879,51,2014-08-08T07:25:00,15,21609147,180681
OK,53,62,879,53,2014-08-08T07:30:00,16,21609596,180681
OK,56,59,879,56,2014-08-08T07:35:00,20,21610045,180681
OK,50,66,879,50,2014-08-08T07:40:00,21,21610494,180681
OK,51,64,879,51,2014-08-08T07:45:00,20,21610943,180681
OK,54,61,879,54,2014-08-08T07:50:00,22,21611392,180681
OK,68,48,879,68,2014-08-08T07:55:00,11,21611841,180681
OK,49,67,879,49,2014-08-08T08:00:00,10,21612290,180681
OK,58,57,879,58,2014-08-08T08:05:00,12,21612739,180681
OK,52,63,879,52,2014-08-08T08:10:00,11,21613188,180681
OK,45,73,879,45,2014-08-08T08:15:00,8,21613637,180681
OK,48,69,879,48,2014-08-08T08:20:00,10,21614086,180681
OK,78,42,879,78,2014-08-08T08:25:00,17,21614535,180681
OK,79,41,879,79,2014-08-08T08:30:00,22,21614984,180681
OK,50,66,879,50,2014-08-08T08:35:00,16,21615433,180681
OK,69,48,879,69,2014-08-08T08:40:00,16,21615882,180681
OK,75,44,879,75,2014-08-08T08:45:00,22,21616331,180681
OK,55,60,879,55,2014-08-08T08:50:00,24,21616780,180681
OK,54,61,879,54,2014-08-08T08:55:00,21,21617229,180681
OK,48,69,879,48,2014-08-08T09:00:00,17,21617678,180681
OK,48,69,879,48,2014-08-08T09:05:00,16,21618127,180681
OK,55,60,879,55,2014-08-08T09:10:00,14,21618576,180681
OK,65,50,879,65,2014-08-08T09:15:00,12,21619025,180681
OK,61,54,879,61,2014-08-08T09:20:00,16,21619474,180681
OK,57,58,879,57,2014-08-08T09:25:00,23,21619923,180681
OK,53,62,879,53,2014-08-08T09:30:00,29,21620372,180681
OK,61,54,879,61,2014-08-08T09:35:00,34,21620821,180681
OK,59,56,879,59,2014-08-08T09:40:00,32,21621270,180681
OK,51,64,879,51,2014-08-08T09:45:00,29,21621719,180681
OK,63,52,879,63,2014-08-08T09:50:00,24,21622168,180681
OK,73,45,879,73,2014-08-08T09:55:00,19,21622617,180681
OK,74,44,879,74,2014-08-08T10:00:00,14,21623066,180681
OK,72,46,879,72,2014-08-08T10:05:00,12,21623515,180681
OK,64,51,879,64,2014-08-08T10:10:00,12,21623964,180681
OK,56,59,879,56,2014-08-08T10:15:00,11,21624413,180681
OK,72,46,879,72,2014-08-08T10:25:00,15,21625284,180681
OK,68,48,879,68,2014-08-08T10:30:00,14,21625733,180681
OK,62,53,879,62,2014-08-08T10:35:00,17,21626182,180681
OK,58,57,879,58,2014-08-08T10:40:00,16,21626631,180681
OK,66,50,879,66,2014-08-08T10:50:00,16,21627529,180681
OK,57,58,879,57,2014-08-08T10:55:00,16,21627978,180681
OK,66,50,879,66,2014-08-08T11:00:00,19,21628427,180681
OK,76,43,879,76,2014-08-08T11:05:00,18,21628876,180681
OK,54,61,879,54,2014-08-08T11:10:00,21,21629325,180681
OK,55,60,879,55,2014-08-08T11:15:00,26,21629774,180681
OK,59,56,879,59,2014-08-08T11:20:00,17,21630223,180681
OK,51,64,879,51,2014-08-08T11:25:00,8,21630672,180681
OK,69,48,879,69,2014-08-08T11:30:00,10,21631121,180681
OK,62,53,879,62,2014-08-08T11:35:00,23,21631570,180681
OK,64,51,879,64,2014-08-08T11:40:00,18,21632019,180681
OK,66,50,879,66,2014-08-08T11:45:00,18,21632468,180681
OK,74,44,879,74,2014-08-08T11:50:00,20,21632917,180681
OK,57,58,879,57,2014-08-08T11:55:00,13,21633366,180681
OK,61,54,879,61,2014-08-08T12:00:00,17,21633815,180681
OK,64,51,879,64,2014-08-08T12:05:00,22,21634264,180681
OK,68,48,879,68,2014-08-08T12:10:00,18,21634713,180681
OK,69,48,879,69,2014-08-08T12:15:00,24,21635162,180681
OK,80,41,879,80,2014-08-08T12:20:00,20,21635611,180681
OK,81,40,879,81,2014-08-08T12:25:00,18,21636060,180681
OK,79,41,879,79,2014-08-08T12:30:00,17,21636509,180681
OK,75,44,879,75,2014-08-08T12:35:00,12,21636958,180681
OK,61,54,879,61,2014-08-08T12:40:00,23,21637407,180681
OK,59,56,879,59,2014-08-08T12:45:00,28,21637856,180681
OK,60,55,879,60,2014-08-08T12:50:00,17,21638305,180681
OK,50,66,879,50,2014-08-08T12:55:00,11,21638754,180681
OK,69,48,879,69,2014-08-08T13:00:00,16,21639203,180681
OK,72,46,879,72,2014-08-08T13:05:00,17,21639652,180681
OK,71,46,879,71,2014-08-08T13:10:00,24,21640101,180681
OK,66,50,879,66,2014-08-08T13:15:00,26,21640550,180681
OK,79,41,879,79,2014-08-08T13:20:00,30,21640999,180681
OK,81,40,879,81,2014-08-08T13:25:00,24,21641448,180681
OK,80,41,879,80,2014-08-08T13:30:00,16,21641897,180681
OK,78,42,879,78,2014-08-08T13:35:00,30,21642346,180681
OK,78,42,879,78,2014-08-08T13:40:00,33,21642795,180681
OK,65,50,879,65,2014-08-08T13:45:00,15,21643244,180681
OK,61,54,879,61,2014-08-08T13:50:00,16,21643693,180681
OK,64,51,879,64,2014-08-08T13:55:00,16,21644142,180681
OK,67,49,879,67,2014-08-08T14:00:00,11,21644591,180681
OK,56,59,879,56,2014-08-08T14:05:00,13,21645040,180681
OK,45,73,879,45,2014-08-08T14:10:00,16,21645489,180681
OK,49,67,879,49,2014-08-08T14:15:00,21,21645938,180681
OK,83,39,879,83,2014-08-08T14:20:00,25,21646387,180681
OK,83,39,879,83,2014-08-08T14:25:00,16,21646836,180681
OK,47,70,879,47,2014-08-08T14:30:00,10,21647285,180681
OK,58,57,879,58,2014-08-08T14:35:00,19,21647734,180681
OK,54,61,879,54,2014-08-08T14:40:00,16,21648183,180681
OK,73,45,879,73,2014-08-08T14:45:00,10,21648632,180681
OK,51,64,879,51,2014-08-08T14:50:00,13,21649081,180681
OK,43,77,879,43,2014-08-08T14:55:00,12,21649530,180681
OK,74,44,879,74,2014-08-08T15:00:00,11,21649979,180681
OK,43,77,879,43,2014-08-08T15:05:00,14,21650428,180681
OK,42,78,879,42,2014-08-08T15:10:00,13,21650877,180681
OK,61,54,879,61,2014-08-08T15:15:00,8,21651326,180681
OK,70,47,879,70,2014-08-08T15:20:00,13,21651775,180681
OK,54,61,879,54,2014-08-08T15:25:00,16,21652224,180681
OK,47,70,879,47,2014-08-08T15:30:00,15,21652673,180681
OK,50,66,879,50,2014-08-08T15:35:00,15,21653122,180681
OK,48,69,879,48,2014-08-08T15:40:00,11,21653571,180681
OK,45,73,879,45,2014-08-08T15:45:00,10,21654020,180681
OK,46,72,879,46,2014-08-08T15:50:00,10,21654469,180681
OK,47,70,879,47,2014-08-08T15:55:00,7,21654918,180681
OK,44,75,879,44,2014-08-08T16:00:00,7,21655367,180681
OK,44,75,879,44,2014-08-08T16:05:00,3,21655816,180681
OK,43,77,879,43,2014-08-08T16:10:00,4,21656265,180681
OK,44,75,879,44,2014-08-08T16:15:00,14,21656714,180681
OK,47,70,879,47,2014-08-08T16:20:00,15,21657163,180681
OK,47,70,879,47,2014-08-08T16:25:00,15,21657612,180681
OK,44,75,879,44,2014-08-08T16:30:00,10,21658061,180681
OK,64,51,879,64,2014-08-08T16:35:00,3,21658510,180681
OK,44,75,879,44,2014-08-08T16:40:00,5,21658959,180681
OK,44,75,879,44,2014-08-08T16:45:00,7,21659408,180681
OK,46,72,879,46,2014-08-08T16:50:00,7,21659857,180681
OK,47,70,879,47,2014-08-08T16:55:00,4,21660306,180681
OK,49,67,879,49,2014-08-08T17:00:00,3,21660755,180681
OK,46,72,879,46,2014-08-08T17:05:00,5,21661204,180681
OK,46,72,879,46,2014-08-08T17:10:00,7,21661653,180681
OK,52,63,879,52,2014-08-08T17:15:00,7,21662102,180681
OK,48,69,879,48,2014-08-08T17:20:00,7,21662551,180681
OK,48,69,879,48,2014-08-08T17:25:00,7,21663000,180681
OK,46,72,879,46,2014-08-08T17:30:00,8,21663449,180681
OK,50,66,879,50,2014-08-08T17:35:00,7,21663898,180681
OK,51,64,879,51,2014-08-08T17:40:00,11,21664347,180681
OK,44,75,879,44,2014-08-08T17:45:00,9,21664796,180681
OK,46,72,879,46,2014-08-08T17:50:00,8,21665245,180681
OK,52,63,879,52,2014-08-08T17:55:00,9,21665694,180681
OK,54,61,879,54,2014-08-08T18:00:00,6,21666143,180681
OK,40,82,879,40,2014-08-08T18:05:00,7,21666592,180681
OK,46,72,879,46,2014-08-08T18:10:00,5,21667041,180681
OK,48,69,879,48,2014-08-08T18:15:00,3,21667490,180681
OK,48,69,879,48,2014-08-08T18:20:00,3,21667939,180681
OK,45,73,879,45,2014-08-08T18:25:00,4,21668388,180681
OK,52,63,879,52,2014-08-08T18:30:00,6,21668837,180681
OK,62,53,879,62,2014-08-08T18:35:00,5,21669286,180681
OK,44,75,879,44,2014-08-08T18:40:00,5,21669735,180681
OK,44,75,879,44,2014-08-08T18:45:00,3,21670184,180681
OK,48,69,879,48,2014-08-08T18:50:00,5,21670633,180681
OK,51,64,879,51,2014-08-08T19:00:00,1,21671531,180681
OK,45,73,879,45,2014-08-08T19:05:00,4,21671980,180681
OK,45,73,879,45,2014-08-08T19:10:00,5,21672429,180681
OK,63,52,879,63,2014-08-08T19:15:00,6,21672878,180681
OK,48,69,879,48,2014-08-08T19:20:00,7,21673327,180681
OK,42,78,879,42,2014-08-08T19:25:00,3,21673776,180681
OK,46,72,879,46,2014-08-08T19:30:00,2,21674225,180681
OK,63,52,879,63,2014-08-08T19:35:00,2,21674674,180681
OK,79,41,879,79,2014-08-08T19:40:00,2,21675123,180681
OK,60,55,879,60,2014-08-08T19:45:00,2,21675572,180681
OK,41,80,879,41,2014-08-08T19:50:00,4,21676021,180681
OK,42,78,879,42,2014-08-08T19:55:00,5,21676470,180681
OK,45,73,879,45,2014-08-08T21:30:00,5,21683321,180681
OK,85,38,879,85,2014-08-08T21:50:00,1,21684743,180681
OK,58,57,879,58,2014-08-08T22:00:00,0,21685176,180681
OK,43,77,879,43,2014-08-08T22:05:00,1,21685562,180681
OK,49,67,879,49,2014-08-08T22:25:00,4,21687125,180681
OK,68,48,879,68,2014-08-09T00:00:00,0,21692544,180681
OK,48,69,879,48,2014-08-09T00:15:00,0,21693100,180681
OK,57,58,879,57,2014-08-09T00:20:00,2,21693549,180681
OK,57,58,879,57,2014-08-09T00:25:00,2,21693998,180681
OK,53,62,879,53,2014-08-09T00:30:00,0,21694447,180681
OK,53,62,879,53,2014-08-09T00:35:00,0,21694896,180681
OK,53,62,879,53,2014-08-09T00:40:00,0,21695345,180681
OK,53,62,879,53,2014-08-09T00:45:00,0,21695794,180681
OK,52,63,879,52,2014-08-09T00:50:00,2,21696243,180681
OK,52,63,879,52,2014-08-09T00:55:00,0,21696692,180681
OK,52,63,879,52,2014-08-09T01:00:00,0,21697141,180681
OK,52,63,879,52,2014-08-09T01:05:00,0,21697590,180681
OK,80,41,879,80,2014-08-09T01:10:00,2,21698039,180681
OK,62,53,879,62,2014-08-09T01:15:00,1,21698485,180681
OK,41,80,879,41,2014-08-09T01:20:00,2,21698934,180681
OK,36,92,879,36,2014-08-09T01:25:00,1,21699383,180681
OK,47,70,879,47,2014-08-09T01:30:00,1,21699832,180681
OK,43,77,879,43,2014-08-09T01:35:00,1,21700281,180681
OK,43,77,879,43,2014-08-09T01:40:00,0,21700730,180681
OK,43,77,879,43,2014-08-09T01:45:00,0,21701179,180681
OK,43,77,879,43,2014-08-09T01:50:00,0,21701628,180681
OK,39,84,879,39,2014-08-09T01:55:00,1,21702077,180681
OK,39,84,879,39,2014-08-09T02:00:00,2,21702526,180681
OK,40,82,879,40,2014-08-09T02:05:00,0,21702975,180681
OK,40,82,879,40,2014-08-09T02:10:00,0,21703424,180681
OK,40,82,879,40,2014-08-09T02:15:00,0,21703873,180681
OK,40,82,879,40,2014-08-09T02:20:00,0,21704322,180681
OK,51,64,879,51,2014-08-09T02:25:00,1,21704771,180681
OK,51,64,879,51,2014-08-09T02:30:00,0,21705220,180681
OK,51,64,879,51,2014-08-09T02:35:00,0,21705669,180681
OK,52,63,879,52,2014-08-09T02:40:00,1,21706118,180681
OK,46,72,879,46,2014-08-09T02:45:00,2,21706567,180681
OK,41,80,879,41,2014-08-09T02:50:00,0,21707016,180681
OK,48,69,879,48,2014-08-09T02:55:00,1,21707465,180681
OK,48,69,879,48,2014-08-09T03:00:00,0,21707914,180681
OK,48,69,879,48,2014-08-09T03:05:00,0,21708363,180681
OK,48,69,879,48,2014-08-09T03:10:00,0,21708812,180681
OK,48,69,879,48,2014-08-09T03:15:00,0,21709261,180681
OK,48,69,879,48,2014-08-09T03:20:00,0,21709710,180681
OK,56,59,879,56,2014-08-09T03:25:00,1,21710159,180681
OK,56,59,879,56,2014-08-09T03:30:00,0,21710608,180681
OK,56,59,879,56,2014-08-09T03:35:00,0,21711057,180681
OK,56,59,879,56,2014-08-09T03:40:00,0,21711506,180681
OK,50,66,879,50,2014-08-09T03:45:00,1,21711955,180681
OK,50,66,879,50,2014-08-09T03:50:00,0,21712404,180681
OK,34,97,879,34,2014-08-09T03:55:00,1,21712853,180681
OK,42,78,879,42,2014-08-09T04:10:00,1,21714340,180681
OK,34,97,879,34,2014-08-09T04:25:00,1,21715653,180681
OK,36,92,879,36,2014-08-09T04:30:00,2,21716075,180681
OK,46,72,879,46,2014-08-09T04:35:00,1,21716470,180681
OK,66,50,879,66,2014-08-09T04:45:00,1,21717316,180681
OK,77,43,879,77,2014-08-09T04:50:00,1,21717765,180681
OK,58,57,879,58,2014-08-09T04:55:00,2,21718203,180681
OK,43,77,879,43,2014-08-09T05:00:00,2,21718651,180681
OK,49,67,879,49,2014-08-09T05:05:00,2,21719086,180681
OK,49,67,879,49,2014-08-09T05:10:00,4,21719534,180681
OK,50,66,879,50,2014-08-09T05:15:00,3,21719968,180681
OK,50,66,879,50,2014-08-09T05:20:00,1,21720383,180681
OK,44,75,879,44,2014-08-09T05:25:00,1,21720825,180681
OK,44,75,879,44,2014-08-09T05:30:00,0,21721243,180681
OK,44,75,879,44,2014-08-09T05:35:00,0,21721690,180681
OK,46,72,879,46,2014-08-09T05:40:00,1,21722119,180681
OK,46,72,879,46,2014-08-09T05:45:00,0,21722539,180681
OK,48,69,879,48,2014-08-09T05:50:00,1,21722977,180681
OK,46,72,879,46,2014-08-09T06:00:00,2,21723426,180681
OK,47,70,879,47,2014-08-09T06:05:00,2,21723875,180681
OK,47,70,879,47,2014-08-09T06:10:00,0,21724324,180681
OK,47,70,879,47,2014-08-09T06:15:00,0,21724773,180681
OK,77,43,879,77,2014-08-09T06:20:00,3,21725222,180681
OK,72,46,879,72,2014-08-09T06:25:00,4,21725671,180681
OK,69,48,879,69,2014-08-09T06:30:00,2,21726120,180681
OK,68,48,879,68,2014-08-09T06:35:00,5,21726569,180681
OK,45,73,879,45,2014-08-09T06:40:00,10,21727018,180681
OK,47,70,879,47,2014-08-09T06:45:00,11,21727467,180681
OK,70,47,879,70,2014-08-09T06:50:00,7,21727916,180681
OK,56,59,879,56,2014-08-09T06:55:00,5,21728365,180681
OK,49,67,879,49,2014-08-09T07:00:00,2,21728814,180681
OK,43,77,879,43,2014-08-09T07:05:00,3,21729263,180681
OK,42,78,879,42,2014-08-09T07:10:00,4,21729712,180681
OK,50,66,879,50,2014-08-09T07:15:00,16,21730161,180681
OK,57,58,879,57,2014-08-09T07:20:00,17,21730610,180681
OK,47,70,879,47,2014-08-09T07:25:00,9,21731059,180681
OK,46,72,879,46,2014-08-09T07:30:00,10,21731508,180681
OK,41,80,879,41,2014-08-09T07:35:00,3,21731957,180681
OK,59,56,879,59,2014-08-09T07:40:00,6,21732406,180681
OK,49,67,879,49,2014-08-09T07:45:00,9,21732855,180681
OK,46,72,879,46,2014-08-09T07:50:00,4,21733304,180681
OK,45,73,879,45,2014-08-09T07:55:00,7,21733753,180681
OK,46,72,879,46,2014-08-09T08:00:00,14,21734202,180681
OK,49,67,879,49,2014-08-09T08:05:00,16,21734651,180681
OK,68,48,879,68,2014-08-09T08:10:00,12,21735100,180681
OK,69,48,879,69,2014-08-09T08:15:00,12,21735549,180681
OK,71,46,879,71,2014-08-09T08:20:00,12,21735998,180681
OK,60,55,879,60,2014-08-09T08:25:00,14,21736447,180681
OK,56,59,879,56,2014-08-09T08:30:00,19,21736896,180681
OK,61,54,879,61,2014-08-09T08:35:00,15,21737345,180681
OK,45,73,879,45,2014-08-09T08:40:00,9,21737794,180681
OK,47,70,879,47,2014-08-09T08:45:00,11,21738243,180681
OK,49,67,879,49,2014-08-09T08:50:00,11,21738692,180681
OK,50,66,879,50,2014-08-09T08:55:00,9,21739141,180681
OK,50,66,879,50,2014-08-09T09:00:00,9,21739590,180681
OK,52,63,879,52,2014-08-09T09:05:00,9,21740039,180681
OK,45,73,879,45,2014-08-09T09:10:00,9,21740488,180681
OK,44,75,879,44,2014-08-09T09:15:00,9,21740937,180681
OK,48,69,879,48,2014-08-09T09:20:00,7,21741386,180681
OK,56,59,879,56,2014-08-09T09:25:00,12,21741835,180681
OK,68,48,879,68,2014-08-09T09:30:00,16,21742284,180681
OK,71,46,879,71,2014-08-09T09:35:00,16,21742733,180681
OK,62,53,879,62,2014-08-09T09:40:00,10,21743182,180681
OK,58,57,879,58,2014-08-09T09:45:00,13,21743631,180681
OK,65,50,879,65,2014-08-09T09:50:00,14,21744080,180681
OK,65,50,879,65,2014-08-09T09:55:00,14,21744529,180681
OK,66,50,879,66,2014-08-09T10:00:00,17,21744978,180681
OK,50,66,879,50,2014-08-09T10:05:00,15,21745427,180681
OK,49,67,879,49,2014-08-09T10:10:00,16,21745876,180681
OK,51,64,879,51,2014-08-09T10:15:00,15,21746325,180681
OK,50,66,879,50,2014-08-09T10:20:00,13,21746774,180681
OK,49,67,879,49,2014-08-09T10:25:00,14,21747223,180681
OK,56,59,879,56,2014-08-09T10:30:00,14,21747672,180681
OK,70,47,879,70,2014-08-09T10:35:00,15,21748121,180681
OK,79,41,879,79,2014-08-09T10:40:00,12,21748570,180681
OK,84,39,879,84,2014-08-09T10:45:00,11,21749019,180681
OK,80,41,879,80,2014-08-09T10:50:00,16,21749468,180681
OK,57,58,879,57,2014-08-09T10:55:00,16,21749917,180681
OK,51,64,879,51,2014-08-09T11:00:00,9,21750366,180681
OK,50,66,879,50,2014-08-09T11:05:00,12,21750815,180681
OK,61,54,879,61,2014-08-09T11:10:00,16,21751264,180681
OK,72,46,879,72,2014-08-09T11:15:00,19,21751713,180681
OK,74,44,879,74,2014-08-09T11:20:00,17,21752162,180681
OK,52,63,879,52,2014-08-09T11:25:00,11,21752611,180681
OK,52,63,879,52,2014-08-09T11:30:00,15,21753060,180681
OK,65,50,879,65,2014-08-09T11:35:00,18,21753509,180681
OK,68,48,879,68,2014-08-09T11:40:00,12,21753958,180681
OK,52,63,879,52,2014-08-09T11:45:00,16,21754407,180681
OK,56,59,879,56,2014-08-09T11:50:00,15,21754856,180681
OK,54,61,879,54,2014-08-09T11:55:00,6,21755305,180681
OK,49,67,879,49,2014-08-09T12:00:00,12,21755754,180681
OK,48,69,879,48,2014-08-09T12:05:00,11,21756203,180681
OK,52,63,879,52,2014-08-09T12:10:00,13,21756652,180681
OK,51,64,879,51,2014-08-09T12:15:00,14,21757101,180681
OK,58,57,879,58,2014-08-09T12:20:00,13,21757550,180681
OK,57,58,879,57,2014-08-09T12:25:00,15,21757999,180681
OK,54,61,879,54,2014-08-09T12:30:00,12,21758448,180681
OK,54,61,879,54,2014-08-09T12:35:00,22,21758897,180681
OK,49,67,879,49,2014-08-09T12:40:00,22,21759346,180681
OK,50,66,879,50,2014-08-09T12:45:00,7,21759795,180681
OK,59,56,879,59,2014-08-09T12:50:00,5,21760244,180681
OK,51,64,879,51,2014-08-09T12:55:00,6,21760693,180681
OK,66,50,879,66,2014-08-09T13:00:00,11,21761142,180681
OK,59,56,879,59,2014-08-09T13:05:00,21,21761591,180681
OK,55,60,879,55,2014-08-09T13:10:00,18,21762040,180681
OK,49,67,879,49,2014-08-09T13:15:00,15,21762489,180681
OK,62,53,879,62,2014-08-09T13:20:00,9,21762938,180681
OK,60,55,879,60,2014-08-09T13:25:00,5,21763387,180681
OK,65,50,879,65,2014-08-09T13:30:00,6,21763836,180681
OK,52,63,879,52,2014-08-09T13:35:00,8,21764285,180681
OK,49,67,879,49,2014-08-09T13:40:00,11,21764734,180681
OK,49,67,879,49,2014-08-09T13:45:00,11,21765183,180681
OK,55,60,879,55,2014-08-09T13:50:00,7,21765632,180681
OK,64,51,879,64,2014-08-09T13:55:00,8,21766081,180681
OK,73,45,879,73,2014-08-09T14:00:00,5,21766530,180681
OK,54,61,879,54,2014-08-09T14:05:00,6,21766979,180681
OK,43,77,879,43,2014-08-09T14:10:00,4,21767428,180681
OK,45,73,879,45,2014-08-09T14:15:00,7,21767877,180681
OK,49,67,879,49,2014-08-09T14:20:00,18,21768326,180681
OK,49,67,879,49,2014-08-09T14:25:00,16,21768775,180681
OK,44,75,879,44,2014-08-09T14:30:00,4,21769224,180681
OK,42,78,879,42,2014-08-09T14:35:00,10,21769673,180681
OK,42,78,879,42,2014-08-09T14:40:00,16,21770122,180681
OK,43,77,879,43,2014-08-09T14:45:00,11,21770571,180681
OK,45,73,879,45,2014-08-09T14:50:00,10,21771020,180681
OK,45,73,879,45,2014-08-09T14:55:00,12,21771469,180681
OK,49,67,879,49,2014-08-09T15:00:00,11,21771918,180681
OK,47,70,879,47,2014-08-09T15:05:00,12,21772367,180681
OK,75,44,879,75,2014-08-09T15:10:00,13,21772816,180681
OK,48,69,879,48,2014-08-09T15:15:00,11,21773265,180681
OK,48,69,879,48,2014-08-09T15:20:00,14,21773714,180681
OK,53,62,879,53,2014-08-09T15:25:00,12,21774163,180681
OK,52,63,879,52,2014-08-09T15:30:00,10,21774612,180681
OK,58,57,879,58,2014-08-09T15:35:00,11,21775061,180681
OK,53,62,879,53,2014-08-09T15:40:00,12,21775510,180681
OK,47,70,879,47,2014-08-09T15:45:00,11,21775959,180681
OK,58,57,879,58,2014-08-09T15:50:00,6,21776408,180681
OK,85,38,879,85,2014-08-09T15:55:00,4,21776857,180681
OK,57,58,879,57,2014-08-09T16:00:00,8,21777306,180681
OK,60,55,879,60,2014-08-09T16:05:00,11,21777755,180681
OK,68,48,879,68,2014-08-09T16:10:00,6,21778204,180681
OK,52,63,879,52,2014-08-09T16:15:00,6,21778653,180681
OK,62,53,879,62,2014-08-09T16:20:00,8,21779102,180681
OK,54,61,879,54,2014-08-09T16:25:00,7,21779551,180681
OK,41,80,879,41,2014-08-09T16:30:00,5,21780000,180681
OK,38,87,879,38,2014-08-09T16:35:00,2,21780449,180681
OK,47,70,879,47,2014-08-09T16:40:00,5,21780898,180681
OK,51,64,879,51,2014-08-09T16:45:00,8,21781347,180681
OK,50,66,879,50,2014-08-09T16:50:00,7,21781796,180681
OK,46,72,879,46,2014-08-09T16:55:00,5,21782245,180681
OK,45,73,879,45,2014-08-09T17:05:00,5,21783121,180681
OK,45,73,879,45,2014-08-09T17:10:00,3,21783570,180681
OK,51,64,879,51,2014-08-09T17:15:00,2,21784019,180681
OK,45,73,879,45,2014-08-09T17:20:00,6,21784468,180681
OK,45,73,879,45,2014-08-09T17:25:00,7,21784917,180681
OK,37,89,879,37,2014-08-09T17:30:00,6,21785366,180681
OK,41,80,879,41,2014-08-09T17:35:00,7,21785815,180681
OK,48,69,879,48,2014-08-09T17:40:00,4,21786264,180681
OK,41,80,879,41,2014-08-09T17:45:00,7,21786713,180681
OK,41,80,879,41,2014-08-09T17:50:00,3,21787162,180681
OK,77,43,879,77,2014-08-09T17:55:00,2,21787611,180681
OK,48,69,879,48,2014-08-09T18:00:00,6,21788060,180681
OK,47,70,879,47,2014-08-09T18:05:00,6,21788509,180681
OK,62,53,879,62,2014-08-09T18:10:00,6,21788958,180681
OK,62,53,879,62,2014-08-09T18:15:00,4,21789407,180681
OK,48,69,879,48,2014-08-09T18:20:00,2,21789856,180681
OK,45,73,879,45,2014-08-09T18:25:00,2,21790305,180681
OK,43,77,879,43,2014-08-09T18:30:00,2,21790754,180681
OK,49,67,879,49,2014-08-09T18:35:00,5,21791203,180681
OK,54,61,879,54,2014-08-09T18:40:00,10,21791652,180681
OK,56,59,879,56,2014-08-09T18:45:00,8,21792101,180681
OK,52,63,879,52,2014-08-09T18:50:00,4,21792550,180681
OK,66,50,879,66,2014-08-09T18:55:00,4,21792999,180681
OK,48,69,879,48,2014-08-09T19:00:00,3,21793448,180681
OK,34,97,879,34,2014-08-09T19:05:00,4,21793897,180681
OK,45,73,879,45,2014-08-09T19:10:00,7,21794346,180681
OK,46,72,879,46,2014-08-09T19:15:00,6,21794795,180681
OK,60,55,879,60,2014-08-09T19:20:00,4,21795244,180681
OK,60,55,879,60,2014-08-09T19:25:00,4,21795693,180681
OK,55,60,879,55,2014-08-09T19:30:00,5,21796142,180681
OK,48,69,879,48,2014-08-09T19:35:00,4,21796591,180681
OK,48,69,879,48,2014-08-09T19:40:00,5,21797040,180681
OK,44,75,879,44,2014-08-09T19:45:00,7,21797489,180681
OK,60,55,879,60,2014-08-09T19:50:00,2,21797938,180681
OK,73,45,879,73,2014-08-09T19:55:00,5,21798387,180681
OK,59,56,879,59,2014-08-09T20:00:00,10,21798836,180681
OK,54,61,879,54,2014-08-09T20:05:00,4,21799285,180681
OK,52,63,879,52,2014-08-09T20:10:00,5,21799734,180681
OK,51,64,879,51,2014-08-09T20:15:00,8,21800183,180681
OK,49,67,879,49,2014-08-09T20:20:00,3,21800632,180681
OK,54,61,879,54,2014-08-09T20:25:00,4,21801081,180681
OK,53,62,879,53,2014-08-09T20:30:00,10,21801530,180681
OK,61,54,879,61,2014-08-09T20:35:00,7,21801979,180681
OK,76,43,879,76,2014-08-09T20:40:00,3,21802428,180681
OK,73,45,879,73,2014-08-09T20:45:00,2,21802877,180681
OK,40,82,879,40,2014-08-09T20:50:00,1,21803326,180681
OK,50,66,879,50,2014-08-09T20:55:00,4,21803775,180681
OK,60,55,879,60,2014-08-09T21:00:00,4,21804224,180681
OK,45,73,879,45,2014-08-09T21:05:00,4,21804673,180681
OK,49,67,879,49,2014-08-09T21:10:00,3,21805122,180681
OK,58,57,879,58,2014-08-09T21:15:00,5,21805571,180681
OK,60,55,879,60,2014-08-09T21:20:00,5,21806020,180681
OK,73,45,879,73,2014-08-09T21:25:00,2,21806469,180681
OK,74,44,879,74,2014-08-09T21:30:00,0,21806918,180681
OK,75,44,879,75,2014-08-09T21:35:00,1,21807367,180681
OK,57,58,879,57,2014-08-09T21:40:00,4,21807816,180681
OK,54,61,879,54,2014-08-09T21:45:00,5,21808265,180681
OK,44,75,879,44,2014-08-09T21:50:00,0,21808714,180681
OK,54,61,879,54,2014-08-09T21:55:00,3,21809163,180681
OK,66,50,879,66,2014-08-09T22:00:00,0,21809612,180681
OK,64,51,879,64,2014-08-09T22:05:00,1,21810061,180681
OK,52,63,879,52,2014-08-09T22:10:00,3,21810510,180681
OK,49,67,879,49,2014-08-09T22:15:00,3,21810959,180681
OK,50,66,879,50,2014-08-09T22:20:00,0,21811408,180681
OK,64,51,879,64,2014-08-09T22:25:00,3,21811857,180681
OK,56,59,879,56,2014-08-09T22:30:00,4,21812306,180681
OK,45,73,879,45,2014-08-09T22:35:00,0,21812754,180681
OK,48,69,879,48,2014-08-09T22:40:00,1,21813203,180681
OK,48,69,879,48,2014-08-09T22:45:00,1,21813652,180681
OK,47,70,879,47,2014-08-09T22:50:00,1,21814101,180681
OK,47,70,879,47,2014-08-09T22:55:00,0,21814550,180681
OK,53,62,879,53,2014-08-09T23:00:00,1,21814999,180681
OK,44,75,879,44,2014-08-09T23:15:00,1,21815487,180681
OK,48,69,879,48,2014-08-09T23:20:00,2,21815827,180681
OK,48,69,879,48,2014-08-09T23:25:00,0,21816276,180681
OK,56,59,879,56,2014-08-09T23:30:00,2,21816725,180681
OK,56,59,879,56,2014-08-09T23:35:00,2,21817164,180681
OK,47,70,879,47,2014-08-09T23:40:00,2,21817565,180681
OK,52,63,879,52,2014-08-09T23:45:00,5,21818014,180681
OK,56,59,879,56,2014-08-09T23:50:00,2,21818430,180681
OK,62,53,879,62,2014-08-09T23:55:00,1,21818879,180681
OK,73,45,879,73,2014-08-10T00:00:00,1,21819328,180681
OK,52,63,879,52,2014-08-10T00:05:00,2,21819749,180681
OK,52,63,879,52,2014-08-10T00:10:00,2,21820198,180681
OK,60,55,879,60,2014-08-10T00:15:00,3,21820609,180681
OK,60,55,879,60,2014-08-10T00:20:00,1,21821058,180681
OK,71,46,879,71,2014-08-10T00:25:00,3,21821507,180681
OK,59,56,879,59,2014-08-10T00:30:00,2,21821956,180681
OK,49,67,879,49,2014-08-10T00:35:00,2,21822405,180681
OK,47,70,879,47,2014-08-10T00:40:00,0,21822854,180681
OK,47,70,879,47,2014-08-10T00:45:00,0,21823303,180681
OK,47,70,879,47,2014-08-10T00:50:00,0,21823752,180681
OK,47,70,879,47,2014-08-10T00:55:00,0,21824201,180681
OK,50,66,879,50,2014-08-10T01:00:00,1,21824650,180681
OK,50,66,879,50,2014-08-10T01:10:00,0,21825478,180681
OK,50,66,879,50,2014-08-10T01:15:00,0,21825927,180681
OK,31,106,879,31,2014-08-10T01:20:00,1,21826376,180681
OK,33,100,879,33,2014-08-10T01:25:00,1,21826808,180681
OK,40,82,879,40,2014-08-10T01:30:00,4,21827257,180681
OK,51,64,879,51,2014-08-10T01:35:00,3,21827706,180681
OK,45,73,879,45,2014-08-10T01:40:00,2,21828155,180681
OK,40,82,879,40,2014-08-10T01:45:00,1,21828600,180681
OK,57,58,879,57,2014-08-10T01:50:00,1,21829049,180681
OK,64,51,879,64,2014-08-10T01:55:00,2,21829498,180681
OK,46,72,879,46,2014-08-10T02:00:00,1,21829909,180681
OK,46,72,879,46,2014-08-10T02:05:00,1,21830358,180681
OK,46,72,879,46,2014-08-10T02:10:00,0,21830807,180681
OK,46,72,879,46,2014-08-10T02:15:00,0,21831256,180681
OK,46,72,879,46,2014-08-10T02:20:00,0,21831705,180681
OK,52,63,879,52,2014-08-10T02:25:00,1,21832153,180681
OK,52,63,879,52,2014-08-10T02:30:00,0,21832595,180681
OK,52,63,879,52,2014-08-10T02:35:00,0,21833029,180681
OK,38,87,879,38,2014-08-10T02:40:00,1,21833477,180681
OK,38,87,879,38,2014-08-10T02:45:00,1,21833926,180681
OK,38,87,879,38,2014-08-10T02:50:00,0,21834375,180681
OK,38,87,879,38,2014-08-10T02:55:00,0,21834802,180681
OK,38,87,879,38,2014-08-10T03:00:00,0,21835251,180681
OK,38,87,879,38,2014-08-10T03:05:00,0,21835700,180681
OK,38,87,879,38,2014-08-10T03:10:00,0,21836149,180681
OK,38,87,879,38,2014-08-10T03:15:00,0,21836598,180681
OK,38,87,879,38,2014-08-10T03:20:00,0,21837047,180681
OK,38,87,879,38,2014-08-10T03:25:00,0,21837496,180681
OK,38,87,879,38,2014-08-10T03:30:00,0,21837945,180681
OK,38,87,879,38,2014-08-10T03:35:00,1,21838394,180681
OK,60,55,879,60,2014-08-10T03:40:00,1,21838843,180681
OK,60,55,879,60,2014-08-10T03:45:00,0,21839292,180681
OK,60,55,879,60,2014-08-10T03:50:00,0,21839741,180681
OK,60,55,879,60,2014-08-10T03:55:00,1,21840190,180681
OK,47,70,879,47,2014-08-10T04:00:00,2,21840840,180681
OK,40,82,879,40,2014-08-10T04:05:00,2,21841279,180681
OK,59,56,879,59,2014-08-10T04:10:00,2,21841728,180681
OK,60,55,879,60,2014-08-10T04:15:00,2,21842175,180681
OK,63,52,879,63,2014-08-10T04:20:00,1,21842595,180681
OK,45,73,879,45,2014-08-10T04:30:00,1,21843044,180681
OK,45,73,879,45,2014-08-10T04:40:00,0,21843819,180681
OK,32,103,879,32,2014-08-10T05:00:00,1,21845357,180681
OK,48,69,879,48,2014-08-10T05:10:00,3,21846497,180681
OK,40,82,879,40,2014-08-10T05:25:00,2,21847761,180681
OK,45,73,879,45,2014-08-10T05:30:00,2,21848181,180681
OK,48,69,879,48,2014-08-10T05:35:00,1,21848618,180681
OK,55,60,879,55,2014-08-10T05:40:00,2,21849060,180681
OK,48,69,879,48,2014-08-10T05:45:00,4,21849493,180681
OK,45,73,879,45,2014-08-10T05:50:00,6,21849940,180681
OK,81,40,879,81,2014-08-10T06:00:00,0,21850389,180681
OK,81,40,879,81,2014-08-10T06:05:00,0,21850838,180681
OK,81,40,879,81,2014-08-10T06:10:00,0,21851287,180681
OK,81,40,879,81,2014-08-10T06:15:00,0,21851736,180681
OK,81,40,879,81,2014-08-10T06:20:00,0,21852185,180681
OK,81,40,879,81,2014-08-10T06:25:00,0,21852634,180681
OK,41,80,879,41,2014-08-10T06:30:00,2,21853083,180681
OK,66,50,879,66,2014-08-10T06:35:00,4,21853532,180681
OK,79,41,879,79,2014-08-10T06:40:00,3,21853981,180681
OK,42,78,879,42,2014-08-10T06:45:00,3,21854430,180681
OK,43,77,879,43,2014-08-10T06:50:00,4,21854879,180681
OK,44,75,879,44,2014-08-10T06:55:00,3,21855328,180681
OK,58,57,879,58,2014-08-10T07:00:00,2,21855777,180681
OK,55,60,879,55,2014-08-10T07:05:00,2,21856226,180681
OK,46,72,879,46,2014-08-10T07:10:00,2,21856675,180681
OK,66,50,879,66,2014-08-10T07:15:00,1,21857086,180681
OK,66,50,879,66,2014-08-10T07:20:00,1,21857535,180681
OK,77,43,879,77,2014-08-10T07:25:00,1,21857984,180681
OK,53,62,879,53,2014-08-10T07:30:00,3,21858433,180681
OK,53,62,879,53,2014-08-10T07:35:00,3,21858882,180681
OK,60,55,879,60,2014-08-10T07:40:00,2,21859331,180681
OK,51,64,879,51,2014-08-10T07:45:00,8,21859780,180681
OK,46,72,879,46,2014-08-10T07:50:00,8,21860229,180681
OK,47,70,879,47,2014-08-10T07:55:00,11,21860678,180681
OK,55,60,879,55,2014-08-10T08:00:00,10,21861124,180681
OK,49,67,879,49,2014-08-10T08:05:00,6,21861573,180681
OK,49,67,879,49,2014-08-10T08:10:00,4,21862022,180681
OK,57,58,879,57,2014-08-10T08:15:00,7,21862471,180681
OK,68,48,879,68,2014-08-10T08:20:00,6,21862920,180681
OK,54,61,879,54,2014-08-10T08:25:00,6,21863369,180681
OK,52,63,879,52,2014-08-10T08:30:00,6,21863818,180681
OK,51,64,879,51,2014-08-10T08:35:00,5,21864267,180681
OK,61,54,879,61,2014-08-10T08:40:00,5,21864716,180681
OK,66,50,879,66,2014-08-10T08:45:00,9,21865165,180681
OK,64,51,879,64,2014-08-10T08:50:00,6,21865614,180681
OK,47,70,879,47,2014-08-10T08:55:00,3,21866063,180681
OK,76,43,879,76,2014-08-10T09:00:00,4,21866512,180681
OK,86,38,879,86,2014-08-10T09:05:00,7,21866961,180681
OK,42,78,879,42,2014-08-10T09:10:00,8,21867410,180681
OK,47,70,879,47,2014-08-10T09:15:00,11,21867859,180681
OK,80,41,879,80,2014-08-10T09:20:00,5,21868308,180681
OK,68,48,879,68,2014-08-10T09:25:00,4,21868757,180681
OK,64,51,879,64,2014-08-10T09:30:00,7,21869206,180681
OK,68,48,879,68,2014-08-10T09:35:00,12,21869655,180681
OK,55,60,879,55,2014-08-10T09:40:00,12,21870104,180681
OK,55,60,879,55,2014-08-10T09:45:00,9,21870553,180681
OK,74,44,879,74,2014-08-10T09:50:00,4,21871002,180681
OK,70,47,879,70,2014-08-10T09:55:00,10,21871451,180681
OK,75,44,879,75,2014-08-10T10:00:00,6,21871900,180681
OK,51,64,879,51,2014-08-10T10:05:00,9,21872349,180681
OK,58,57,879,58,2014-08-10T10:10:00,15,21872798,180681
OK,58,57,879,58,2014-08-10T10:15:00,11,21873247,180681
OK,53,62,879,53,2014-08-10T10:20:00,9,21873696,180681
OK,51,64,879,51,2014-08-10T10:25:00,11,21874145,180681
OK,51,64,879,51,2014-08-10T10:30:00,11,21874594,180681
OK,60,55,879,60,2014-08-10T10:35:00,7,21875043,180681
OK,47,70,879,47,2014-08-10T10:40:00,11,21875492,180681
OK,50,66,879,50,2014-08-10T10:45:00,12,21875941,180681
OK,51,64,879,51,2014-08-10T10:50:00,12,21876390,180681
OK,54,61,879,54,2014-08-10T10:55:00,10,21876839,180681
OK,59,56,879,59,2014-08-10T11:00:00,9,21877288,180681
OK,83,39,879,83,2014-08-10T11:05:00,8,21877737,180681
OK,65,50,879,65,2014-08-10T11:10:00,10,21878186,180681
OK,65,50,879,65,2014-08-10T11:15:00,6,21878635,180681
OK,56,59,879,56,2014-08-10T11:20:00,7,21879084,180681
OK,45,73,879,45,2014-08-10T11:25:00,13,21879533,180681
OK,46,72,879,46,2014-08-10T11:30:00,14,21879982,180681
OK,65,50,879,65,2014-08-10T11:35:00,9,21880431,180681
OK,63,52,879,63,2014-08-10T11:40:00,10,21880880,180681
OK,47,70,879,47,2014-08-10T11:45:00,10,21881329,180681
OK,49,67,879,49,2014-08-10T11:50:00,9,21881778,180681
OK,57,58,879,57,2014-08-10T11:55:00,16,21882227,180681
OK,63,52,879,63,2014-08-10T12:00:00,17,21882676,180681
OK,65,50,879,65,2014-08-10T12:05:00,16,21883125,180681
OK,64,51,879,64,2014-08-10T12:10:00,12,21883574,180681
OK,58,57,879,58,2014-08-10T12:15:00,8,21884023,180681
OK,52,63,879,52,2014-08-10T12:20:00,12,21884472,180681
OK,54,61,879,54,2014-08-10T12:25:00,12,21884921,180681
OK,63,52,879,63,2014-08-10T12:30:00,10,21885370,180681
OK,64,51,879,64,2014-08-10T12:35:00,7,21885819,180681
OK,59,56,879,59,2014-08-10T12:40:00,6,21886268,180681
OK,73,45,879,73,2014-08-10T12:45:00,11,21886717,180681
OK,71,46,879,71,2014-08-10T12:50:00,8,21887166,180681
OK,57,58,879,57,2014-08-10T12:55:00,9,21887615,180681
OK,48,69,879,48,2014-08-10T13:00:00,8,21888064,180681
OK,51,64,879,51,2014-08-10T13:05:00,6,21888483,180681
OK,51,64,879,51,2014-08-10T13:10:00,8,21888932,180681
OK,49,67,879,49,2014-08-10T13:15:00,4,21889381,180681
OK,67,49,879,67,2014-08-10T13:20:00,5,21889830,180681
OK,50,66,879,50,2014-08-10T13:25:00,5,21890279,180681
OK,44,75,879,44,2014-08-10T13:30:00,7,21890728,180681
OK,44,75,879,44,2014-08-10T13:35:00,9,21891177,180681
OK,46,72,879,46,2014-08-10T13:40:00,8,21891626,180681
OK,54,61,879,54,2014-08-10T13:45:00,12,21892075,180681
OK,66,50,879,66,2014-08-10T13:50:00,11,21892524,180681
OK,55,60,879,55,2014-08-10T13:55:00,11,21892973,180681
OK,52,63,879,52,2014-08-10T14:00:00,8,21893422,180681
OK,62,53,879,62,2014-08-10T14:05:00,10,21893871,180681
OK,56,59,879,56,2014-08-10T14:10:00,14,21894320,180681
OK,58,57,879,58,2014-08-10T14:15:00,10,21894769,180681
OK,59,56,879,59,2014-08-10T14:20:00,10,21895218,180681
OK,64,51,879,64,2014-08-10T14:25:00,12,21895667,180681
OK,82,40,879,82,2014-08-10T14:30:00,5,21896116,180681
OK,51,64,879,51,2014-08-10T14:35:00,4,21896565,180681
OK,64,51,879,64,2014-08-10T14:40:00,12,21897014,180681
OK,62,53,879,62,2014-08-10T14:45:00,15,21897463,180681
OK,51,64,879,51,2014-08-10T14:50:00,9,21897912,180681
OK,44,75,879,44,2014-08-10T14:55:00,6,21898361,180681
OK,60,55,879,60,2014-08-10T15:00:00,8,21898810,180681
OK,73,45,879,73,2014-08-10T15:05:00,9,21899259,180681
OK,65,50,879,65,2014-08-10T15:10:00,13,21899708,180681
OK,50,66,879,50,2014-08-10T15:15:00,14,21900157,180681
OK,49,67,879,49,2014-08-10T15:20:00,10,21900606,180681
OK,43,77,879,43,2014-08-10T15:25:00,9,21901055,180681
OK,55,60,879,55,2014-08-10T15:30:00,15,21901504,180681
OK,59,56,879,59,2014-08-10T15:35:00,15,21901953,180681
OK,53,62,879,53,2014-08-10T15:40:00,16,21902402,180681
OK,55,60,879,55,2014-08-10T15:45:00,14,21902847,180681
OK,72,46,879,72,2014-08-10T15:50:00,11,21903296,180681
OK,59,56,879,59,2014-08-10T15:55:00,18,21903745,180681
OK,54,61,879,54,2014-08-10T16:00:00,13,21904194,180681
OK,47,70,879,47,2014-08-10T16:05:00,11,21904642,180681
OK,66,50,879,66,2014-08-10T16:10:00,7,21905070,180681
OK,64,51,879,64,2014-08-10T16:15:00,5,21905519,180681
OK,66,50,879,66,2014-08-10T16:20:00,7,21905968,180681
OK,66,50,879,66,2014-08-10T16:25:00,10,21906417,180681
OK,63,52,879,63,2014-08-10T16:30:00,7,21906866,180681
OK,63,52,879,63,2014-08-10T16:35:00,7,21907315,180681
OK,59,56,879,59,2014-08-10T16:40:00,6,21907764,180681
OK,48,69,879,48,2014-08-10T16:45:00,10,21908213,180681
OK,50,66,879,50,2014-08-10T16:50:00,10,21908662,180681
OK,49,67,879,49,2014-08-10T16:55:00,6,21909111,180681
OK,49,67,879,49,2014-08-10T17:00:00,6,21909560,180681
OK,43,77,879,43,2014-08-10T17:10:00,4,21910458,180681
OK,62,53,879,62,2014-08-10T17:15:00,6,21910907,180681
OK,68,48,879,68,2014-08-10T17:20:00,6,21911356,180681
OK,62,53,879,62,2014-08-10T17:25:00,6,21911805,180681
OK,59,56,879,59,2014-08-10T17:30:00,4,21912254,180681
OK,46,72,879,46,2014-08-10T17:35:00,6,21912703,180681
OK,48,69,879,48,2014-08-10T17:40:00,7,21913152,180681
OK,69,48,879,69,2014-08-10T17:45:00,1,21913601,180681
OK,69,48,879,69,2014-08-10T17:50:00,3,21914050,180681
OK,61,54,879,61,2014-08-10T17:55:00,6,21914499,180681
OK,52,63,879,52,2014-08-10T18:00:00,8,21914944,180681
OK,52,63,879,52,2014-08-10T18:05:00,5,21915393,180681
OK,46,72,879,46,2014-08-10T18:10:00,0,21915842,180681
OK,51,64,879,51,2014-08-10T18:20:00,5,21916679,180681
OK,49,67,879,49,2014-08-10T18:25:00,6,21917128,180681
OK,47,70,879,47,2014-08-10T18:30:00,4,21917577,180681
OK,43,77,879,43,2014-08-10T18:35:00,5,21918004,180681
OK,43,77,879,43,2014-08-10T18:40:00,3,21918453,180681
OK,65,50,879,65,2014-08-10T18:45:00,4,21918902,180681
OK,65,50,879,65,2014-08-10T18:50:00,4,21919351,180681
OK,42,78,879,42,2014-08-10T18:55:00,2,21919800,180681
OK,49,67,879,49,2014-08-10T19:00:00,2,21920249,180681
OK,47,70,879,47,2014-08-10T19:10:00,4,21921099,180681
OK,31,106,879,31,2014-08-10T19:15:00,0,21921548,180681
OK,31,106,879,31,2014-08-10T19:20:00,0,21921997,180681
OK,41,80,879,41,2014-08-10T19:25:00,2,21922446,180681
OK,44,75,879,44,2014-08-10T19:30:00,5,21922894,180681
OK,45,73,879,45,2014-08-10T19:35:00,5,21923343,180681
OK,58,57,879,58,2014-08-10T19:40:00,6,21923792,180681
OK,70,47,879,70,2014-08-10T19:45:00,7,21924241,180681
OK,43,77,879,43,2014-08-10T19:50:00,3,21924690,180681
OK,44,75,879,44,2014-08-10T20:00:00,5,21925436,180681
OK,59,56,879,59,2014-08-10T20:05:00,6,21925885,180681
OK,61,54,879,61,2014-08-10T20:10:00,5,21926317,180681
OK,67,49,879,67,2014-08-10T20:15:00,4,21926766,180681
OK,46,72,879,46,2014-08-10T20:20:00,4,21927190,180681
OK,76,43,879,76,2014-08-10T20:25:00,5,21927639,180681
OK,67,49,879,67,2014-08-10T20:30:00,4,21928088,180681
OK,47,70,879,47,2014-08-10T20:35:00,2,21928513,180681
OK,51,64,879,51,2014-08-10T20:40:00,5,21928962,180681
OK,50,66,879,50,2014-08-10T20:45:00,6,21929411,180681
OK,47,70,879,47,2014-08-10T20:50:00,3,21929813,180681
OK,84,39,879,84,2014-08-10T20:55:00,4,21930262,180681
OK,84,39,879,84,2014-08-10T21:00:00,2,21930711,180681
OK,87,38,879,87,2014-08-10T21:05:00,2,21931134,180681
OK,87,38,879,87,2014-08-10T21:10:00,2,21931556,180681
OK,46,72,879,46,2014-08-10T21:15:00,1,21932005,180681
OK,55,60,879,55,2014-08-10T21:20:00,3,21932454,180681
OK,55,60,879,55,2014-08-10T21:25:00,3,21932903,180681
OK,55,60,879,55,2014-08-10T21:30:00,0,21933352,180681
OK,55,60,879,55,2014-08-10T21:35:00,0,21933801,180681
OK,84,39,879,84,2014-08-10T21:40:00,1,21934250,180681
OK,51,64,879,51,2014-08-10T21:45:00,4,21934699,180681
OK,49,67,879,49,2014-08-10T21:50:00,6,21935148,180681
OK,49,67,879,49,2014-08-10T21:55:00,3,21935597,180681
OK,71,46,879,71,2014-08-10T22:00:00,0,21936046,180681
OK,65,50,879,65,2014-08-10T22:05:00,2,21936495,180681
OK,65,50,879,65,2014-08-10T22:10:00,2,21936944,180681
OK,46,72,879,46,2014-08-10T22:15:00,1,21937393,180681
OK,55,60,879,55,2014-08-10T22:20:00,2,21937842,180681
OK,53,62,879,53,2014-08-10T22:25:00,1,21938291,180681
OK,71,46,879,71,2014-08-10T22:30:00,1,21938740,180681
OK,79,41,879,79,2014-08-10T22:35:00,2,21939189,180681
OK,56,59,879,56,2014-08-10T22:40:00,2,21939638,180681
OK,62,53,879,62,2014-08-10T22:45:00,1,21940087,180681
OK,62,53,879,62,2014-08-10T22:50:00,0,21940536,180681
OK,39,84,879,39,2014-08-10T22:55:00,3,21940985,180681
OK,39,84,879,39,2014-08-10T23:00:00,3,21941434,180681
OK,46,72,879,46,2014-08-10T23:05:00,0,21941883,180681
OK,128,25,879,128,2014-08-10T23:10:00,1,21942332,180681
OK,128,25,879,128,2014-08-10T23:15:00,0,21942781,180681
OK,50,66,879,50,2014-08-10T23:20:00,1,21943230,180681
OK,50,66,879,50,2014-08-10T23:25:00,4,21943679,180681
OK,33,100,879,33,2014-08-10T23:30:00,1,21944128,180681
OK,33,100,879,33,2014-08-10T23:35:00,0,21944577,180681
OK,33,100,879,33,2014-08-10T23:40:00,0,21945026,180681
OK,33,100,879,33,2014-08-10T23:45:00,0,21945475,180681
OK,33,100,879,33,2014-08-10T23:50:00,0,21945924,180681
OK,90,36,879,90,2014-08-10T23:55:00,1,21946373,180681
OK,90,36,879,90,2014-08-11T00:00:00,0,21946822,180681
OK,90,36,879,90,2014-08-11T00:10:00,0,21947271,180681
OK,90,36,879,90,2014-08-11T00:15:00,0,21947720,180681
OK,90,36,879,90,2014-08-11T00:20:00,0,21948169,180681
OK,34,97,879,34,2014-08-11T00:25:00,1,21948618,180681
OK,60,55,879,60,2014-08-11T00:30:00,1,21949067,180681
OK,65,50,879,65,2014-08-11T00:35:00,0,21949516,180681
OK,65,50,879,65,2014-08-11T00:40:00,0,21949965,180681
OK,65,50,879,65,2014-08-11T00:45:00,0,21950414,180681
OK,65,50,879,65,2014-08-11T00:50:00,0,21950863,180681
OK,65,50,879,65,2014-08-11T00:55:00,0,21951312,180681
OK,65,50,879,65,2014-08-11T01:00:00,0,21951761,180681
OK,65,50,879,65,2014-08-11T01:10:00,0,21952567,180681
OK,65,50,879,65,2014-08-11T01:15:00,0,21953016,180681
OK,65,50,879,65,2014-08-11T01:20:00,0,21953465,180681
OK,65,50,879,65,2014-08-11T01:25:00,0,21953914,180681
OK,65,50,879,65,2014-08-11T01:30:00,0,21954363,180681
OK,65,50,879,65,2014-08-11T01:35:00,0,21954812,180681
OK,65,50,879,65,2014-08-11T01:40:00,0,21955261,180681
OK,65,50,879,65,2014-08-11T01:45:00,0,21955705,180681
OK,43,77,879,43,2014-08-11T01:55:00,1,21956514,180681
OK,43,77,879,43,2014-08-11T02:00:00,0,21956963,180681
OK,43,77,879,43,2014-08-11T02:05:00,0,21957412,180681
OK,43,77,879,43,2014-08-11T02:10:00,0,21957861,180681
OK,40,82,879,40,2014-08-11T02:15:00,0,21958310,180681
OK,40,82,879,40,2014-08-11T02:20:00,0,21958759,180681
OK,40,82,879,40,2014-08-11T02:25:00,0,21959208,180681
OK,40,82,879,40,2014-08-11T02:30:00,0,21959657,180681
OK,66,50,879,66,2014-08-11T02:35:00,1,21960106,180681
OK,56,59,879,56,2014-08-11T02:40:00,2,21960555,180681
OK,85,38,879,85,2014-08-11T02:45:00,2,21961004,180681
OK,121,27,879,121,2014-08-11T02:50:00,1,21961453,180681
OK,43,77,879,43,2014-08-11T02:55:00,1,21961902,180681
OK,58,57,879,58,2014-08-11T03:00:00,2,21962351,180681
OK,47,70,879,47,2014-08-11T03:05:00,1,21962800,180681
OK,49,67,879,49,2014-08-11T03:10:00,2,21963249,180681
OK,44,75,879,44,2014-08-11T03:15:00,1,21963698,180681
OK,75,44,879,75,2014-08-11T03:20:00,1,21964147,180681
OK,75,44,879,75,2014-08-11T03:25:00,0,21964596,180681
OK,75,44,879,75,2014-08-11T03:30:00,0,21965045,180681
OK,75,44,879,75,2014-08-11T03:35:00,0,21965494,180681
OK,43,77,879,43,2014-08-11T03:40:00,1,21965908,180681
OK,63,52,879,63,2014-08-11T03:45:00,2,21966357,180681
OK,55,60,879,55,2014-08-11T03:50:00,2,21966806,180681
OK,58,57,879,58,2014-08-11T03:55:00,8,21967255,180681
OK,56,59,879,56,2014-08-11T04:00:00,8,21967704,180681
OK,46,72,879,46,2014-08-11T04:05:00,1,21968153,180681
OK,47,70,879,47,2014-08-11T04:10:00,5,21968602,180681
OK,48,69,879,48,2014-08-11T04:15:00,10,21969051,180681
OK,49,67,879,49,2014-08-11T04:20:00,6,21969500,180681
OK,40,82,879,40,2014-08-11T04:25:00,3,21969949,180681
OK,45,73,879,45,2014-08-11T04:30:00,11,21970398,180681
OK,48,69,879,48,2014-08-11T04:35:00,14,21970847,180681
OK,49,67,879,49,2014-08-11T04:40:00,11,21971296,180681
OK,52,63,879,52,2014-08-11T04:45:00,14,21971745,180681
OK,56,59,879,56,2014-08-11T04:50:00,18,21972194,180681
OK,56,59,879,56,2014-08-11T04:55:00,26,21972643,180681
OK,57,58,879,57,2014-08-11T05:00:00,24,21973092,180681
OK,58,57,879,58,2014-08-11T05:05:00,27,21973541,180681
OK,58,57,879,58,2014-08-11T05:10:00,27,21973990,180681
OK,59,56,879,59,2014-08-11T05:15:00,27,21974439,180681
OK,65,50,879,65,2014-08-11T05:20:00,38,21974856,180681
OK,80,41,879,80,2014-08-11T05:25:00,37,21975305,180681
OK,72,46,879,72,2014-08-11T05:30:00,30,21975754,180681
OK,72,46,879,72,2014-08-11T05:35:00,34,21976203,180681
OK,72,46,879,72,2014-08-11T05:40:00,34,21976652,180681
OK,85,38,879,85,2014-08-11T05:45:00,29,21977101,180681
OK,101,32,879,101,2014-08-11T05:50:00,30,21977550,180681
OK,101,32,879,101,2014-08-11T05:55:00,25,21977999,180681
OK,83,39,879,83,2014-08-11T06:00:00,10,21978448,180681
OK,58,57,879,58,2014-08-11T06:05:00,16,21978897,180681
OK,71,46,879,71,2014-08-11T06:10:00,18,21979346,180681
OK,80,41,879,80,2014-08-11T06:15:00,31,21979795,180681
OK,82,40,879,82,2014-08-11T06:20:00,36,21980244,180681
OK,69,48,879,69,2014-08-11T06:25:00,23,21980693,180681
OK,70,47,879,70,2014-08-11T06:30:00,25,21981142,180681
OK,75,44,879,75,2014-08-11T06:35:00,17,21981591,180681
OK,71,46,879,71,2014-08-11T06:40:00,16,21982040,180681
OK,75,44,879,75,2014-08-11T06:45:00,26,21982489,180681
OK,59,56,879,59,2014-08-11T06:50:00,25,21982938,180681
OK,57,58,879,57,2014-08-11T06:55:00,13,21983386,180681
OK,57,58,879,57,2014-08-11T07:00:00,9,21983835,180681
OK,52,63,879,52,2014-08-11T07:05:00,16,21984284,180681
OK,62,53,879,62,2014-08-11T07:10:00,19,21984733,180681
OK,71,46,879,71,2014-08-11T07:15:00,17,21985182,180681
OK,75,44,879,75,2014-08-11T07:20:00,14,21985631,180681
OK,75,44,879,75,2014-08-11T07:25:00,13,21986080,180681
OK,57,58,879,57,2014-08-11T07:30:00,14,21986529,180681
OK,69,48,879,69,2014-08-11T07:35:00,17,21986978,180681
OK,79,41,879,79,2014-08-11T07:40:00,18,21987427,180681
OK,81,40,879,81,2014-08-11T07:45:00,21,21987876,180681
OK,70,47,879,70,2014-08-11T07:50:00,25,21988325,180681
OK,83,39,879,83,2014-08-11T07:55:00,22,21988774,180681
OK,76,43,879,76,2014-08-11T08:00:00,21,21989223,180681
OK,58,57,879,58,2014-08-11T08:05:00,35,21989672,180681
OK,57,58,879,57,2014-08-11T08:10:00,33,21990121,180681
OK,53,62,879,53,2014-08-11T08:15:00,22,21990570,180681
OK,55,60,879,55,2014-08-11T08:20:00,22,21991019,180681
OK,65,50,879,65,2014-08-11T08:25:00,21,21991468,180681
OK,63,52,879,63,2014-08-11T08:30:00,21,21991917,180681
OK,58,57,879,58,2014-08-11T08:35:00,24,21992366,180681
OK,62,53,879,62,2014-08-11T08:40:00,17,21992815,180681
OK,62,53,879,62,2014-08-11T08:45:00,12,21993264,180681
OK,62,53,879,62,2014-08-11T08:50:00,15,21993713,180681
OK,54,61,879,54,2014-08-11T08:55:00,17,21994162,180681
OK,68,48,879,68,2014-08-11T09:00:00,21,21994611,180681
OK,75,44,879,75,2014-08-11T09:05:00,23,21995060,180681
OK,75,44,879,75,2014-08-11T09:10:00,23,21995509,180681
OK,72,46,879,72,2014-08-11T09:20:00,19,21996407,180681
OK,75,44,879,75,2014-08-11T09:25:00,28,21996856,180681
OK,71,46,879,71,2014-08-11T09:30:00,24,21997305,180681
OK,59,56,879,59,2014-08-11T09:35:00,20,21997754,180681
OK,72,46,879,72,2014-08-11T09:40:00,16,21998203,180681
OK,71,46,879,71,2014-08-11T09:45:00,21,21998652,180681
OK,70,47,879,70,2014-08-11T09:50:00,20,21999101,180681
OK,64,51,879,64,2014-08-11T09:55:00,11,21999550,180681
OK,64,51,879,64,2014-08-11T10:00:00,11,21999999,180681
OK,74,44,879,74,2014-08-11T10:05:00,22,22000448,180681
OK,75,44,879,75,2014-08-11T10:10:00,22,22000897,180681
OK,66,50,879,66,2014-08-11T10:15:00,12,22001346,180681
OK,65,50,879,65,2014-08-11T10:20:00,15,22001795,180681
OK,61,54,879,61,2014-08-11T11:05:00,7,22002244,180681
OK,59,56,879,59,2014-08-11T11:10:00,12,22002693,180681
OK,82,40,879,82,2014-08-11T11:15:00,16,22003142,180681
OK,92,36,879,92,2014-08-11T11:20:00,19,22003591,180681
OK,97,34,879,97,2014-08-11T11:25:00,18,22004040,180681
OK,101,32,879,101,2014-08-11T11:30:00,25,22004489,180681
OK,89,37,879,89,2014-08-11T11:35:00,28,22004938,180681
OK,78,42,879,78,2014-08-11T11:40:00,21,22005387,180681
OK,50,66,879,50,2014-08-11T11:45:00,17,22005836,180681
OK,59,56,879,59,2014-08-11T11:50:00,21,22006285,180681
OK,65,50,879,65,2014-08-11T11:55:00,24,22006734,180681
OK,52,63,879,52,2014-08-11T12:00:00,17,22007183,180681
OK,94,35,879,94,2014-08-11T12:10:00,19,22008081,180681
OK,85,38,879,85,2014-08-11T12:15:00,17,22008530,180681
OK,61,54,879,61,2014-08-11T12:20:00,20,22008979,180681
OK,62,53,879,62,2014-08-11T12:25:00,31,22009428,180681
OK,88,37,879,88,2014-08-11T12:30:00,31,22009877,180681
OK,79,41,879,79,2014-08-11T12:35:00,18,22010326,180681
OK,73,45,879,73,2014-08-11T12:40:00,21,22010775,180681
OK,84,39,879,84,2014-08-11T12:50:00,16,22011673,180681
OK,78,42,879,78,2014-08-11T12:55:00,19,22012122,180681
OK,74,44,879,74,2014-08-11T13:00:00,23,22012571,180681
OK,76,43,879,76,2014-08-11T13:05:00,15,22013020,180681
OK,79,41,879,79,2014-08-11T13:10:00,4,22013469,180681
OK,68,48,879,68,2014-08-11T13:20:00,26,22014367,180681
OK,70,47,879,70,2014-08-11T13:25:00,28,22014816,180681
OK,84,39,879,84,2014-08-11T13:30:00,29,22015265,180681
OK,75,44,879,75,2014-08-11T13:40:00,31,22016127,180681
OK,82,40,879,82,2014-08-11T13:45:00,35,22016576,180681
OK,78,42,879,78,2014-08-11T13:55:00,33,22017474,180681
OK,78,42,879,78,2014-08-11T14:00:00,27,22017923,180681
OK,69,48,879,69,2014-08-11T14:05:00,21,22018372,180681
OK,77,43,879,77,2014-08-11T14:10:00,20,22018821,180681
OK,91,36,879,91,2014-08-11T14:15:00,24,22019270,180681
OK,72,46,879,72,2014-08-11T14:25:00,29,22020128,180681
OK,70,47,879,70,2014-08-11T14:30:00,22,22020577,180681
OK,80,41,879,80,2014-08-11T14:35:00,20,22021026,180681
OK,77,43,879,77,2014-08-11T14:40:00,21,22021475,180681
OK,60,55,879,60,2014-08-11T14:45:00,11,22021924,180681
OK,69,48,879,69,2014-08-11T14:50:00,22,22022373,180681
OK,93,35,879,93,2014-08-11T15:00:00,14,22023271,180681
OK,74,44,879,74,2014-08-11T15:05:00,20,22023720,180681
OK,69,48,879,69,2014-08-11T15:10:00,24,22024169,180681
OK,50,66,879,50,2014-08-11T15:15:00,19,22024618,180681
OK,57,58,879,57,2014-08-11T15:20:00,22,22025067,180681
OK,64,51,879,64,2014-08-11T15:25:00,23,22025516,180681
OK,75,44,879,75,2014-08-11T15:30:00,21,22025965,180681
OK,79,41,879,79,2014-08-11T15:35:00,15,22026414,180681
OK,48,69,879,48,2014-08-11T15:40:00,6,22026863,180681
OK,61,54,879,61,2014-08-11T15:45:00,6,22027312,180681
OK,71,46,879,71,2014-08-11T15:50:00,6,22027761,180681
OK,61,54,879,61,2014-08-11T16:00:00,9,22028560,180681
OK,60,55,879,60,2014-08-11T16:05:00,9,22029009,180681
OK,47,70,879,47,2014-08-11T16:10:00,12,22029458,180681
OK,49,67,879,49,2014-08-11T16:15:00,7,22029907,180681
OK,64,51,879,64,2014-08-11T16:20:00,10,22030356,180681
OK,63,52,879,63,2014-08-11T16:25:00,15,22030805,180681
OK,46,72,879,46,2014-08-11T16:30:00,10,22031254,180681
OK,42,78,879,42,2014-08-11T16:35:00,4,22031703,180681
OK,48,69,879,48,2014-08-11T16:40:00,6,22032152,180681
OK,46,72,879,46,2014-08-11T16:45:00,8,22032601,180681
OK,47,70,879,47,2014-08-11T16:50:00,5,22033050,180681
OK,86,38,879,86,2014-08-11T16:55:00,7,22033499,180681
OK,55,60,879,55,2014-08-11T17:00:00,7,22033948,180681
OK,55,60,879,55,2014-08-11T17:05:00,3,22034397,180681
OK,50,66,879,50,2014-08-11T17:10:00,5,22034846,180681
OK,66,50,879,66,2014-08-11T17:15:00,8,22035295,180681
OK,49,67,879,49,2014-08-11T17:20:00,9,22035744,180681
OK,49,67,879,49,2014-08-11T17:25:00,5,22036193,180681
OK,55,60,879,55,2014-08-11T17:30:00,5,22036642,180681
OK,54,61,879,54,2014-08-11T17:35:00,6,22037090,180681
OK,57,58,879,57,2014-08-11T17:40:00,4,22037481,180681
OK,48,69,879,48,2014-08-11T17:45:00,9,22037930,180681
OK,48,69,879,48,2014-08-11T17:50:00,11,22038379,180681
OK,46,72,879,46,2014-08-11T17:55:00,5,22038828,180681
OK,99,33,879,99,2014-08-11T18:00:00,6,22039277,180681
OK,99,33,879,99,2014-08-11T18:05:00,6,22039726,180681
OK,45,73,879,45,2014-08-11T18:10:00,3,22040175,180681
OK,45,73,879,45,2014-08-11T18:15:00,3,22040624,180681
OK,58,57,879,58,2014-08-11T18:20:00,6,22041073,180681
OK,59,56,879,59,2014-08-11T18:25:00,7,22041505,180681
OK,56,59,879,56,2014-08-11T18:30:00,4,22041954,180681
OK,45,73,879,45,2014-08-11T18:35:00,3,22042403,180681
OK,74,44,879,74,2014-08-11T18:40:00,2,22042852,180681
OK,97,34,879,97,2014-08-11T18:45:00,2,22043301,180681
OK,62,53,879,62,2014-08-11T18:50:00,3,22043750,180681
OK,72,46,879,72,2014-08-11T18:55:00,2,22044199,180681
OK,45,73,879,45,2014-08-11T19:00:00,9,22044648,180681
OK,46,72,879,46,2014-08-11T19:05:00,12,22045097,180681
OK,49,67,879,49,2014-08-11T19:10:00,11,22045546,180681
OK,49,67,879,49,2014-08-11T19:15:00,7,22045995,180681
OK,51,64,879,51,2014-08-11T19:20:00,3,22046444,180681
OK,51,64,879,51,2014-08-11T19:25:00,5,22046893,180681
OK,51,64,879,51,2014-08-11T19:30:00,4,22047342,180681
OK,48,69,879,48,2014-08-11T19:35:00,4,22047791,180681
OK,46,72,879,46,2014-08-11T19:40:00,4,22048240,180681
OK,46,72,879,46,2014-08-11T19:45:00,2,22048689,180681
OK,46,72,879,46,2014-08-11T19:50:00,0,22049138,180681
OK,54,61,879,54,2014-08-11T19:55:00,1,22049587,180681
OK,69,48,879,69,2014-08-11T22:00:00,0,22057043,180681
OK,69,48,879,69,2014-08-11T22:05:00,0,22057491,180681
OK,69,48,879,69,2014-08-11T22:10:00,0,22057940,180681
OK,48,69,879,48,2014-08-11T22:15:00,1,22058389,180681
OK,39,84,879,39,2014-08-11T22:20:00,1,22058838,180681
OK,39,84,879,39,2014-08-11T22:25:00,1,22059287,180681
OK,39,84,879,39,2014-08-11T22:30:00,0,22059736,180681
OK,82,40,879,82,2014-08-11T22:35:00,2,22060185,180681
OK,46,72,879,46,2014-08-11T22:40:00,3,22060611,180681
OK,46,72,879,46,2014-08-11T22:45:00,2,22061060,180681
OK,46,72,879,46,2014-08-11T22:50:00,0,22061509,180681
OK,46,72,879,46,2014-08-11T22:55:00,0,22061958,180681
OK,46,72,879,46,2014-08-11T23:00:00,0,22062407,180681
OK,46,72,879,46,2014-08-11T23:10:00,0,22063170,180681
OK,46,72,879,46,2014-08-11T23:15:00,0,22063619,180681
OK,35,94,879,35,2014-08-11T23:20:00,1,22064067,180681
OK,35,94,879,35,2014-08-11T23:25:00,0,22064483,180681
OK,35,94,879,35,2014-08-11T23:30:00,0,22064925,180681
OK,35,94,879,35,2014-08-11T23:35:00,0,22065374,180681
OK,35,94,879,35,2014-08-11T23:40:00,0,22065823,180681
OK,50,66,879,50,2014-08-11T23:45:00,1,22066272,180681
OK,45,73,879,45,2014-08-11T23:50:00,2,22066721,180681
OK,45,73,879,45,2014-08-11T23:55:00,2,22067170,180681
OK,86,38,879,86,2014-08-12T00:00:00,1,22067619,180681
OK,86,38,879,86,2014-08-12T00:05:00,0,22068068,180681
OK,86,38,879,86,2014-08-12T00:10:00,0,22068517,180681
OK,51,64,879,51,2014-08-12T00:15:00,1,22068966,180681
OK,51,64,879,51,2014-08-12T00:20:00,0,22069415,180681
OK,51,64,879,51,2014-08-12T00:25:00,0,22069849,180681
OK,51,64,879,51,2014-08-12T00:30:00,0,22070298,180681
OK,65,50,879,65,2014-08-12T00:35:00,0,22070747,180681
OK,65,50,879,65,2014-08-12T00:40:00,0,22071196,180681
OK,65,50,879,65,2014-08-12T00:45:00,0,22071645,180681
OK,65,50,879,65,2014-08-12T00:50:00,0,22072078,180681
OK,65,50,879,65,2014-08-12T00:55:00,0,22072527,180681
OK,65,50,879,65,2014-08-12T01:00:00,0,22072974,180681
OK,65,50,879,65,2014-08-12T01:05:00,0,22073423,180681
OK,65,50,879,65,2014-08-12T01:10:00,0,22073872,180681
OK,65,50,879,65,2014-08-12T01:15:00,0,22074321,180681
OK,65,50,879,65,2014-08-12T01:20:00,0,22074767,180681
OK,65,50,879,65,2014-08-12T01:25:00,0,22075216,180681
OK,35,94,879,35,2014-08-12T01:30:00,2,22075665,180681
OK,35,94,879,35,2014-08-12T01:35:00,0,22076114,180681
OK,35,94,879,35,2014-08-12T01:40:00,0,22076563,180681
OK,77,43,879,77,2014-08-12T01:45:00,0,22077012,180681
OK,77,43,879,77,2014-08-12T01:50:00,0,22077461,180681
OK,77,43,879,77,2014-08-12T01:55:00,0,22077910,180681
OK,77,43,879,77,2014-08-12T02:00:00,0,22078359,180681
OK,77,43,879,77,2014-08-12T02:05:00,0,22078808,180681
OK,77,43,879,77,2014-08-12T02:10:00,0,22079257,180681
OK,87,38,879,87,2014-08-12T02:15:00,1,22079706,180681
OK,87,38,879,87,2014-08-12T02:20:00,0,22080155,180681
OK,87,38,879,87,2014-08-12T02:25:00,0,22080604,180681
OK,82,40,879,82,2014-08-12T02:30:00,1,22081053,180681
OK,44,75,879,44,2014-08-12T02:35:00,1,22081502,180681
OK,44,75,879,44,2014-08-12T02:40:00,1,22081951,180681
OK,49,67,879,49,2014-08-12T02:45:00,4,22082400,180681
OK,55,60,879,55,2014-08-12T02:50:00,3,22082849,180681
OK,119,27,879,119,2014-08-12T02:55:00,0,22083298,180681
OK,119,27,879,119,2014-08-12T03:00:00,0,22083747,180681
OK,119,27,879,119,2014-08-12T03:05:00,0,22084196,180681
OK,58,57,879,58,2014-08-12T03:10:00,1,22084645,180681
OK,57,58,879,57,2014-08-12T03:15:00,1,22085094,180681
OK,52,63,879,52,2014-08-12T03:20:00,2,22085543,180681
OK,43,77,879,43,2014-08-12T03:25:00,2,22085992,180681
OK,38,87,879,38,2014-08-12T03:30:00,1,22086441,180681
OK,42,78,879,42,2014-08-12T03:35:00,1,22086890,180681
OK,52,63,879,52,2014-08-12T03:40:00,2,22087339,180681
OK,57,58,879,57,2014-08-12T03:45:00,3,22087788,180681
OK,83,39,879,83,2014-08-12T03:50:00,4,22088237,180681
OK,78,42,879,78,2014-08-12T03:55:00,6,22088686,180681
OK,87,38,879,87,2014-08-12T04:05:00,4,22089513,180681
OK,51,64,879,51,2014-08-12T04:10:00,4,22089962,180681
OK,51,64,879,51,2014-08-12T04:15:00,8,22090411,180681
OK,48,69,879,48,2014-08-12T04:20:00,7,22090860,180681
OK,52,63,879,52,2014-08-12T04:25:00,6,22091309,180681
OK,49,67,879,49,2014-08-12T04:30:00,9,22091758,180681
OK,68,48,879,68,2014-08-12T04:35:00,9,22092207,180681
OK,51,64,879,51,2014-08-12T04:40:00,12,22092656,180681
OK,51,64,879,51,2014-08-12T04:45:00,19,22093105,180681
OK,55,60,879,55,2014-08-12T04:50:00,16,22093554,180681
OK,70,47,879,70,2014-08-12T04:55:00,22,22094003,180681
OK,72,46,879,72,2014-08-12T05:00:00,26,22094452,180681
OK,76,43,879,76,2014-08-12T05:05:00,17,22094901,180681
OK,56,59,879,56,2014-08-12T05:10:00,22,22095350,180681
OK,63,52,879,63,2014-08-12T05:15:00,34,22095799,180681
OK,75,44,879,75,2014-08-12T05:20:00,35,22096248,180681
OK,62,53,879,62,2014-08-12T05:25:00,24,22096697,180681
OK,74,44,879,74,2014-08-12T05:30:00,22,22097146,180681
OK,80,41,879,80,2014-08-12T05:35:00,33,22097595,180681
OK,89,37,879,89,2014-08-12T05:50:00,28,22098934,180681
OK,86,38,879,86,2014-08-12T05:55:00,12,22099383,180681
OK,93,35,879,93,2014-08-12T06:00:00,29,22099832,180681
OK,98,33,879,98,2014-08-12T06:05:00,38,22100281,180681
OK,85,38,879,85,2014-08-12T06:10:00,47,22100730,180681
OK,83,39,879,83,2014-08-12T06:15:00,44,22101179,180681
OK,83,39,879,83,2014-08-12T06:20:00,33,22101628,180681
OK,62,53,879,62,2014-08-12T06:25:00,22,22102077,180681
OK,62,53,879,62,2014-08-12T06:30:00,24,22102526,180681
OK,70,47,879,70,2014-08-12T06:35:00,26,22102975,180681
OK,70,47,879,70,2014-08-12T06:40:00,30,22103424,180681
OK,70,47,879,70,2014-08-12T06:45:00,28,22103873,180681
OK,60,55,879,60,2014-08-12T06:50:00,28,22104322,180681
OK,55,60,879,55,2014-08-12T06:55:00,30,22104771,180681
OK,54,61,879,54,2014-08-12T07:00:00,22,22105220,180681
OK,59,56,879,59,2014-08-12T07:10:00,24,22106118,180681
OK,86,38,879,86,2014-08-12T07:15:00,17,22106567,180681
OK,60,55,879,60,2014-08-12T07:20:00,23,22107016,180681
OK,53,62,879,53,2014-08-12T07:25:00,18,22107465,180681
OK,55,60,879,55,2014-08-12T07:30:00,23,22107914,180681
OK,62,53,879,62,2014-08-12T07:35:00,25,22108363,180681
OK,67,49,879,67,2014-08-12T07:40:00,15,22108812,180681
OK,56,59,879,56,2014-08-12T07:50:00,22,22109710,180681
OK,72,46,879,72,2014-08-12T07:55:00,17,22110159,180681
OK,69,48,879,69,2014-08-12T08:00:00,15,22110608,180681
OK,57,58,879,57,2014-08-12T08:05:00,19,22111057,180681
OK,54,61,879,54,2014-08-12T08:10:00,22,22111506,180681
OK,64,51,879,64,2014-08-12T08:15:00,22,22111955,180681
OK,69,48,879,69,2014-08-12T08:20:00,22,22112404,180681
OK,72,46,879,72,2014-08-12T08:30:00,17,22113302,180681
OK,57,58,879,57,2014-08-12T08:35:00,17,22113751,180681
OK,55,60,879,55,2014-08-12T08:40:00,16,22114200,180681
OK,69,48,879,69,2014-08-12T08:45:00,22,22114649,180681
OK,74,44,879,74,2014-08-12T08:50:00,24,22115098,180681
OK,76,43,879,76,2014-08-12T08:55:00,19,22115547,180681
OK,65,50,879,65,2014-08-12T09:00:00,23,22115996,180681
OK,61,54,879,61,2014-08-12T09:05:00,17,22116445,180681
OK,66,50,879,66,2014-08-12T09:10:00,17,22116894,180681
OK,67,49,879,67,2014-08-12T09:15:00,19,22117343,180681
OK,58,57,879,58,2014-08-12T09:20:00,23,22117792,180681
OK,57,58,879,57,2014-08-12T09:25:00,21,22118241,180681
OK,64,51,879,64,2014-08-12T09:30:00,14,22118690,180681
OK,82,40,879,82,2014-08-12T09:35:00,22,22119139,180681
OK,68,48,879,68,2014-08-12T09:40:00,26,22119588,180681
OK,50,66,879,50,2014-08-12T09:50:00,28,22120486,180681
OK,75,44,879,75,2014-08-12T10:00:00,12,22121384,180681
OK,53,62,879,53,2014-08-12T10:05:00,10,22121833,180681
OK,55,60,879,55,2014-08-12T10:10:00,17,22122282,180681
OK,60,55,879,60,2014-08-12T10:15:00,17,22122731,180681
OK,58,57,879,58,2014-08-12T10:20:00,18,22123180,180681
OK,60,55,879,60,2014-08-12T10:25:00,24,22123629,180681
OK,54,61,879,54,2014-08-12T10:30:00,17,22124078,180681
OK,59,56,879,59,2014-08-12T10:35:00,19,22124527,180681
OK,57,58,879,57,2014-08-12T10:40:00,22,22124976,180681
OK,55,60,879,55,2014-08-12T10:45:00,17,22125425,180681
OK,51,64,879,51,2014-08-12T10:50:00,20,22125874,180681
OK,54,61,879,54,2014-08-12T10:55:00,20,22126323,180681
OK,61,54,879,61,2014-08-12T11:00:00,18,22126772,180681
OK,60,55,879,60,2014-08-12T11:05:00,19,22127221,180681
OK,68,48,879,68,2014-08-12T11:10:00,21,22127670,180681
OK,58,57,879,58,2014-08-12T11:15:00,20,22128119,180681
OK,58,57,879,58,2014-08-12T11:20:00,15,22128568,180681
OK,66,50,879,66,2014-08-12T11:25:00,18,22129017,180681
OK,67,49,879,67,2014-08-12T11:30:00,22,22129466,180681
OK,73,45,879,73,2014-08-12T11:35:00,20,22129915,180681
OK,73,45,879,73,2014-08-12T11:40:00,18,22130364,180681
OK,60,55,879,60,2014-08-12T11:45:00,23,22130813,180681
OK,58,57,879,58,2014-08-12T11:50:00,25,22131262,180681
OK,55,60,879,55,2014-08-12T11:55:00,23,22131711,180681
OK,66,50,879,66,2014-08-12T12:00:00,23,22132160,180681
OK,73,45,879,73,2014-08-12T12:05:00,26,22132609,180681
OK,84,39,879,84,2014-08-12T12:10:00,19,22133058,180681
OK,70,47,879,70,2014-08-12T12:20:00,25,22133956,180681
OK,53,62,879,53,2014-08-12T12:25:00,23,22134405,180681
OK,54,61,879,54,2014-08-12T12:30:00,36,22134854,180681
OK,72,46,879,72,2014-08-12T12:35:00,23,22135303,180681
OK,74,44,879,74,2014-08-12T12:40:00,21,22135752,180681
OK,54,61,879,54,2014-08-12T12:45:00,25,22136148,180681
OK,53,62,879,53,2014-08-12T12:50:00,30,22136597,180681
OK,55,60,879,55,2014-08-12T12:55:00,24,22137046,180681
OK,52,63,879,52,2014-08-12T13:00:00,13,22137495,180681
OK,74,44,879,74,2014-08-12T13:05:00,0,22137944,180681
OK,84,39,879,84,2014-08-12T13:10:00,20,22138393,180681
OK,84,39,879,84,2014-08-12T13:15:00,30,22138842,180681
OK,65,50,879,65,2014-08-12T13:20:00,28,22139291,180681
OK,56,59,879,56,2014-08-12T13:25:00,36,22139740,180681
OK,63,52,879,63,2014-08-12T13:30:00,40,22140189,180681
OK,76,43,879,76,2014-08-12T13:35:00,32,22140638,180681
OK,74,44,879,74,2014-08-12T13:40:00,34,22141087,180681
OK,58,57,879,58,2014-08-12T13:45:00,27,22141536,180681
OK,59,56,879,59,2014-08-12T13:50:00,19,22141985,180681
OK,74,44,879,74,2014-08-12T13:55:00,18,22142434,180681
OK,81,40,879,81,2014-08-12T14:00:00,16,22142883,180681
OK,71,46,879,71,2014-08-12T14:05:00,19,22143332,180681
OK,81,40,879,81,2014-08-12T14:10:00,32,22143781,180681
OK,78,42,879,78,2014-08-12T14:20:00,29,22144560,180681
OK,79,41,879,79,2014-08-12T14:25:00,25,22145009,180681
OK,75,44,879,75,2014-08-12T14:30:00,24,22145458,180681
OK,74,44,879,74,2014-08-12T14:40:00,17,22146356,180681
OK,75,44,879,75,2014-08-12T14:45:00,15,22146805,180681
OK,62,53,879,62,2014-08-12T14:50:00,19,22147254,180681
OK,54,61,879,54,2014-08-12T15:00:00,13,22148152,180681
OK,59,56,879,59,2014-08-12T15:10:00,16,22149050,180681
OK,64,51,879,64,2014-08-12T15:15:00,16,22149499,180681
OK,55,60,879,55,2014-08-12T15:20:00,19,22149948,180681
OK,47,70,879,47,2014-08-12T15:30:00,17,22150846,180681
OK,51,64,879,51,2014-08-12T15:35:00,16,22151295,180681
OK,65,50,879,65,2014-08-12T15:45:00,20,22152116,180681
OK,52,63,879,52,2014-08-12T15:50:00,17,22152565,180681
OK,60,55,879,60,2014-08-12T15:55:00,17,22153014,180681
OK,56,59,879,56,2014-08-12T16:00:00,16,22153463,180681
OK,53,62,879,53,2014-08-12T16:05:00,11,22153912,180681
OK,54,61,879,54,2014-08-12T16:10:00,9,22154361,180681
OK,55,60,879,55,2014-08-12T16:15:00,10,22154810,180681
OK,56,59,879,56,2014-08-12T16:20:00,8,22155259,180681
OK,54,61,879,54,2014-08-12T16:30:00,10,22156032,180681
OK,47,70,879,47,2014-08-12T16:35:00,6,22156481,180681
OK,59,56,879,59,2014-08-12T16:40:00,6,22156930,180681
OK,58,57,879,58,2014-08-12T16:50:00,10,22157828,180681
OK,57,58,879,57,2014-08-12T16:55:00,8,22158277,180681
OK,48,69,879,48,2014-08-12T17:00:00,7,22158726,180681
OK,45,73,879,45,2014-08-12T17:05:00,9,22159175,180681
OK,42,78,879,42,2014-08-12T17:10:00,5,22159624,180681
OK,68,48,879,68,2014-08-12T17:20:00,9,22160417,180681
OK,68,48,879,68,2014-08-12T17:25:00,3,22160866,180681
OK,49,67,879,49,2014-08-12T17:30:00,5,22161315,180681
OK,49,67,879,49,2014-08-12T17:35:00,9,22161764,180681
OK,57,58,879,57,2014-08-12T17:40:00,9,22162213,180681
OK,43,77,879,43,2014-08-12T17:45:00,6,22162662,180681
OK,47,70,879,47,2014-08-12T17:50:00,5,22163111,180681
OK,48,69,879,48,2014-08-12T17:55:00,7,22163560,180681
OK,60,55,879,60,2014-08-12T18:00:00,5,22164009,180681
OK,60,55,879,60,2014-08-12T18:05:00,6,22164458,180681
OK,47,70,879,47,2014-08-12T18:10:00,4,22164907,180681
OK,42,78,879,42,2014-08-12T18:15:00,5,22165356,180681
OK,41,80,879,41,2014-08-12T18:20:00,4,22165805,180681
OK,46,72,879,46,2014-08-12T18:25:00,4,22166254,180681
OK,42,78,879,42,2014-08-12T18:30:00,3,22166703,180681
OK,61,54,879,61,2014-08-12T18:35:00,5,22167152,180681
OK,63,52,879,63,2014-08-12T18:40:00,5,22167601,180681
OK,63,52,879,63,2014-08-12T18:45:00,2,22168050,180681
OK,45,73,879,45,2014-08-12T18:50:00,1,22168499,180681
OK,45,73,879,45,2014-08-12T18:55:00,0,22168948,180681
OK,63,52,879,63,2014-08-12T19:00:00,3,22169397,180681
OK,47,70,879,47,2014-08-12T19:05:00,10,22169846,180681
OK,48,69,879,48,2014-08-12T19:10:00,11,22170295,180681
OK,58,57,879,58,2014-08-12T19:15:00,7,22170625,180681
OK,47,70,879,47,2014-08-12T19:20:00,4,22171074,180681
OK,46,72,879,46,2014-08-12T19:25:00,5,22171523,180681
OK,44,75,879,44,2014-08-12T19:30:00,6,22171972,180681
OK,46,72,879,46,2014-08-12T19:40:00,3,22172868,180681
OK,69,48,879,69,2014-08-12T19:45:00,7,22173317,180681
OK,63,52,879,63,2014-08-12T19:50:00,6,22173766,180681
OK,56,59,879,56,2014-08-12T19:55:00,3,22174215,180681
OK,72,46,879,72,2014-08-12T22:05:00,1,22182340,180681
OK,58,57,879,58,2014-08-12T22:15:00,0,22183200,180681
OK,38,87,879,38,2014-08-12T22:20:00,1,22183608,180681
OK,38,87,879,38,2014-08-12T22:25:00,1,22184014,180681
OK,64,51,879,64,2014-08-13T00:00:00,0,22189256,180681
OK,70,47,879,70,2014-08-13T00:10:00,1,22189705,180681
OK,70,47,879,70,2014-08-13T00:15:00,0,22190034,180681
OK,70,47,879,70,2014-08-13T00:20:00,0,22190469,180681
OK,70,47,879,70,2014-08-13T00:25:00,0,22190918,180681
OK,70,47,879,70,2014-08-13T00:30:00,0,22191367,180681
OK,70,47,879,70,2014-08-13T00:35:00,0,22191711,180681
OK,70,47,879,70,2014-08-13T00:40:00,0,22192112,180681
OK,47,70,879,47,2014-08-13T00:45:00,2,22192561,180681
OK,35,94,879,35,2014-08-13T00:50:00,2,22193010,180681
OK,42,78,879,42,2014-08-13T00:55:00,0,22193347,180681
OK,43,77,879,43,2014-08-13T01:00:00,1,22193796,180681
OK,43,77,879,43,2014-08-13T01:05:00,1,22194230,180681
OK,43,77,879,43,2014-08-13T01:10:00,0,22194679,180681
OK,43,77,879,43,2014-08-13T01:15:00,0,22195067,180681
OK,85,38,879,85,2014-08-13T01:20:00,2,22195516,180681
OK,55,60,879,55,2014-08-13T01:25:00,1,22195887,180681
OK,42,78,879,42,2014-08-13T01:30:00,1,22196336,180681
OK,46,72,879,46,2014-08-13T01:35:00,1,22196785,180681
OK,46,72,879,46,2014-08-13T01:40:00,0,22197234,180681
OK,56,59,879,56,2014-08-13T01:45:00,1,22197683,180681
OK,76,43,879,76,2014-08-13T01:50:00,1,22198132,180681
OK,76,43,879,76,2014-08-13T01:55:00,1,22198581,180681
OK,76,43,879,76,2014-08-13T02:00:00,0,22199030,180681
OK,85,38,879,85,2014-08-13T02:55:00,2,22200028,180681
OK,38,87,879,38,2014-08-13T04:05:00,1,22200596,180681
OK,48,69,879,48,2014-08-13T04:40:00,12,22201167,180681
OK,49,67,879,49,2014-08-13T07:10:00,19,22202226,180681
OK,49,67,879,49,2014-08-13T07:15:00,14,22202675,180681
OK,74,44,879,74,2014-08-13T08:05:00,15,22203785,180681
OK,54,61,879,54,2014-08-13T10:50:00,18,22204690,180681
OK,62,53,879,62,2014-08-13T10:55:00,11,22205064,180681
OK,81,40,879,81,2014-08-13T11:00:00,16,22205513,180681
OK,79,41,879,79,2014-08-13T11:05:00,26,22205962,180681
OK,80,41,879,80,2014-08-13T11:10:00,23,22206411,180681
OK,65,50,879,65,2014-08-13T11:15:00,24,22206859,180681
OK,48,69,879,48,2014-08-13T11:20:00,13,22207308,180681
OK,48,69,879,48,2014-08-13T11:25:00,25,22207757,180681
OK,75,44,879,75,2014-08-13T11:30:00,31,22208206,180681
OK,75,44,879,75,2014-08-13T11:35:00,17,22208655,180681
OK,70,47,879,70,2014-08-13T11:40:00,15,22209104,180681
OK,67,49,879,67,2014-08-13T11:45:00,31,22209553,180681
OK,59,56,879,59,2014-08-13T11:50:00,37,22210002,180681
OK,50,66,879,50,2014-08-13T11:55:00,15,22210451,180681
OK,52,63,879,52,2014-08-13T12:00:00,14,22210900,180681
OK,61,54,879,61,2014-08-13T12:05:00,25,22211349,180681
OK,67,49,879,67,2014-08-13T12:10:00,37,22211798,180681
OK,64,51,879,64,2014-08-13T12:15:00,27,22212247,180681
OK,72,46,879,72,2014-08-13T12:20:00,17,22212696,180681
OK,79,41,879,79,2014-08-13T12:25:00,23,22213145,180681
OK,77,43,879,77,2014-08-13T12:30:00,28,22213594,180681
OK,59,56,879,59,2014-08-13T12:35:00,36,22214043,180681
OK,66,50,879,66,2014-08-13T12:40:00,39,22214492,180681
OK,74,44,879,74,2014-08-13T12:45:00,30,22214941,180681
OK,92,36,879,92,2014-08-13T12:50:00,22,22215390,180681
OK,90,36,879,90,2014-08-13T12:55:00,9,22215839,180681
OK,61,54,879,61,2014-08-13T13:00:00,20,22216288,180681
OK,78,42,879,78,2014-08-13T13:05:00,16,22216737,180681
OK,88,37,879,88,2014-08-13T13:10:00,22,22217186,180681
OK,86,38,879,86,2014-08-13T13:15:00,32,22217635,180681
OK,85,38,879,85,2014-08-13T13:20:00,35,22218084,180681
OK,82,40,879,82,2014-08-13T13:25:00,28,22218533,180681
OK,74,44,879,74,2014-08-13T13:30:00,14,22218982,180681
OK,82,40,879,82,2014-08-13T13:35:00,14,22219431,180681
OK,83,39,879,83,2014-08-13T13:40:00,31,22219880,180681
OK,95,34,879,95,2014-08-13T13:45:00,36,22220329,180681
OK,95,34,879,95,2014-08-13T13:50:00,33,22220778,180681
OK,93,35,879,93,2014-08-13T13:55:00,29,22221227,180681
OK,93,35,879,93,2014-08-13T14:00:00,27,22221676,180681
OK,81,40,879,81,2014-08-13T14:05:00,28,22222125,180681
OK,82,40,879,82,2014-08-13T14:10:00,31,22222574,180681
OK,83,39,879,83,2014-08-13T14:15:00,33,22223023,180681
OK,82,40,879,82,2014-08-13T14:20:00,27,22223472,180681
OK,77,43,879,77,2014-08-13T14:25:00,34,22223921,180681
OK,72,46,879,72,2014-08-13T14:30:00,43,22224370,180681
OK,65,50,879,65,2014-08-13T14:35:00,43,22224819,180681
OK,62,53,879,62,2014-08-13T14:40:00,27,22225268,180681
OK,65,50,879,65,2014-08-13T14:45:00,17,22225717,180681
OK,70,47,879,70,2014-08-13T14:50:00,22,22226166,180681
OK,79,41,879,79,2014-08-13T14:55:00,24,22226615,180681
OK,79,41,879,79,2014-08-13T15:00:00,20,22227064,180681
OK,71,46,879,71,2014-08-13T15:05:00,21,22227513,180681
OK,77,43,879,77,2014-08-13T15:10:00,22,22227962,180681
OK,77,43,879,77,2014-08-13T15:15:00,17,22228411,180681
OK,60,55,879,60,2014-08-13T15:20:00,11,22228860,180681
OK,60,55,879,60,2014-08-13T15:25:00,14,22229309,180681
OK,64,51,879,64,2014-08-13T15:30:00,14,22229758,180681
OK,70,47,879,70,2014-08-13T15:35:00,10,22230207,180681
OK,47,70,879,47,2014-08-13T15:40:00,13,22230656,180681
OK,50,66,879,50,2014-08-13T15:45:00,19,22231105,180681
OK,55,60,879,55,2014-08-13T15:50:00,13,22231554,180681
OK,45,73,879,45,2014-08-13T15:55:00,9,22232003,180681
OK,50,66,879,50,2014-08-13T16:00:00,9,22232452,180681
OK,50,66,879,50,2014-08-13T16:05:00,9,22232901,180681
OK,50,66,879,50,2014-08-13T16:10:00,10,22233350,180681
OK,41,80,879,41,2014-08-13T16:15:00,8,22233799,180681
OK,42,78,879,42,2014-08-13T16:20:00,7,22234248,180681
OK,55,60,879,55,2014-08-13T16:25:00,10,22234697,180681
OK,56,59,879,56,2014-08-13T16:30:00,7,22235146,180681
OK,61,54,879,61,2014-08-13T16:35:00,7,22235595,180681
OK,48,69,879,48,2014-08-13T16:40:00,9,22236044,180681
OK,71,46,879,71,2014-08-13T16:45:00,9,22236493,180681
OK,71,46,879,71,2014-08-13T16:50:00,7,22236942,180681
OK,53,62,879,53,2014-08-13T16:55:00,7,22237391,180681
OK,53,62,879,53,2014-08-13T17:00:00,5,22237840,180681
OK,44,75,879,44,2014-08-13T17:05:00,2,22238289,180681
OK,42,78,879,42,2014-08-13T17:10:00,2,22238738,180681
OK,44,75,879,44,2014-08-13T17:15:00,6,22239187,180681
OK,45,73,879,45,2014-08-13T17:20:00,7,22239636,180681
OK,59,56,879,59,2014-08-13T17:25:00,4,22240085,180681
OK,58,57,879,58,2014-08-13T17:30:00,2,22240534,180681
OK,62,53,879,62,2014-08-13T17:35:00,5,22240983,180681
OK,62,53,879,62,2014-08-13T17:40:00,7,22241432,180681
OK,49,67,879,49,2014-08-13T17:45:00,3,22241881,180681
OK,45,73,879,45,2014-08-13T17:50:00,0,22242330,180681
OK,45,73,879,45,2014-08-13T17:55:00,0,22242779,180681
OK,78,42,879,78,2014-08-13T18:00:00,3,22243228,180681
OK,69,48,879,69,2014-08-13T18:05:00,5,22243677,180681
OK,49,67,879,49,2014-08-13T18:10:00,7,22244126,180681
OK,49,67,879,49,2014-08-13T18:15:00,4,22244575,180681
OK,61,54,879,61,2014-08-13T18:20:00,2,22245024,180681
OK,50,66,879,50,2014-08-13T18:25:00,3,22245473,180681
OK,47,70,879,47,2014-08-13T18:30:00,3,22245922,180681
OK,72,46,879,72,2014-08-13T18:35:00,2,22246371,180681
OK,57,58,879,57,2014-08-13T18:40:00,2,22246820,180681
OK,42,78,879,42,2014-08-13T18:45:00,7,22247269,180681
OK,42,78,879,42,2014-08-13T18:50:00,7,22247718,180681
OK,65,50,879,65,2014-08-13T18:55:00,4,22248167,180681
OK,73,45,879,73,2014-08-13T19:00:00,2,22248616,180681
OK,44,75,879,44,2014-08-13T19:05:00,3,22249065,180681
OK,44,75,879,44,2014-08-13T19:10:00,7,22249514,180681
OK,52,63,879,52,2014-08-13T19:15:00,8,22249963,180681
OK,55,60,879,55,2014-08-13T19:20:00,6,22250412,180681
OK,54,61,879,54,2014-08-13T19:25:00,3,22250861,180681
OK,65,50,879,65,2014-08-13T19:30:00,2,22251310,180681
OK,46,72,879,46,2014-08-13T19:35:00,1,22251759,180681
OK,47,70,879,47,2014-08-13T19:40:00,3,22252208,180681
OK,47,70,879,47,2014-08-13T19:45:00,3,22252657,180681
OK,53,62,879,53,2014-08-13T19:50:00,2,22253106,180681
OK,79,41,879,79,2014-08-13T19:55:00,0,22253555,180681
OK,56,59,879,56,2014-08-13T22:00:00,0,22261401,180681
OK,56,59,879,56,2014-08-13T22:05:00,0,22261850,180681
OK,56,59,879,56,2014-08-13T22:10:00,0,22262299,180681
OK,91,36,879,91,2014-08-13T22:15:00,1,22262702,180681
OK,32,103,879,32,2014-08-14T00:00:00,0,22268858,180681
OK,32,103,879,32,2014-08-14T00:15:00,0,22269350,180681
OK,37,89,879,37,2014-08-14T00:20:00,1,22269772,180681
OK,37,89,879,37,2014-08-14T00:25:00,0,22270221,180681
OK,37,89,879,37,2014-08-14T00:30:00,0,22270670,180681
OK,62,53,879,62,2014-08-14T00:35:00,1,22271119,180681
OK,62,53,879,62,2014-08-14T00:40:00,1,22271568,180681
OK,62,53,879,62,2014-08-14T00:45:00,0,22272017,180681
OK,62,53,879,62,2014-08-14T00:50:00,0,22272466,180681
OK,62,53,879,62,2014-08-14T00:55:00,0,22272915,180681
OK,62,53,879,62,2014-08-14T01:00:00,0,22273364,180681
OK,62,53,879,62,2014-08-14T01:05:00,0,22273813,180681
OK,62,53,879,62,2014-08-14T01:10:00,0,22274262,180681
OK,62,53,879,62,2014-08-14T01:15:00,0,22274711,180681
OK,62,53,879,62,2014-08-14T01:20:00,0,22275160,180681
OK,62,53,879,62,2014-08-14T01:25:00,0,22275609,180681
OK,62,53,879,62,2014-08-14T01:30:00,0,22276058,180681
OK,62,53,879,62,2014-08-14T01:35:00,0,22276369,180681
OK,62,53,879,62,2014-08-14T01:40:00,0,22276818,180681
OK,62,53,879,62,2014-08-14T01:45:00,0,22277267,180681
OK,62,53,879,62,2014-08-14T01:50:00,0,22277716,180681
OK,35,94,879,35,2014-08-14T01:55:00,1,22278165,180681
OK,85,38,879,85,2014-08-14T02:00:00,1,22278614,180681
OK,85,38,879,85,2014-08-14T02:05:00,1,22279063,180681
OK,55,60,879,55,2014-08-14T02:10:00,1,22279512,180681
OK,55,60,879,55,2014-08-14T02:20:00,0,22280080,180681
OK,55,60,879,55,2014-08-14T02:25:00,0,22280529,180681
OK,57,58,879,57,2014-08-14T02:30:00,1,22280978,180681
OK,57,58,879,57,2014-08-14T02:35:00,0,22281427,180681
OK,70,47,879,70,2014-08-14T02:40:00,2,22281876,180681
OK,38,87,879,38,2014-08-14T02:45:00,1,22282325,180681
OK,67,49,879,67,2014-08-14T03:05:00,3,22283156,180681
OK,61,54,879,61,2014-08-14T03:10:00,2,22283605,180681
OK,56,59,879,56,2014-08-14T03:15:00,0,22284054,180681
OK,56,59,879,56,2014-08-14T03:20:00,0,22284503,180681
OK,69,48,879,69,2014-08-14T03:30:00,3,22285108,180681
OK,62,53,879,62,2014-08-14T03:35:00,2,22285557,180681
OK,63,52,879,63,2014-08-14T03:40:00,2,22286006,180681
OK,55,60,879,55,2014-08-14T03:55:00,7,22286500,180681
OK,55,60,879,55,2014-08-14T04:00:00,5,22286949,180681
OK,70,47,879,70,2014-08-14T04:05:00,3,22287398,180681
OK,79,41,879,79,2014-08-14T04:20:00,5,22287940,180681
OK,49,67,879,49,2014-08-14T04:25:00,6,22288389,180681
OK,48,69,879,48,2014-08-14T04:30:00,8,22288838,180681
OK,52,63,879,52,2014-08-14T04:35:00,10,22289287,180681
OK,60,55,879,60,2014-08-14T04:40:00,20,22289736,180681
OK,66,50,879,66,2014-08-14T04:45:00,22,22290185,180681
OK,70,47,879,70,2014-08-14T04:50:00,18,22290634,180681
OK,65,50,879,65,2014-08-14T04:55:00,23,22291083,180681
OK,67,49,879,67,2014-08-14T05:00:00,29,22291532,180681
OK,66,50,879,66,2014-08-14T05:15:00,33,22292129,180681
OK,73,45,879,73,2014-08-14T05:30:00,29,22292717,180681
OK,83,39,879,83,2014-08-14T05:35:00,34,22293166,180681
OK,81,40,879,81,2014-08-14T05:40:00,19,22293615,180681
OK,109,30,879,109,2014-08-14T05:55:00,37,22294191,180681
OK,93,35,879,93,2014-08-14T06:00:00,40,22294640,180681
OK,83,39,879,83,2014-08-14T06:05:00,27,22295089,180681
OK,88,37,879,88,2014-08-14T06:15:00,26,22295670,180681
OK,91,36,879,91,2014-08-14T06:20:00,32,22296119,180681
OK,83,39,879,83,2014-08-14T06:25:00,32,22296568,180681
OK,71,46,879,71,2014-08-14T06:35:00,33,22297353,180681
OK,71,46,879,71,2014-08-14T06:40:00,31,22297802,180681
OK,73,45,879,73,2014-08-14T06:45:00,21,22298251,180681
OK,68,48,879,68,2014-08-14T07:00:00,16,22298846,180681
OK,61,54,879,61,2014-08-14T07:05:00,13,22299295,180681
OK,68,48,879,68,2014-08-14T07:15:00,25,22299887,180681
OK,60,55,879,60,2014-08-14T07:25:00,21,22300479,180681
OK,70,47,879,70,2014-08-14T07:30:00,17,22300928,180681
OK,53,62,879,53,2014-08-14T07:45:00,14,22301496,180681
OK,61,54,879,61,2014-08-14T07:55:00,25,22302199,180681
OK,66,50,879,66,2014-08-14T08:00:00,29,22302648,180681
OK,68,48,879,68,2014-08-14T08:05:00,27,22303097,180681
OK,75,44,879,75,2014-08-14T08:20:00,19,22303686,180681
OK,71,46,879,71,2014-08-14T08:25:00,25,22304135,180681
OK,69,48,879,69,2014-08-14T08:30:00,27,22304584,180681
OK,68,48,879,68,2014-08-14T08:35:00,27,22305033,180681
OK,74,44,879,74,2014-08-14T08:40:00,29,22305482,180681
OK,61,54,879,61,2014-08-14T08:55:00,21,22306159,180681
OK,60,55,879,60,2014-08-14T09:00:00,18,22306608,180681
OK,74,44,879,74,2014-08-14T09:30:00,14,22307722,180681
OK,76,43,879,76,2014-08-14T09:35:00,13,22308171,180681
OK,75,44,879,75,2014-08-14T09:40:00,27,22308620,180681
OK,60,55,879,60,2014-08-14T09:45:00,23,22309069,180681
OK,59,56,879,59,2014-08-14T09:50:00,13,22309518,180681
OK,73,45,879,73,2014-08-14T10:25:00,22,22311168,180681
OK,63,52,879,63,2014-08-14T10:40:00,18,22311753,180681
OK,70,47,879,70,2014-08-14T11:15:00,21,22312446,180681
OK,64,51,879,64,2014-08-14T11:20:00,13,22312895,180681
OK,60,55,879,60,2014-08-14T11:35:00,21,22313399,180681
OK,75,44,879,75,2014-08-14T11:50:00,22,22313990,180681
OK,62,53,879,62,2014-08-14T11:55:00,18,22314439,180681
OK,62,53,879,62,2014-08-14T12:00:00,21,22314888,180681
OK,60,55,879,60,2014-08-14T12:05:00,16,22315337,180681
OK,72,46,879,72,2014-08-14T12:20:00,28,22315961,180681
OK,80,41,879,80,2014-08-14T12:25:00,24,22316410,180681
OK,72,46,879,72,2014-08-14T12:30:00,17,22316859,180681
OK,68,48,879,68,2014-08-14T12:35:00,19,22317308,180681
OK,60,55,879,60,2014-08-14T12:50:00,2,22317890,180681
OK,79,41,879,79,2014-08-14T13:05:00,21,22318455,180681
OK,80,41,879,80,2014-08-14T13:20:00,21,22319462,180681
OK,76,43,879,76,2014-08-14T13:25:00,26,22319911,180681
OK,78,42,879,78,2014-08-14T13:30:00,32,22320360,180681
OK,76,43,879,76,2014-08-14T13:35:00,32,22320809,180681
OK,71,46,879,71,2014-08-14T13:45:00,26,22321355,180681
OK,84,39,879,84,2014-08-14T14:10:00,31,22322424,180681
OK,92,36,879,92,2014-08-14T14:15:00,33,22322873,180681
OK,92,36,879,92,2014-08-14T14:20:00,28,22323322,180681
OK,71,46,879,71,2014-08-14T14:35:00,21,22323995,180681
OK,68,48,879,68,2014-08-14T14:40:00,23,22324444,180681
OK,62,53,879,62,2014-08-14T14:45:00,17,22324893,180681
OK,66,50,879,66,2014-08-14T14:50:00,14,22325342,180681
OK,81,40,879,81,2014-08-14T14:55:00,16,22325791,180681
OK,78,42,879,78,2014-08-14T15:00:00,19,22326240,180681
OK,72,46,879,72,2014-08-14T15:40:00,15,22327157,180681
OK,51,64,879,51,2014-08-14T15:50:00,9,22327702,180681
OK,75,44,879,75,2014-08-14T16:05:00,12,22328271,180681
OK,74,44,879,74,2014-08-14T16:10:00,6,22328720,180681
OK,46,72,879,46,2014-08-14T16:30:00,3,22329283,180681
OK,49,67,879,49,2014-08-14T16:35:00,6,22329732,180681
OK,63,52,879,63,2014-08-14T16:40:00,7,22330181,180681
OK,72,46,879,72,2014-08-14T16:55:00,13,22330754,180681
OK,71,46,879,71,2014-08-14T17:00:00,10,22331203,180681
OK,49,67,879,49,2014-08-14T17:05:00,9,22331652,180681
OK,68,48,879,68,2014-08-14T17:10:00,7,22332101,180681
OK,51,64,879,51,2014-08-14T17:15:00,7,22332550,180681
OK,53,62,879,53,2014-08-14T17:25:00,7,22333168,180681
OK,53,62,879,53,2014-08-14T17:30:00,8,22333617,180681
OK,55,60,879,55,2014-08-14T17:35:00,8,22334066,180681
OK,59,56,879,59,2014-08-14T17:40:00,9,22334515,180681
OK,49,67,879,49,2014-08-14T18:15:00,6,22335244,180681
OK,51,64,879,51,2014-08-14T18:20:00,5,22335693,180681
OK,51,64,879,51,2014-08-14T18:25:00,4,22336142,180681
OK,38,87,879,38,2014-08-14T18:30:00,2,22336591,180681
OK,38,87,879,38,2014-08-14T18:35:00,1,22337040,180681
OK,54,61,879,54,2014-08-14T18:40:00,3,22337488,180681
OK,57,58,879,57,2014-08-14T18:50:00,4,22338051,180681
OK,57,58,879,57,2014-08-14T18:55:00,8,22338500,180681
OK,43,77,879,43,2014-08-14T19:00:00,7,22338949,180681
OK,46,72,879,46,2014-08-14T19:05:00,5,22339398,180681
OK,47,70,879,47,2014-08-14T19:10:00,6,22339847,180681
OK,47,70,879,47,2014-08-14T19:15:00,8,22340296,180681
OK,50,66,879,50,2014-08-14T19:20:00,4,22340745,180681
OK,54,61,879,54,2014-08-14T19:25:00,2,22341194,180681
OK,62,53,879,62,2014-08-14T19:30:00,4,22341643,180681
OK,45,73,879,45,2014-08-14T19:55:00,6,22342552,180681
OK,72,46,879,72,2014-08-14T20:20:00,3,22344333,180681
OK,72,46,879,72,2014-08-14T20:40:00,0,22345761,180681
OK,60,55,879,60,2014-08-14T20:55:00,4,22346691,180681
OK,44,75,879,44,2014-08-14T21:00:00,1,22347080,180681
OK,44,75,879,44,2014-08-14T21:05:00,1,22347462,180681
OK,48,69,879,48,2014-08-14T21:10:00,2,22347840,180681
OK,39,84,879,39,2014-08-14T23:50:00,1,22350735,180681
OK,39,84,879,39,2014-08-14T23:55:00,0,22351184,180681
OK,39,84,879,39,2014-08-15T00:00:00,0,22351633,180681
OK,48,69,879,48,2014-08-15T00:15:00,1,22352338,180681
OK,48,69,879,48,2014-08-15T00:20:00,0,22352787,180681
OK,48,69,879,48,2014-08-15T00:25:00,0,22353236,180681
OK,48,69,879,48,2014-08-15T00:30:00,0,22353676,180681
OK,48,69,879,48,2014-08-15T00:35:00,0,22354125,180681
OK,48,69,879,48,2014-08-15T00:40:00,0,22354574,180681
OK,48,69,879,48,2014-08-15T00:45:00,0,22355023,180681
OK,67,49,879,67,2014-08-15T00:50:00,1,22355472,180681
OK,51,64,879,51,2014-08-15T00:55:00,1,22355921,180681
OK,51,64,879,51,2014-08-15T01:00:00,0,22356370,180681
OK,51,64,879,51,2014-08-15T01:05:00,0,22356819,180681
OK,51,64,879,51,2014-08-15T01:10:00,0,22357268,180681
OK,51,64,879,51,2014-08-15T01:15:00,0,22357717,180681
OK,51,64,879,51,2014-08-15T01:20:00,0,22358166,180681
OK,63,52,879,63,2014-08-15T01:25:00,1,22358615,180681
OK,63,52,879,63,2014-08-15T01:30:00,0,22359064,180681
OK,63,52,879,63,2014-08-15T01:35:00,0,22359513,180681
OK,63,52,879,63,2014-08-15T01:40:00,0,22359962,180681
OK,47,70,879,47,2014-08-15T01:45:00,2,22360410,180681
OK,48,69,879,48,2014-08-15T01:50:00,0,22360859,180681
OK,44,75,879,44,2014-08-15T01:55:00,0,22361308,180681
OK,44,75,879,44,2014-08-15T02:00:00,0,22361757,180681
OK,44,75,879,44,2014-08-15T02:05:00,0,22362206,180681
OK,64,51,879,64,2014-08-15T02:10:00,2,22362655,180681
OK,54,61,879,54,2014-08-15T02:15:00,4,22363104,180681
OK,53,62,879,53,2014-08-15T02:20:00,0,22363553,180681
OK,53,62,879,53,2014-08-15T02:25:00,0,22364002,180681
OK,53,62,879,53,2014-08-15T02:30:00,0,22364451,180681
OK,43,77,879,43,2014-08-15T02:35:00,2,22364900,180681
OK,44,75,879,44,2014-08-15T02:40:00,1,22365349,180681
OK,97,34,879,97,2014-08-15T02:45:00,2,22365798,180681
OK,97,34,879,97,2014-08-15T02:50:00,3,22366247,180681
OK,69,48,879,69,2014-08-15T02:55:00,2,22366696,180681
OK,61,54,879,61,2014-08-15T03:00:00,1,22367145,180681
OK,52,63,879,52,2014-08-15T03:05:00,1,22367594,180681
OK,60,55,879,60,2014-08-15T03:10:00,3,22368043,180681
OK,60,55,879,60,2014-08-15T03:15:00,3,22368492,180681
OK,58,57,879,58,2014-08-15T03:20:00,4,22368941,180681
OK,54,61,879,54,2014-08-15T03:25:00,4,22369390,180681
OK,63,52,879,63,2014-08-15T03:30:00,4,22369839,180681
OK,61,54,879,61,2014-08-15T03:35:00,3,22370288,180681
OK,63,52,879,63,2014-08-15T03:40:00,0,22370737,180681
OK,47,70,879,47,2014-08-15T03:45:00,3,22371186,180681
OK,56,59,879,56,2014-08-15T03:50:00,9,22371635,180681
OK,46,72,879,46,2014-08-15T03:55:00,5,22372084,180681
OK,87,38,879,87,2014-08-15T04:00:00,2,22372533,180681
OK,63,52,879,63,2014-08-15T04:05:00,6,22372982,180681
OK,43,77,879,43,2014-08-15T04:10:00,5,22373431,180681
OK,54,61,879,54,2014-08-15T04:15:00,2,22373880,180681
OK,96,34,879,96,2014-08-15T04:20:00,3,22374329,180681
OK,49,67,879,49,2014-08-15T04:25:00,7,22374778,180681
OK,41,80,879,41,2014-08-15T04:30:00,8,22375227,180681
OK,54,61,879,54,2014-08-15T04:35:00,10,22375676,180681
OK,63,52,879,63,2014-08-15T04:40:00,12,22376125,180681
OK,62,53,879,62,2014-08-15T04:45:00,21,22376574,180681
OK,55,60,879,55,2014-08-15T04:50:00,22,22377023,180681
OK,67,49,879,67,2014-08-15T04:55:00,14,22377472,180681
OK,68,48,879,68,2014-08-15T05:00:00,14,22377921,180681
OK,72,46,879,72,2014-08-15T05:05:00,14,22378370,180681
OK,71,46,879,71,2014-08-15T05:10:00,21,22378819,180681
OK,69,48,879,69,2014-08-15T05:15:00,26,22379268,180681
OK,58,57,879,58,2014-08-15T05:20:00,23,22379717,180681
OK,71,46,879,71,2014-08-15T05:25:00,25,22380166,180681
OK,78,42,879,78,2014-08-15T05:30:00,22,22380615,180681
OK,73,45,879,73,2014-08-15T05:35:00,15,22381064,180681
OK,90,36,879,90,2014-08-15T05:40:00,28,22381513,180681
OK,91,36,879,91,2014-08-15T05:45:00,38,22381962,180681
OK,93,35,879,93,2014-08-15T05:50:00,27,22382411,180681
OK,93,35,879,93,2014-08-15T05:55:00,26,22382860,180681
OK,94,35,879,94,2014-08-15T06:00:00,25,22383309,180681
OK,67,49,879,67,2014-08-15T06:05:00,33,22383758,180681
OK,68,48,879,68,2014-08-15T06:10:00,33,22384207,180681
OK,81,40,879,81,2014-08-15T06:20:00,30,22385105,180681
OK,81,40,879,81,2014-08-15T06:25:00,33,22385554,180681
OK,84,39,879,84,2014-08-15T06:30:00,33,22386003,180681
OK,77,43,879,77,2014-08-15T06:35:00,30,22386452,180681
OK,77,43,879,77,2014-08-15T06:40:00,32,22386901,180681
OK,78,42,879,78,2014-08-15T06:45:00,29,22387350,180681
OK,62,53,879,62,2014-08-15T06:50:00,18,22387799,180681
OK,61,54,879,61,2014-08-15T06:55:00,9,22388248,180681
OK,65,50,879,65,2014-08-15T07:00:00,16,22388697,180681
OK,57,58,879,57,2014-08-15T07:05:00,19,22389146,180681
OK,54,61,879,54,2014-08-15T07:10:00,18,22389595,180681
OK,57,58,879,57,2014-08-15T07:15:00,19,22390044,180681
OK,98,33,879,98,2014-08-15T07:20:00,15,22390493,180681
OK,78,42,879,78,2014-08-15T07:25:00,23,22390942,180681
OK,56,59,879,56,2014-08-15T07:30:00,19,22391391,180681
OK,67,49,879,67,2014-08-15T07:35:00,22,22391840,180681
OK,75,44,879,75,2014-08-15T07:40:00,19,22392289,180681
OK,67,49,879,67,2014-08-15T07:45:00,12,22392738,180681
OK,73,45,879,73,2014-08-15T07:55:00,10,22393187,180681
OK,63,52,879,63,2014-08-15T08:00:00,12,22393636,180681
OK,67,49,879,67,2014-08-15T08:05:00,21,22394085,180681
OK,66,50,879,66,2014-08-15T08:10:00,18,22394534,180681
OK,65,50,879,65,2014-08-15T08:15:00,15,22394983,180681
OK,54,61,879,54,2014-08-15T08:20:00,17,22395432,180681
OK,47,70,879,47,2014-08-15T08:25:00,19,22395881,180681
OK,61,54,879,61,2014-08-15T08:30:00,23,22396330,180681
OK,71,46,879,71,2014-08-15T08:35:00,23,22396779,180681
OK,73,45,879,73,2014-08-15T08:40:00,17,22397228,180681
OK,57,58,879,57,2014-08-15T08:45:00,15,22397677,180681
OK,59,56,879,59,2014-08-15T08:50:00,18,22398126,180681
OK,54,61,879,54,2014-08-15T08:55:00,22,22398575,180681
OK,53,62,879,53,2014-08-15T09:00:00,21,22399024,180681
OK,53,62,879,53,2014-08-15T09:05:00,25,22399473,180681
OK,50,66,879,50,2014-08-15T09:10:00,23,22399922,180681
OK,58,57,879,58,2014-08-15T09:15:00,21,22400371,180681
OK,55,60,879,55,2014-08-15T09:20:00,24,22400820,180681
OK,56,59,879,56,2014-08-15T09:25:00,25,22401269,180681
OK,65,50,879,65,2014-08-15T09:30:00,20,22401718,180681
OK,62,53,879,62,2014-08-15T09:35:00,20,22402167,180681
OK,57,58,879,57,2014-08-15T09:40:00,22,22402616,180681
OK,58,57,879,58,2014-08-15T09:45:00,16,22403065,180681
OK,68,48,879,68,2014-08-15T09:50:00,20,22403514,180681
OK,64,51,879,64,2014-08-15T09:55:00,18,22403963,180681
OK,72,46,879,72,2014-08-15T10:00:00,26,22404250,180681
OK,70,47,879,70,2014-08-15T10:05:00,39,22404699,180681
OK,69,48,879,69,2014-08-15T10:10:00,34,22405148,180681
OK,66,50,879,66,2014-08-15T10:15:00,29,22405597,180681
OK,66,50,879,66,2014-08-15T10:20:00,24,22406046,180681
OK,66,50,879,66,2014-08-15T10:25:00,20,22406495,180681
OK,63,52,879,63,2014-08-15T10:30:00,22,22406944,180681
OK,72,46,879,72,2014-08-15T10:35:00,30,22407393,180681
OK,70,47,879,70,2014-08-15T10:40:00,27,22407842,180681
OK,54,61,879,54,2014-08-15T10:45:00,18,22408291,180681
OK,64,51,879,64,2014-08-15T10:55:00,23,22408760,180681
OK,64,51,879,64,2014-08-15T11:00:00,19,22409209,180681
OK,64,51,879,64,2014-08-15T11:05:00,20,22409658,180681
OK,70,47,879,70,2014-08-15T11:10:00,23,22410107,180681
OK,75,44,879,75,2014-08-15T11:15:00,22,22410556,180681
OK,73,45,879,73,2014-08-15T11:20:00,20,22411005,180681
OK,73,45,879,73,2014-08-15T11:25:00,22,22411454,180681
OK,77,43,879,77,2014-08-15T11:30:00,25,22411903,180681
OK,79,41,879,79,2014-08-15T11:35:00,21,22412352,180681
OK,79,41,879,79,2014-08-15T11:40:00,13,22412801,180681
OK,87,38,879,87,2014-08-15T11:45:00,19,22413250,180681
OK,57,58,879,57,2014-08-15T11:50:00,21,22413699,180681
OK,57,58,879,57,2014-08-15T11:55:00,20,22414148,180681
OK,51,64,879,51,2014-08-15T12:00:00,13,22414597,180681
OK,71,46,879,71,2014-08-15T12:05:00,21,22415046,180681
OK,74,44,879,74,2014-08-15T12:10:00,23,22415495,180681
OK,80,41,879,80,2014-08-15T12:15:00,21,22415944,180681
OK,92,36,879,92,2014-08-15T12:20:00,19,22416393,180681
OK,90,36,879,90,2014-08-15T12:30:00,24,22416863,180681
OK,75,44,879,75,2014-08-15T12:35:00,22,22417312,180681
OK,90,36,879,90,2014-08-15T12:40:00,25,22417761,180681
OK,108,30,879,108,2014-08-15T12:45:00,30,22418210,180681
OK,113,29,879,113,2014-08-15T12:50:00,30,22418659,180681
OK,121,27,879,121,2014-08-15T12:55:00,31,22419108,180681
OK,103,32,879,103,2014-08-15T13:00:00,31,22419557,180681
OK,84,39,879,84,2014-08-15T13:05:00,25,22420006,180681
OK,83,39,879,83,2014-08-15T13:10:00,22,22420455,180681
OK,184,18,879,184,2014-08-15T13:20:00,15,22421353,180681
OK,316,10,879,316,2014-08-15T13:25:00,30,22421802,180681
OK,260,12,879,260,2014-08-15T13:30:00,48,22422251,180681
OK,192,17,879,192,2014-08-15T13:35:00,45,22422700,180681
OK,192,17,879,192,2014-08-15T13:40:00,31,22423149,180681
OK,219,15,879,219,2014-08-15T13:45:00,30,22423598,180681
OK,220,15,879,220,2014-08-15T13:50:00,24,22424047,180681
OK,182,18,879,182,2014-08-15T13:55:00,23,22424496,180681
OK,156,21,879,156,2014-08-15T14:00:00,26,22424945,180681
OK,101,32,879,101,2014-08-15T14:05:00,24,22425394,180681
OK,76,43,879,76,2014-08-15T14:10:00,23,22425843,180681
OK,67,49,879,67,2014-08-15T14:15:00,17,22426292,180681
OK,68,48,879,68,2014-08-15T14:20:00,15,22426741,180681
OK,64,51,879,64,2014-08-15T14:25:00,18,22427190,180681
OK,82,40,879,82,2014-08-15T14:30:00,17,22427639,180681
OK,68,48,879,68,2014-08-15T14:35:00,19,22428088,180681
OK,59,56,879,59,2014-08-15T14:40:00,16,22428537,180681
OK,52,63,879,52,2014-08-15T14:45:00,15,22428986,180681
OK,54,61,879,54,2014-08-15T14:50:00,13,22429435,180681
OK,54,61,879,54,2014-08-15T14:55:00,11,22429884,180681
OK,56,59,879,56,2014-08-15T15:00:00,13,22430333,180681
OK,74,44,879,74,2014-08-15T15:05:00,11,22430782,180681
OK,71,46,879,71,2014-08-15T15:10:00,9,22431231,180681
OK,76,43,879,76,2014-08-15T15:15:00,13,22431680,180681
OK,72,46,879,72,2014-08-15T15:20:00,15,22432129,180681
OK,60,55,879,60,2014-08-15T15:25:00,11,22432578,180681
OK,60,55,879,60,2014-08-15T15:30:00,7,22433027,180681
OK,76,43,879,76,2014-08-15T15:35:00,9,22433476,180681
OK,64,51,879,64,2014-08-15T15:40:00,12,22433925,180681
OK,52,63,879,52,2014-08-15T15:45:00,13,22434374,180681
OK,44,75,879,44,2014-08-15T15:50:00,11,22434823,180681
OK,53,62,879,53,2014-08-15T15:55:00,9,22435272,180681
OK,46,72,879,46,2014-08-15T16:00:00,12,22435721,180681
OK,61,54,879,61,2014-08-15T16:05:00,14,22436170,180681
OK,63,52,879,63,2014-08-15T16:10:00,19,22436619,180681
OK,66,50,879,66,2014-08-15T16:15:00,17,22437068,180681
OK,66,50,879,66,2014-08-15T16:20:00,11,22437517,180681
OK,78,42,879,78,2014-08-15T16:25:00,7,22437966,180681
OK,64,51,879,64,2014-08-15T16:30:00,11,22438415,180681
OK,57,58,879,57,2014-08-15T16:35:00,8,22438864,180681
OK,76,43,879,76,2014-08-15T16:40:00,3,22439313,180681
OK,75,44,879,75,2014-08-15T16:45:00,6,22439762,180681
OK,71,46,879,71,2014-08-15T16:50:00,7,22440211,180681
OK,49,67,879,49,2014-08-15T16:55:00,12,22440660,180681
OK,50,66,879,50,2014-08-15T17:00:00,14,22441109,180681
OK,54,61,879,54,2014-08-15T17:05:00,11,22441558,180681
OK,54,61,879,54,2014-08-15T17:10:00,7,22442007,180681
OK,56,59,879,56,2014-08-15T17:15:00,4,22442456,180681
OK,57,58,879,57,2014-08-15T17:20:00,4,22442905,180681
OK,58,57,879,58,2014-08-15T17:25:00,7,22443354,180681
OK,58,57,879,58,2014-08-15T17:30:00,7,22443803,180681
OK,45,73,879,45,2014-08-15T17:35:00,5,22444252,180681
OK,45,73,879,45,2014-08-15T17:40:00,5,22444701,180681
OK,52,63,879,52,2014-08-15T17:45:00,5,22445150,180681
OK,52,63,879,52,2014-08-15T17:50:00,5,22445599,180681
OK,49,67,879,49,2014-08-15T17:55:00,5,22446048,180681
OK,54,61,879,54,2014-08-15T18:00:00,3,22446497,180681
OK,49,67,879,49,2014-08-15T18:05:00,4,22446946,180681
OK,48,69,879,48,2014-08-15T18:10:00,3,22447395,180681
OK,42,78,879,42,2014-08-15T18:15:00,1,22447844,180681
OK,42,78,879,42,2014-08-15T18:20:00,0,22448293,180681
OK,47,70,879,47,2014-08-15T18:25:00,5,22448742,180681
OK,43,77,879,43,2014-08-15T18:30:00,5,22449191,180681
OK,64,51,879,64,2014-08-15T18:35:00,5,22449640,180681
OK,48,69,879,48,2014-08-15T18:40:00,7,22450089,180681
OK,45,73,879,45,2014-08-15T18:45:00,4,22450538,180681
OK,51,64,879,51,2014-08-15T18:50:00,4,22450987,180681
OK,55,60,879,55,2014-08-15T18:55:00,4,22451436,180681
OK,55,60,879,55,2014-08-15T19:00:00,4,22451885,180681
OK,55,60,879,55,2014-08-15T19:05:00,4,22452334,180681
OK,50,66,879,50,2014-08-15T19:10:00,5,22452783,180681
OK,52,63,879,52,2014-08-15T19:15:00,8,22453232,180681
OK,54,61,879,54,2014-08-15T19:20:00,8,22453681,180681
OK,57,58,879,57,2014-08-15T19:25:00,7,22454130,180681
OK,45,73,879,45,2014-08-15T19:30:00,5,22454579,180681
OK,68,48,879,68,2014-08-15T19:35:00,1,22455028,180681
OK,50,66,879,50,2014-08-15T19:40:00,1,22455477,180681
OK,49,67,879,49,2014-08-15T19:45:00,6,22455926,180681
OK,48,69,879,48,2014-08-15T19:50:00,5,22456375,180681
OK,59,56,879,59,2014-08-15T19:55:00,6,22456824,180681
OK,59,56,879,59,2014-08-15T20:00:00,5,22457273,180681
OK,44,75,879,44,2014-08-15T20:05:00,3,22457722,180681
OK,56,59,879,56,2014-08-15T20:10:00,2,22458171,180681
OK,88,37,879,88,2014-08-15T20:15:00,1,22458620,180681
OK,88,37,879,88,2014-08-15T20:20:00,1,22459069,180681
OK,82,40,879,82,2014-08-15T20:25:00,1,22459518,180681
OK,72,46,879,72,2014-08-15T20:30:00,2,22459967,180681
OK,55,60,879,55,2014-08-15T20:35:00,2,22460416,180681
OK,70,47,879,70,2014-08-15T20:40:00,2,22460865,180681
OK,70,47,879,70,2014-08-15T20:45:00,2,22461314,180681
OK,51,64,879,51,2014-08-15T20:50:00,2,22461763,180681
OK,48,69,879,48,2014-08-15T20:55:00,3,22462212,180681
OK,48,69,879,48,2014-08-15T21:00:00,5,22462661,180681
OK,66,50,879,66,2014-08-15T21:05:00,8,22463110,180681
OK,66,50,879,66,2014-08-15T21:10:00,8,22463559,180681
OK,68,48,879,68,2014-08-15T21:15:00,5,22464008,180681
OK,82,40,879,82,2014-08-15T21:20:00,1,22464457,180681
OK,82,40,879,82,2014-08-15T21:25:00,0,22464906,180681
OK,70,47,879,70,2014-08-15T21:30:00,2,22465355,180681
OK,76,43,879,76,2014-08-15T21:35:00,3,22465804,180681
OK,76,43,879,76,2014-08-15T21:40:00,1,22466253,180681
OK,76,43,879,76,2014-08-15T21:45:00,0,22466702,180681
OK,76,43,879,76,2014-08-15T21:50:00,0,22467151,180681
OK,81,40,879,81,2014-08-15T21:55:00,3,22467600,180681
OK,81,40,879,81,2014-08-15T22:00:00,0,22468049,180681
OK,36,92,879,36,2014-08-15T22:05:00,2,22468498,180681
OK,36,92,879,36,2014-08-15T22:10:00,2,22468947,180681
OK,34,97,879,34,2014-08-15T22:15:00,0,22469396,180681
OK,56,59,879,56,2014-08-15T22:20:00,2,22469845,180681
OK,56,59,879,56,2014-08-15T22:25:00,0,22470294,180681
OK,56,59,879,56,2014-08-15T22:30:00,0,22470743,180681
OK,56,59,879,56,2014-08-15T22:35:00,0,22471192,180681
OK,84,39,879,84,2014-08-15T22:40:00,2,22471641,180681
OK,46,72,879,46,2014-08-15T22:45:00,4,22472090,180681
OK,47,70,879,47,2014-08-15T22:50:00,4,22472539,180681
OK,55,60,879,55,2014-08-15T22:55:00,4,22472988,180681
OK,60,55,879,60,2014-08-15T23:00:00,1,22473437,180681
OK,60,55,879,60,2014-08-15T23:05:00,0,22473886,180681
OK,71,46,879,71,2014-08-15T23:10:00,2,22474335,180681
OK,52,63,879,52,2014-08-15T23:15:00,1,22474784,180681
OK,49,67,879,49,2014-08-15T23:20:00,2,22475233,180681
OK,47,70,879,47,2014-08-15T23:25:00,0,22475682,180681
OK,47,70,879,47,2014-08-15T23:30:00,0,22476131,180681
OK,61,54,879,61,2014-08-15T23:35:00,5,22476580,180681
OK,54,61,879,54,2014-08-15T23:40:00,2,22477029,180681
OK,55,60,879,55,2014-08-15T23:45:00,0,22477478,180681
OK,55,60,879,55,2014-08-15T23:50:00,0,22477926,180681
OK,55,60,879,55,2014-08-15T23:55:00,0,22478375,180681
OK,55,60,879,55,2014-08-16T00:00:00,0,22478824,180681
OK,51,64,879,51,2014-08-16T00:10:00,2,22479278,180681
OK,73,45,879,73,2014-08-16T00:15:00,1,22479727,180681
OK,47,70,879,47,2014-08-16T00:20:00,1,22480176,180681
OK,44,75,879,44,2014-08-16T00:25:00,1,22480625,180681
OK,58,57,879,58,2014-08-16T00:30:00,1,22481074,180681
OK,58,57,879,58,2014-08-16T00:35:00,0,22481523,180681
OK,54,61,879,54,2014-08-16T00:40:00,1,22481972,180681
OK,56,59,879,56,2014-08-16T00:45:00,2,22482421,180681
OK,35,94,879,35,2014-08-16T00:50:00,2,22482870,180681
OK,37,89,879,37,2014-08-16T00:55:00,2,22483319,180681
OK,51,64,879,51,2014-08-16T01:00:00,2,22483768,180681
OK,57,58,879,57,2014-08-16T01:05:00,3,22484217,180681
OK,46,72,879,46,2014-08-16T01:10:00,1,22484666,180681
OK,46,72,879,46,2014-08-16T01:15:00,0,22485115,180681
OK,46,72,879,46,2014-08-16T01:20:00,0,22485564,180681
OK,46,72,879,46,2014-08-16T01:25:00,0,22486013,180681
OK,51,64,879,51,2014-08-16T01:30:00,1,22486462,180681
OK,48,69,879,48,2014-08-16T01:35:00,1,22486911,180681
OK,48,69,879,48,2014-08-16T01:40:00,0,22487360,180681
OK,48,69,879,48,2014-08-16T01:45:00,0,22487809,180681
OK,48,69,879,48,2014-08-16T01:50:00,0,22488258,180681
OK,60,55,879,60,2014-08-16T01:55:00,0,22488707,180681
OK,60,55,879,60,2014-08-16T02:00:00,0,22489156,180681
OK,60,55,879,60,2014-08-16T02:05:00,0,22489605,180681
OK,60,55,879,60,2014-08-16T02:10:00,0,22490054,180681
OK,60,55,879,60,2014-08-16T02:15:00,0,22490503,180681
OK,61,54,879,61,2014-08-16T02:20:00,1,22490952,180681
OK,61,54,879,61,2014-08-16T02:25:00,1,22491401,180681
OK,61,54,879,61,2014-08-16T02:30:00,0,22491850,180681
OK,48,69,879,48,2014-08-16T02:35:00,1,22492299,180681
OK,48,69,879,48,2014-08-16T02:40:00,0,22492748,180681
OK,48,69,879,48,2014-08-16T02:45:00,0,22493197,180681
OK,48,69,879,48,2014-08-16T02:50:00,0,22493646,180681
OK,38,87,879,38,2014-08-16T02:55:00,1,22494095,180681
OK,38,87,879,38,2014-08-16T03:00:00,1,22494544,180681
OK,45,73,879,45,2014-08-16T03:05:00,0,22494993,180681
OK,45,73,879,45,2014-08-16T03:10:00,0,22495442,180681
OK,45,73,879,45,2014-08-16T03:15:00,0,22495891,180681
OK,45,73,879,45,2014-08-16T03:20:00,0,22496340,180681
OK,45,73,879,45,2014-08-16T03:25:00,0,22496789,180681
OK,45,73,879,45,2014-08-16T03:30:00,0,22497238,180681
OK,65,50,879,65,2014-08-16T03:35:00,1,22497687,180681
OK,65,50,879,65,2014-08-16T03:40:00,1,22498136,180681
OK,65,50,879,65,2014-08-16T03:45:00,0,22498585,180681
OK,57,58,879,57,2014-08-16T03:50:00,1,22499034,180681
OK,57,58,879,57,2014-08-16T03:55:00,0,22499483,180681
OK,57,58,879,57,2014-08-16T04:00:00,0,22499931,180681
OK,57,58,879,57,2014-08-16T04:05:00,0,22500380,180681
OK,57,58,879,57,2014-08-16T04:10:00,0,22500829,180681
OK,57,58,879,57,2014-08-16T04:15:00,0,22501278,180681
OK,57,58,879,57,2014-08-16T04:20:00,0,22501727,180681
OK,46,72,879,46,2014-08-16T04:25:00,1,22502176,180681
OK,40,82,879,40,2014-08-16T04:30:00,2,22502625,180681
OK,47,70,879,47,2014-08-16T04:35:00,1,22503074,180681
OK,48,69,879,48,2014-08-16T04:40:00,2,22503523,180681
OK,51,64,879,51,2014-08-16T04:45:00,3,22503972,180681
OK,40,82,879,40,2014-08-16T04:50:00,2,22504421,180681
OK,40,82,879,40,2014-08-16T04:55:00,3,22504870,180681
OK,43,77,879,43,2014-08-16T05:00:00,1,22505319,180681
OK,43,77,879,43,2014-08-16T05:05:00,0,22505768,180681
OK,43,77,879,43,2014-08-16T05:10:00,0,22506217,180681
OK,43,77,879,43,2014-08-16T05:15:00,0,22506666,180681
OK,43,77,879,43,2014-08-16T05:20:00,2,22507114,180681
OK,42,78,879,42,2014-08-16T05:25:00,6,22507563,180681
OK,42,78,879,42,2014-08-16T05:30:00,6,22508012,180681
OK,48,69,879,48,2014-08-16T05:35:00,3,22508461,180681
OK,48,69,879,48,2014-08-16T05:40:00,4,22508910,180681
OK,52,63,879,52,2014-08-16T05:45:00,1,22509359,180681
OK,49,67,879,49,2014-08-16T05:50:00,6,22509808,180681
OK,47,70,879,47,2014-08-16T05:55:00,8,22510257,180681
OK,70,47,879,70,2014-08-16T06:00:00,5,22510706,180681
OK,62,53,879,62,2014-08-16T06:05:00,4,22511155,180681
OK,54,61,879,54,2014-08-16T06:10:00,6,22511604,180681
OK,54,61,879,54,2014-08-16T06:15:00,10,22512053,180681
OK,43,77,879,43,2014-08-16T06:20:00,6,22512502,180681
OK,50,66,879,50,2014-08-16T06:25:00,4,22512951,180681
OK,56,59,879,56,2014-08-16T06:30:00,6,22513400,180681
OK,59,56,879,59,2014-08-16T06:35:00,6,22513849,180681
OK,60,55,879,60,2014-08-16T06:40:00,2,22514298,180681
OK,46,72,879,46,2014-08-16T06:45:00,3,22514747,180681
OK,51,64,879,51,2014-08-16T06:50:00,6,22515196,180681
OK,59,56,879,59,2014-08-16T06:55:00,5,22515645,180681
OK,84,39,879,84,2014-08-16T07:00:00,9,22516094,180681
OK,84,39,879,84,2014-08-16T07:05:00,11,22516543,180681
OK,48,69,879,48,2014-08-16T07:10:00,8,22516992,180681
OK,47,70,879,47,2014-08-16T07:15:00,9,22517441,180681
OK,47,70,879,47,2014-08-16T07:20:00,11,22517890,180681
OK,57,58,879,57,2014-08-16T07:25:00,12,22518339,180681
OK,51,64,879,51,2014-08-16T07:30:00,12,22518788,180681
OK,55,60,879,55,2014-08-16T07:35:00,10,22519237,180681
OK,71,46,879,71,2014-08-16T07:40:00,14,22519686,180681
OK,73,45,879,73,2014-08-16T07:45:00,17,22520135,180681
OK,54,61,879,54,2014-08-16T07:50:00,15,22520584,180681
OK,50,66,879,50,2014-08-16T07:55:00,13,22521033,180681
OK,47,70,879,47,2014-08-16T08:00:00,13,22521482,180681
OK,50,66,879,50,2014-08-16T08:05:00,11,22521931,180681
OK,73,45,879,73,2014-08-16T08:10:00,9,22522380,180681
OK,55,60,879,55,2014-08-16T08:15:00,11,22522829,180681
OK,80,41,879,80,2014-08-16T08:20:00,14,22523278,180681
OK,80,41,879,80,2014-08-16T08:25:00,8,22523727,180681
OK,58,57,879,58,2014-08-16T08:30:00,10,22524176,180681
OK,68,48,879,68,2014-08-16T09:10:00,7,22524625,180681
OK,78,42,879,78,2014-08-16T09:15:00,11,22525074,180681
OK,53,62,879,53,2014-08-16T09:20:00,16,22525523,180681
OK,49,67,879,49,2014-08-16T09:25:00,21,22525972,180681
OK,49,67,879,49,2014-08-16T09:30:00,19,22526421,180681
OK,57,58,879,57,2014-08-16T09:35:00,16,22526870,180681
OK,82,40,879,82,2014-08-16T09:40:00,6,22527319,180681
OK,67,49,879,67,2014-08-16T09:45:00,5,22527768,180681
OK,68,48,879,68,2014-08-16T09:50:00,10,22528217,180681
OK,57,58,879,57,2014-08-16T09:55:00,14,22528666,180681
OK,50,66,879,50,2014-08-16T10:00:00,10,22529115,180681
OK,54,61,879,54,2014-08-16T10:05:00,9,22529564,180681
OK,68,48,879,68,2014-08-16T10:10:00,13,22530013,180681
OK,73,45,879,73,2014-08-16T10:15:00,13,22530462,180681
OK,53,62,879,53,2014-08-16T10:20:00,6,22530911,180681
OK,46,72,879,46,2014-08-16T10:25:00,6,22531360,180681
OK,79,41,879,79,2014-08-16T10:30:00,9,22531809,180681
OK,71,46,879,71,2014-08-16T10:35:00,14,22532258,180681
OK,65,50,879,65,2014-08-16T10:40:00,16,22532707,180681
OK,61,54,879,61,2014-08-16T10:45:00,13,22533156,180681
OK,77,43,879,77,2014-08-16T10:50:00,17,22533605,180681
OK,77,43,879,77,2014-08-16T10:55:00,21,22534054,180681
OK,64,51,879,64,2014-08-16T11:00:00,11,22534503,180681
OK,44,75,879,44,2014-08-16T11:05:00,8,22534952,180681
OK,46,72,879,46,2014-08-16T11:10:00,9,22535401,180681
OK,59,56,879,59,2014-08-16T11:15:00,10,22535850,180681
OK,56,59,879,56,2014-08-16T11:20:00,19,22536299,180681
OK,50,66,879,50,2014-08-16T11:25:00,16,22536748,180681
OK,53,62,879,53,2014-08-16T11:30:00,13,22537197,180681
OK,73,45,879,73,2014-08-16T11:35:00,12,22537646,180681
OK,63,52,879,63,2014-08-16T11:40:00,10,22538095,180681
OK,47,70,879,47,2014-08-16T11:45:00,9,22538544,180681
OK,48,69,879,48,2014-08-16T11:50:00,11,22538993,180681
OK,46,72,879,46,2014-08-16T11:55:00,11,22539442,180681
OK,46,72,879,46,2014-08-16T12:00:00,12,22539891,180681
OK,77,43,879,77,2014-08-16T12:05:00,11,22540340,180681
OK,58,57,879,58,2014-08-16T12:10:00,12,22540789,180681
OK,57,58,879,57,2014-08-16T12:15:00,15,22541238,180681
OK,53,62,879,53,2014-08-16T12:20:00,11,22541687,180681
OK,61,54,879,61,2014-08-16T12:25:00,11,22542136,180681
OK,61,54,879,61,2014-08-16T12:30:00,23,22542585,180681
OK,67,49,879,67,2014-08-16T12:35:00,19,22543034,180681
OK,77,43,879,77,2014-08-16T12:40:00,6,22543483,180681
OK,54,61,879,54,2014-08-16T12:45:00,3,22543932,180681
OK,54,61,879,54,2014-08-16T12:50:00,3,22544380,180681
OK,88,37,879,88,2014-08-16T12:55:00,6,22544829,180681
OK,49,67,879,49,2014-08-16T13:00:00,9,22545278,180681
OK,47,70,879,47,2014-08-16T13:05:00,7,22545727,180681
OK,47,70,879,47,2014-08-16T13:10:00,13,22546176,180681
OK,44,75,879,44,2014-08-16T13:15:00,16,22546625,180681
OK,47,70,879,47,2014-08-16T13:20:00,13,22547074,180681
OK,53,62,879,53,2014-08-16T13:25:00,8,22547523,180681
OK,76,43,879,76,2014-08-16T13:30:00,6,22547972,180681
OK,73,45,879,73,2014-08-16T13:35:00,9,22548421,180681
OK,50,66,879,50,2014-08-16T13:40:00,16,22548870,180681
OK,48,69,879,48,2014-08-16T13:45:00,16,22549319,180681
OK,55,60,879,55,2014-08-16T13:50:00,12,22549768,180681
OK,57,58,879,57,2014-08-16T13:55:00,10,22550217,180681
OK,66,50,879,66,2014-08-16T14:00:00,3,22550666,180681
OK,59,56,879,59,2014-08-16T14:05:00,4,22551115,180681
OK,64,51,879,64,2014-08-16T14:10:00,8,22551564,180681
OK,67,49,879,67,2014-08-16T14:15:00,13,22552013,180681
OK,67,49,879,67,2014-08-16T14:20:00,12,22552462,180681
OK,61,54,879,61,2014-08-16T14:25:00,8,22552911,180681
OK,47,70,879,47,2014-08-16T14:30:00,7,22553360,180681
OK,50,66,879,50,2014-08-16T14:35:00,10,22553809,180681
OK,51,64,879,51,2014-08-16T14:40:00,7,22554258,180681
OK,51,64,879,51,2014-08-16T14:45:00,7,22554707,180681
OK,59,56,879,59,2014-08-16T14:50:00,12,22555156,180681
OK,45,73,879,45,2014-08-16T14:55:00,8,22555605,180681
OK,47,70,879,47,2014-08-16T15:00:00,7,22556054,180681
OK,49,67,879,49,2014-08-16T15:05:00,9,22556503,180681
OK,64,51,879,64,2014-08-16T15:10:00,11,22556952,180681
OK,61,54,879,61,2014-08-16T15:15:00,8,22557401,180681
OK,60,55,879,60,2014-08-16T15:20:00,5,22557850,180681
OK,65,50,879,65,2014-08-16T15:25:00,6,22558299,180681
OK,57,58,879,57,2014-08-16T15:30:00,13,22558748,180681
OK,62,53,879,62,2014-08-16T15:35:00,14,22559197,180681
OK,71,46,879,71,2014-08-16T15:40:00,11,22559646,180681
OK,51,64,879,51,2014-08-16T15:45:00,12,22560095,180681
OK,48,69,879,48,2014-08-16T15:50:00,12,22560544,180681
OK,49,67,879,49,2014-08-16T15:55:00,7,22560993,180681
OK,76,43,879,76,2014-08-16T16:00:00,4,22561442,180681
OK,55,60,879,55,2014-08-16T16:05:00,13,22561891,180681
OK,49,67,879,49,2014-08-16T16:10:00,8,22562340,180681
OK,50,66,879,50,2014-08-16T16:15:00,6,22562789,180681
OK,88,37,879,88,2014-08-16T16:20:00,5,22563238,180681
OK,88,37,879,88,2014-08-16T16:25:00,3,22563687,180681
OK,49,67,879,49,2014-08-16T16:30:00,5,22564136,180681
OK,51,64,879,51,2014-08-16T16:35:00,7,22564585,180681
OK,69,48,879,69,2014-08-16T16:40:00,8,22565034,180681
OK,43,77,879,43,2014-08-16T16:45:00,8,22565483,180681
OK,44,75,879,44,2014-08-16T16:50:00,6,22565932,180681
OK,41,80,879,41,2014-08-16T16:55:00,8,22566381,180681
OK,43,77,879,43,2014-08-16T17:00:00,6,22566830,180681
OK,51,64,879,51,2014-08-16T17:05:00,3,22567279,180681
OK,76,43,879,76,2014-08-16T17:10:00,2,22567728,180681
OK,51,64,879,51,2014-08-16T17:15:00,5,22568177,180681
OK,47,70,879,47,2014-08-16T17:20:00,7,22568626,180681
OK,41,80,879,41,2014-08-16T17:25:00,3,22569075,180681
OK,52,63,879,52,2014-08-16T17:30:00,2,22569524,180681
OK,43,77,879,43,2014-08-16T17:35:00,4,22569973,180681
OK,51,64,879,51,2014-08-16T17:40:00,5,22570422,180681
OK,60,55,879,60,2014-08-16T17:45:00,4,22570871,180681
OK,51,64,879,51,2014-08-16T17:50:00,0,22571320,180681
OK,46,72,879,46,2014-08-16T17:55:00,3,22571769,180681
OK,47,70,879,47,2014-08-16T18:00:00,4,22572218,180681
OK,72,46,879,72,2014-08-16T18:05:00,4,22572667,180681
OK,77,43,879,77,2014-08-16T18:10:00,2,22573116,180681
OK,53,62,879,53,2014-08-16T18:15:00,4,22573565,180681
OK,64,51,879,64,2014-08-16T18:20:00,6,22574014,180681
OK,76,43,879,76,2014-08-16T18:25:00,3,22574463,180681
OK,61,54,879,61,2014-08-16T18:30:00,4,22574912,180681
OK,53,62,879,53,2014-08-16T18:35:00,5,22575361,180681
OK,36,92,879,36,2014-08-16T18:40:00,3,22575810,180681
OK,67,49,879,67,2014-08-16T18:45:00,3,22576259,180681
OK,50,66,879,50,2014-08-16T18:50:00,4,22576708,180681
OK,42,78,879,42,2014-08-16T18:55:00,4,22577157,180681
OK,36,92,879,36,2014-08-16T19:00:00,3,22577606,180681
OK,53,62,879,53,2014-08-16T19:05:00,5,22578055,180681
OK,51,64,879,51,2014-08-16T19:10:00,4,22578504,180681
OK,72,46,879,72,2014-08-16T19:15:00,2,22578953,180681
OK,50,66,879,50,2014-08-16T19:20:00,4,22579402,180681
OK,50,66,879,50,2014-08-16T19:25:00,4,22579851,180681
OK,71,46,879,71,2014-08-16T19:30:00,5,22580300,180681
OK,60,55,879,60,2014-08-16T19:35:00,6,22580749,180681
OK,45,73,879,45,2014-08-16T19:40:00,3,22581198,180681
OK,34,97,879,34,2014-08-16T19:45:00,3,22581647,180681
OK,55,60,879,55,2014-08-16T19:50:00,7,22582095,180681
OK,51,64,879,51,2014-08-16T19:55:00,6,22582544,180681
OK,41,80,879,41,2014-08-16T20:00:00,4,22582993,180681
OK,63,52,879,63,2014-08-16T20:05:00,2,22583442,180681
OK,71,46,879,71,2014-08-16T20:10:00,3,22583891,180681
OK,71,46,879,71,2014-08-16T20:15:00,5,22584340,180681
OK,43,77,879,43,2014-08-16T20:20:00,3,22584789,180681
OK,43,77,879,43,2014-08-16T20:25:00,4,22585238,180681
OK,40,82,879,40,2014-08-16T20:30:00,4,22585687,180681
OK,55,60,879,55,2014-08-16T20:35:00,1,22586136,180681
OK,55,60,879,55,2014-08-16T20:40:00,1,22586585,180681
OK,84,39,879,84,2014-08-16T20:45:00,1,22587034,180681
OK,65,50,879,65,2014-08-16T20:50:00,2,22587483,180681
OK,47,70,879,47,2014-08-16T20:55:00,0,22587932,180681
OK,50,66,879,50,2014-08-16T21:00:00,6,22588381,180681
OK,51,64,879,51,2014-08-16T21:05:00,5,22588830,180681
OK,55,60,879,55,2014-08-16T21:10:00,3,22589279,180681
OK,55,60,879,55,2014-08-16T21:15:00,3,22589728,180681
OK,57,58,879,57,2014-08-16T21:20:00,3,22590177,180681
OK,71,46,879,71,2014-08-16T21:25:00,5,22590626,180681
OK,66,50,879,66,2014-08-16T21:30:00,2,22591075,180681
OK,51,64,879,51,2014-08-16T21:35:00,4,22591524,180681
OK,51,64,879,51,2014-08-16T21:40:00,4,22591973,180681
OK,49,67,879,49,2014-08-16T21:45:00,3,22592422,180681
OK,47,70,879,47,2014-08-16T21:50:00,4,22592871,180681
OK,66,50,879,66,2014-08-16T21:55:00,2,22593320,180681
OK,91,36,879,91,2014-08-16T22:00:00,0,22593769,180681
OK,73,45,879,73,2014-08-16T22:05:00,2,22594218,180681
OK,64,51,879,64,2014-08-16T22:10:00,5,22594667,180681
OK,46,72,879,46,2014-08-16T22:15:00,2,22595116,180681
OK,46,72,879,46,2014-08-16T22:20:00,0,22595565,180681
OK,51,64,879,51,2014-08-16T22:25:00,1,22596014,180681
OK,60,55,879,60,2014-08-16T22:30:00,2,22596463,180681
OK,47,70,879,47,2014-08-16T22:35:00,7,22596912,180681
OK,61,54,879,61,2014-08-16T22:40:00,5,22597361,180681
OK,43,77,879,43,2014-08-16T22:45:00,2,22597810,180681
OK,45,73,879,45,2014-08-16T22:50:00,2,22598259,180681
OK,70,47,879,70,2014-08-16T22:55:00,1,22598708,180681
OK,70,47,879,70,2014-08-16T23:00:00,0,22599157,180681
OK,74,44,879,74,2014-08-16T23:10:00,1,22599606,180681
OK,68,48,879,68,2014-08-16T23:15:00,1,22600021,180681
OK,42,78,879,42,2014-08-16T23:20:00,1,22600470,180681
OK,42,78,879,42,2014-08-16T23:25:00,1,22600915,180681
OK,68,48,879,68,2014-08-16T23:30:00,1,22601348,180681
OK,46,72,879,46,2014-08-16T23:35:00,5,22601793,180681
OK,45,73,879,45,2014-08-16T23:40:00,4,22602239,180681
OK,56,59,879,56,2014-08-16T23:45:00,1,22602688,180681
OK,56,59,879,56,2014-08-16T23:50:00,1,22603130,180681
OK,44,75,879,44,2014-08-16T23:55:00,1,22603579,180681
OK,57,58,879,57,2014-08-17T00:00:00,2,22604007,180681
OK,70,47,879,70,2014-08-17T00:05:00,1,22604453,180681
OK,77,43,879,77,2014-08-17T00:10:00,1,22604886,180681
OK,39,84,879,39,2014-08-17T00:15:00,1,22605324,180681
OK,39,84,879,39,2014-08-17T00:20:00,1,22605771,180681
OK,39,84,879,39,2014-08-17T00:25:00,0,22606220,180681
OK,39,84,879,39,2014-08-17T00:30:00,0,22606669,180681
OK,76,43,879,76,2014-08-17T00:35:00,1,22607118,180681
OK,76,43,879,76,2014-08-17T00:40:00,0,22607567,180681
OK,76,43,879,76,2014-08-17T00:45:00,0,22608016,180681
OK,34,97,879,34,2014-08-17T00:50:00,1,22608465,180681
OK,34,97,879,34,2014-08-17T00:55:00,1,22608914,180681
OK,34,97,879,34,2014-08-17T01:00:00,0,22609363,180681
OK,34,97,879,34,2014-08-17T01:05:00,0,22609812,180681
OK,34,97,879,34,2014-08-17T01:10:00,0,22610261,180681
OK,34,97,879,34,2014-08-17T01:15:00,0,22610710,180681
OK,72,46,879,72,2014-08-17T01:20:00,1,22611159,180681
OK,85,38,879,85,2014-08-17T01:25:00,1,22611608,180681
OK,68,48,879,68,2014-08-17T01:30:00,2,22612057,180681
OK,45,73,879,45,2014-08-17T01:35:00,2,22612506,180681
OK,39,84,879,39,2014-08-17T01:40:00,0,22612955,180681
OK,94,35,879,94,2014-08-17T01:45:00,1,22613404,180681
OK,94,35,879,94,2014-08-17T01:50:00,0,22613853,180681
OK,94,35,879,94,2014-08-17T01:55:00,0,22614302,180681
OK,48,69,879,48,2014-08-17T02:00:00,1,22614751,180681
OK,37,89,879,37,2014-08-17T02:05:00,1,22615200,180681
OK,52,63,879,52,2014-08-17T02:10:00,1,22615649,180681
OK,52,63,879,52,2014-08-17T02:15:00,0,22616098,180681
OK,52,63,879,52,2014-08-17T02:20:00,0,22616547,180681
OK,39,84,879,39,2014-08-17T02:25:00,1,22616996,180681
OK,41,80,879,41,2014-08-17T02:30:00,1,22617445,180681
OK,59,56,879,59,2014-08-17T02:35:00,1,22617894,180681
OK,43,77,879,43,2014-08-17T02:40:00,1,22618343,180681
OK,50,66,879,50,2014-08-17T02:45:00,0,22618792,180681
OK,50,66,879,50,2014-08-17T02:50:00,0,22619241,180681
OK,47,70,879,47,2014-08-17T02:55:00,1,22619690,180681
OK,65,50,879,65,2014-08-17T03:00:00,1,22620139,180681
OK,45,73,879,45,2014-08-17T03:05:00,2,22620588,180681
OK,45,73,879,45,2014-08-17T03:10:00,0,22621037,180681
OK,45,73,879,45,2014-08-17T03:15:00,0,22621486,180681
OK,45,73,879,45,2014-08-17T03:20:00,0,22621935,180681
OK,45,73,879,45,2014-08-17T03:25:00,0,22622384,180681
OK,45,73,879,45,2014-08-17T03:30:00,0,22622833,180681
OK,44,75,879,44,2014-08-17T03:35:00,2,22623282,180681
OK,44,75,879,44,2014-08-17T03:40:00,0,22623731,180681
OK,44,75,879,44,2014-08-17T03:45:00,0,22624179,180681
OK,44,75,879,44,2014-08-17T03:50:00,0,22624628,180681
OK,40,82,879,40,2014-08-17T03:55:00,0,22625077,180681
OK,40,82,879,40,2014-08-17T04:00:00,0,22625526,180681
OK,40,82,879,40,2014-08-17T04:05:00,0,22625974,180681
OK,40,82,879,40,2014-08-17T04:10:00,0,22626423,180681
OK,53,62,879,53,2014-08-17T04:15:00,0,22626872,180681
OK,53,62,879,53,2014-08-17T04:20:00,0,22627321,180681
OK,53,62,879,53,2014-08-17T04:25:00,0,22627770,180681
OK,29,114,879,29,2014-08-17T04:30:00,1,22628219,180681
OK,29,114,879,29,2014-08-17T04:35:00,1,22628668,180681
OK,29,114,879,29,2014-08-17T04:40:00,0,22629117,180681
OK,31,106,879,31,2014-08-17T04:45:00,1,22629566,180681
OK,74,44,879,74,2014-08-17T04:50:00,1,22630015,180681
OK,58,57,879,58,2014-08-17T04:55:00,2,22630464,180681
OK,43,77,879,43,2014-08-17T05:00:00,1,22630913,180681
OK,43,77,879,43,2014-08-17T05:05:00,0,22631362,180681
OK,37,89,879,37,2014-08-17T05:10:00,2,22631811,180681
OK,39,84,879,39,2014-08-17T05:15:00,1,22632260,180681
OK,39,84,879,39,2014-08-17T05:20:00,0,22632709,180681
OK,42,78,879,42,2014-08-17T05:25:00,2,22633158,180681
OK,47,70,879,47,2014-08-17T05:30:00,3,22633607,180681
OK,45,73,879,45,2014-08-17T05:35:00,2,22634054,180681
OK,37,89,879,37,2014-08-17T05:40:00,3,22634503,180681
OK,52,63,879,52,2014-08-17T05:45:00,3,22634952,180681
OK,49,67,879,49,2014-08-17T05:50:00,4,22635401,180681
OK,43,77,879,43,2014-08-17T05:55:00,3,22635850,180681
OK,44,75,879,44,2014-08-17T06:00:00,2,22636299,180681
OK,58,57,879,58,2014-08-17T06:05:00,1,22636748,180681
OK,48,69,879,48,2014-08-17T06:10:00,2,22637197,180681
OK,53,62,879,53,2014-08-17T06:15:00,2,22637646,180681
OK,53,62,879,53,2014-08-17T06:20:00,3,22638095,180681
OK,43,77,879,43,2014-08-17T06:25:00,3,22638544,180681
OK,41,80,879,41,2014-08-17T06:30:00,1,22638993,180681
OK,40,82,879,40,2014-08-17T06:35:00,2,22639442,180681
OK,40,82,879,40,2014-08-17T06:40:00,2,22639891,180681
OK,67,49,879,67,2014-08-17T06:45:00,1,22640340,180681
OK,33,100,879,33,2014-08-17T06:50:00,5,22640789,180681
OK,51,64,879,51,2014-08-17T06:55:00,5,22641238,180681
OK,51,64,879,51,2014-08-17T07:00:00,3,22641687,180681
OK,54,61,879,54,2014-08-17T07:05:00,2,22642136,180681
OK,61,54,879,61,2014-08-17T07:10:00,3,22642585,180681
OK,61,54,879,61,2014-08-17T07:15:00,0,22643034,180681
OK,45,73,879,45,2014-08-17T07:20:00,1,22643483,180681
OK,48,69,879,48,2014-08-17T07:25:00,5,22643932,180681
OK,48,69,879,48,2014-08-17T07:30:00,5,22644381,180681
OK,60,55,879,60,2014-08-17T07:35:00,4,22644830,180681
OK,76,43,879,76,2014-08-17T07:40:00,2,22645279,180681
OK,61,54,879,61,2014-08-17T07:45:00,3,22645728,180681
OK,51,64,879,51,2014-08-17T07:50:00,3,22646177,180681
OK,67,49,879,67,2014-08-17T07:55:00,4,22646626,180681
OK,75,44,879,75,2014-08-17T08:00:00,4,22647075,180681
OK,75,44,879,75,2014-08-17T08:05:00,1,22647524,180681
OK,62,53,879,62,2014-08-17T08:10:00,3,22647973,180681
OK,62,53,879,62,2014-08-17T08:15:00,5,22648422,180681
OK,46,72,879,46,2014-08-17T08:20:00,7,22648871,180681
OK,59,56,879,59,2014-08-17T08:25:00,7,22649320,180681
OK,72,46,879,72,2014-08-17T08:30:00,6,22649769,180681
OK,46,72,879,46,2014-08-17T08:35:00,5,22650218,180681
OK,50,66,879,50,2014-08-17T08:40:00,3,22650667,180681
OK,77,43,879,77,2014-08-17T08:45:00,5,22651116,180681
OK,76,43,879,76,2014-08-17T08:50:00,6,22651565,180681
OK,74,44,879,74,2014-08-17T08:55:00,7,22652014,180681
OK,70,47,879,70,2014-08-17T09:00:00,10,22652463,180681
OK,55,60,879,55,2014-08-17T09:05:00,12,22652912,180681
OK,58,57,879,58,2014-08-17T09:10:00,8,22653361,180681
OK,67,49,879,67,2014-08-17T09:15:00,9,22653810,180681
OK,58,57,879,58,2014-08-17T09:20:00,11,22654259,180681
OK,58,57,879,58,2014-08-17T09:25:00,8,22654708,180681
OK,56,59,879,56,2014-08-17T09:30:00,6,22655157,180681
OK,57,58,879,57,2014-08-17T09:35:00,5,22655606,180681
OK,58,57,879,58,2014-08-17T09:40:00,7,22656055,180681
OK,58,57,879,58,2014-08-17T09:45:00,6,22656504,180681
OK,77,43,879,77,2014-08-17T09:50:00,7,22656953,180681
OK,61,54,879,61,2014-08-17T09:55:00,7,22657402,180681
OK,51,64,879,51,2014-08-17T10:00:00,8,22657851,180681
OK,53,62,879,53,2014-08-17T10:05:00,9,22658300,180681
OK,58,57,879,58,2014-08-17T10:10:00,9,22658749,180681
OK,66,50,879,66,2014-08-17T10:15:00,9,22659198,180681
OK,65,50,879,65,2014-08-17T10:20:00,8,22659647,180681
OK,54,61,879,54,2014-08-17T10:25:00,8,22660096,180681
OK,56,59,879,56,2014-08-17T10:30:00,9,22660545,180681
OK,54,61,879,54,2014-08-17T10:35:00,14,22660994,180681
OK,51,64,879,51,2014-08-17T10:40:00,10,22661443,180681
OK,68,48,879,68,2014-08-17T10:45:00,12,22661892,180681
OK,63,52,879,63,2014-08-17T10:50:00,12,22662341,180681
OK,51,64,879,51,2014-08-17T10:55:00,6,22662790,180681
OK,60,55,879,60,2014-08-17T11:00:00,9,22663239,180681
OK,69,48,879,69,2014-08-17T11:05:00,13,22663688,180681
OK,70,47,879,70,2014-08-17T11:10:00,12,22664136,180681
OK,51,64,879,51,2014-08-17T11:15:00,15,22664585,180681
OK,53,62,879,53,2014-08-17T11:20:00,13,22665034,180681
OK,70,47,879,70,2014-08-17T11:25:00,26,22665483,180681
OK,70,47,879,70,2014-08-17T11:30:00,29,22665932,180681
OK,66,50,879,66,2014-08-17T11:35:00,11,22666381,180681
OK,78,42,879,78,2014-08-17T11:40:00,9,22666830,180681
OK,63,52,879,63,2014-08-17T11:45:00,9,22667279,180681
OK,57,58,879,57,2014-08-17T11:50:00,11,22667728,180681
OK,58,57,879,58,2014-08-17T11:55:00,8,22668177,180681
OK,59,56,879,59,2014-08-17T12:00:00,9,22668626,180681
OK,57,58,879,57,2014-08-17T12:05:00,9,22669075,180681
OK,54,61,879,54,2014-08-17T12:10:00,5,22669524,180681
OK,59,56,879,59,2014-08-17T12:15:00,7,22669973,180681
OK,70,47,879,70,2014-08-17T12:20:00,6,22670422,180681
OK,61,54,879,61,2014-08-17T12:25:00,7,22670871,180681
OK,58,57,879,58,2014-08-17T12:30:00,6,22671320,180681
OK,59,56,879,59,2014-08-17T12:35:00,5,22671769,180681
OK,56,59,879,56,2014-08-17T12:40:00,6,22672218,180681
OK,62,53,879,62,2014-08-17T12:45:00,11,22672667,180681
OK,57,58,879,57,2014-08-17T12:50:00,21,22673116,180681
OK,58,57,879,58,2014-08-17T12:55:00,17,22673565,180681
OK,68,48,879,68,2014-08-17T13:00:00,4,22674014,180681
OK,59,56,879,59,2014-08-17T13:05:00,3,22674463,180681
OK,58,57,879,58,2014-08-17T13:10:00,4,22674912,180681
OK,50,66,879,50,2014-08-17T13:15:00,6,22675361,180681
OK,60,55,879,60,2014-08-17T13:20:00,6,22675810,180681
OK,65,50,879,65,2014-08-17T13:25:00,11,22676259,180681
OK,68,48,879,68,2014-08-17T13:30:00,23,22676708,180681
OK,67,49,879,67,2014-08-17T13:35:00,18,22677157,180681
OK,56,59,879,56,2014-08-17T13:40:00,11,22677606,180681
OK,58,57,879,58,2014-08-17T13:45:00,14,22678055,180681
OK,59,56,879,59,2014-08-17T13:50:00,8,22678504,180681
OK,59,56,879,59,2014-08-17T13:55:00,7,22678953,180681
OK,60,55,879,60,2014-08-17T14:00:00,10,22679402,180681
OK,61,54,879,61,2014-08-17T14:05:00,14,22679851,180681
OK,69,48,879,69,2014-08-17T14:10:00,18,22680300,180681
OK,55,60,879,55,2014-08-17T14:15:00,7,22680749,180681
OK,47,70,879,47,2014-08-17T14:20:00,4,22681198,180681
OK,49,67,879,49,2014-08-17T14:25:00,4,22681647,180681
OK,66,50,879,66,2014-08-17T14:30:00,7,22682096,180681
OK,64,51,879,64,2014-08-17T14:35:00,6,22682545,180681
OK,49,67,879,49,2014-08-17T14:40:00,4,22682994,180681
OK,67,49,879,67,2014-08-17T14:45:00,9,22683443,180681
OK,67,49,879,67,2014-08-17T14:50:00,13,22683892,180681
OK,45,73,879,45,2014-08-17T14:55:00,11,22684341,180681
OK,52,63,879,52,2014-08-17T15:00:00,9,22684790,180681
OK,50,66,879,50,2014-08-17T15:05:00,9,22685239,180681
OK,51,64,879,51,2014-08-17T15:10:00,6,22685688,180681
OK,68,48,879,68,2014-08-17T15:15:00,5,22686137,180681
OK,58,57,879,58,2014-08-17T15:20:00,5,22686586,180681
OK,51,64,879,51,2014-08-17T15:25:00,6,22687035,180681
OK,55,60,879,55,2014-08-17T15:30:00,6,22687484,180681
OK,56,59,879,56,2014-08-17T15:35:00,6,22687933,180681
OK,46,72,879,46,2014-08-17T15:40:00,7,22688382,180681
OK,45,73,879,45,2014-08-17T15:45:00,10,22688831,180681
OK,48,69,879,48,2014-08-17T15:50:00,10,22689280,180681
OK,56,59,879,56,2014-08-17T15:55:00,10,22689729,180681
OK,53,62,879,53,2014-08-17T16:00:00,10,22690178,180681
OK,54,61,879,54,2014-08-17T16:05:00,6,22690627,180681
OK,57,58,879,57,2014-08-17T16:10:00,6,22691076,180681
OK,50,66,879,50,2014-08-17T16:15:00,8,22691525,180681
OK,52,63,879,52,2014-08-17T16:20:00,3,22691974,180681
OK,50,66,879,50,2014-08-17T16:25:00,3,22692423,180681
OK,52,63,879,52,2014-08-17T16:30:00,5,22692872,180681
OK,75,44,879,75,2014-08-17T16:35:00,4,22693321,180681
OK,66,50,879,66,2014-08-17T16:40:00,7,22693770,180681
OK,62,53,879,62,2014-08-17T16:45:00,7,22694219,180681
OK,56,59,879,56,2014-08-17T16:50:00,6,22694668,180681
OK,61,54,879,61,2014-08-17T16:55:00,8,22695117,180681
OK,47,70,879,47,2014-08-17T17:00:00,8,22695566,180681
OK,47,70,879,47,2014-08-17T17:05:00,11,22696015,180681
OK,47,70,879,47,2014-08-17T17:10:00,12,22696464,180681
OK,42,78,879,42,2014-08-17T17:15:00,8,22696913,180681
OK,56,59,879,56,2014-08-17T17:20:00,6,22697362,180681
OK,72,46,879,72,2014-08-17T17:25:00,3,22697811,180681
OK,49,67,879,49,2014-08-17T17:30:00,4,22698260,180681
OK,51,64,879,51,2014-08-17T17:35:00,5,22698709,180681
OK,55,60,879,55,2014-08-17T17:40:00,4,22699158,180681
OK,57,58,879,57,2014-08-17T17:45:00,5,22699607,180681
OK,56,59,879,56,2014-08-17T17:50:00,6,22700056,180681
OK,44,75,879,44,2014-08-17T17:55:00,3,22700505,180681
OK,58,57,879,58,2014-08-17T18:00:00,2,22700954,180681
OK,57,58,879,57,2014-08-17T18:05:00,3,22701403,180681
OK,58,57,879,58,2014-08-17T18:10:00,5,22701852,180681
OK,51,64,879,51,2014-08-17T18:15:00,6,22702301,180681
OK,44,75,879,44,2014-08-17T18:20:00,3,22702750,180681
OK,64,51,879,64,2014-08-17T18:25:00,3,22703199,180681
OK,64,51,879,64,2014-08-17T18:30:00,5,22703648,180681
OK,61,54,879,61,2014-08-17T18:35:00,1,22704097,180681
OK,61,54,879,61,2014-08-17T18:40:00,0,22704546,180681
OK,41,80,879,41,2014-08-17T18:45:00,1,22704995,180681
OK,61,54,879,61,2014-08-17T18:50:00,1,22705444,180681
OK,61,54,879,61,2014-08-17T18:55:00,1,22705893,180681
OK,55,60,879,55,2014-08-17T19:00:00,1,22706342,180681
OK,53,62,879,53,2014-08-17T19:05:00,4,22706791,180681
OK,53,62,879,53,2014-08-17T19:10:00,4,22707240,180681
OK,46,72,879,46,2014-08-17T19:15:00,2,22707689,180681
OK,49,67,879,49,2014-08-17T19:20:00,3,22708138,180681
OK,54,61,879,54,2014-08-17T19:25:00,2,22708587,180681
OK,52,63,879,52,2014-08-17T19:30:00,6,22709036,180681
OK,53,62,879,53,2014-08-17T19:35:00,5,22709485,180681
OK,74,44,879,74,2014-08-17T19:40:00,1,22709934,180681
OK,74,44,879,74,2014-08-17T19:45:00,1,22710383,180681
OK,52,63,879,52,2014-08-17T19:50:00,4,22710832,180681
OK,56,59,879,56,2014-08-17T19:55:00,3,22711281,180681
OK,67,49,879,67,2014-08-17T20:00:00,0,22711730,180681
OK,82,40,879,82,2014-08-17T20:05:00,3,22712179,180681
OK,77,43,879,77,2014-08-17T20:10:00,4,22712628,180681
OK,59,56,879,59,2014-08-17T20:15:00,2,22713077,180681
OK,85,38,879,85,2014-08-17T20:20:00,2,22713525,180681
OK,75,44,879,75,2014-08-17T20:25:00,3,22713974,180681
OK,48,69,879,48,2014-08-17T20:30:00,2,22714423,180681
OK,48,69,879,48,2014-08-17T20:35:00,3,22714872,180681
OK,43,77,879,43,2014-08-17T20:40:00,2,22715321,180681
OK,49,67,879,49,2014-08-17T20:45:00,2,22715770,180681
OK,50,66,879,50,2014-08-17T20:50:00,4,22716219,180681
OK,55,60,879,55,2014-08-17T20:55:00,3,22716668,180681
OK,62,53,879,62,2014-08-17T21:00:00,2,22717117,180681
OK,55,60,879,55,2014-08-17T21:05:00,1,22717566,180681
OK,54,61,879,54,2014-08-17T21:10:00,1,22718015,180681
OK,54,61,879,54,2014-08-17T21:15:00,1,22718464,180681
OK,54,61,879,54,2014-08-17T21:20:00,0,22718913,180681
OK,54,61,879,54,2014-08-17T21:25:00,0,22719362,180681
OK,46,72,879,46,2014-08-17T21:30:00,1,22719811,180681
OK,46,72,879,46,2014-08-17T21:35:00,1,22720260,180681
OK,46,72,879,46,2014-08-17T21:40:00,0,22720709,180681
OK,58,57,879,58,2014-08-17T21:45:00,0,22721158,180681
OK,58,57,879,58,2014-08-17T21:50:00,0,22721607,180681
OK,58,57,879,58,2014-08-17T21:55:00,0,22722056,180681
OK,58,57,879,58,2014-08-17T22:00:00,0,22722505,180681
OK,58,57,879,58,2014-08-17T22:05:00,0,22722954,180681
OK,58,57,879,58,2014-08-17T22:10:00,0,22723403,180681
OK,58,57,879,58,2014-08-17T22:15:00,0,22723852,180681
OK,58,57,879,58,2014-08-17T22:25:00,0,22724561,180681
OK,58,57,879,58,2014-08-17T22:30:00,0,22725010,180681
OK,58,57,879,58,2014-08-17T22:35:00,0,22725459,180681
OK,58,57,879,58,2014-08-17T22:40:00,0,22725908,180681
OK,35,94,879,35,2014-08-17T22:45:00,1,22726357,180681
OK,53,62,879,53,2014-08-17T22:50:00,2,22726806,180681
OK,71,46,879,71,2014-08-17T22:55:00,0,22727255,180681
OK,71,46,879,71,2014-08-17T23:00:00,0,22727704,180681
OK,71,46,879,71,2014-08-17T23:05:00,0,22728153,180681
OK,71,46,879,71,2014-08-17T23:10:00,0,22728602,180681
OK,42,78,879,42,2014-08-17T23:15:00,1,22729051,180681
OK,42,78,879,42,2014-08-17T23:20:00,0,22729499,180681
OK,50,66,879,50,2014-08-17T23:25:00,2,22729948,180681
OK,50,66,879,50,2014-08-17T23:30:00,2,22730397,180681
OK,50,66,879,50,2014-08-17T23:35:00,0,22730846,180681
OK,46,72,879,46,2014-08-17T23:40:00,5,22731295,180681
OK,46,72,879,46,2014-08-17T23:45:00,6,22731744,180681
OK,41,80,879,41,2014-08-17T23:50:00,1,22732193,180681
OK,69,48,879,69,2014-08-17T23:55:00,0,22732642,180681
OK,69,48,879,69,2014-08-18T00:00:00,0,22733091,180681
OK,69,48,879,69,2014-08-18T00:05:00,0,22733540,180681
OK,69,48,879,69,2014-08-18T00:10:00,0,22733989,180681
OK,37,89,879,37,2014-08-18T00:15:00,2,22734438,180681
OK,34,97,879,34,2014-08-18T00:20:00,1,22734887,180681
OK,34,97,879,34,2014-08-18T00:25:00,0,22735336,180681
OK,68,48,879,68,2014-08-18T00:30:00,2,22735785,180681
OK,68,48,879,68,2014-08-18T00:35:00,3,22736234,180681
OK,74,44,879,74,2014-08-18T00:40:00,1,22736683,180681
OK,74,44,879,74,2014-08-18T00:45:00,0,22737132,180681
OK,74,44,879,74,2014-08-18T00:50:00,0,22737581,180681
OK,39,84,879,39,2014-08-18T00:55:00,2,22738030,180681
OK,39,84,879,39,2014-08-18T01:00:00,0,22738479,180681
OK,39,84,879,39,2014-08-18T01:05:00,0,22738928,180681
OK,39,84,879,39,2014-08-18T01:10:00,0,22739377,180681
OK,39,84,879,39,2014-08-18T01:10:00,0,22739377,180681
OK,49,67,879,49,2014-08-18T01:15:00,1,22739826,180681
OK,36,92,879,36,2014-08-18T01:20:00,1,22740275,180681
OK,70,47,879,70,2014-08-18T01:25:00,3,22740724,180681
OK,70,47,879,70,2014-08-18T01:30:00,1,22741173,180681
OK,70,47,879,70,2014-08-18T01:35:00,0,22741622,180681
OK,54,61,879,54,2014-08-18T01:40:00,3,22742071,180681
OK,54,61,879,54,2014-08-18T01:45:00,3,22742503,180681
OK,44,75,879,44,2014-08-18T01:50:00,0,22742952,180681
OK,44,75,879,44,2014-08-18T01:55:00,0,22743401,180681
OK,44,75,879,44,2014-08-18T02:00:00,0,22743850,180681
OK,44,75,879,44,2014-08-18T02:05:00,0,22744299,180681
OK,44,75,879,44,2014-08-18T02:10:00,0,22744748,180681
OK,44,75,879,44,2014-08-18T02:15:00,0,22745197,180681
OK,44,75,879,44,2014-08-18T02:20:00,0,22745646,180681
OK,47,70,879,47,2014-08-18T02:25:00,1,22746095,180681
OK,47,70,879,47,2014-08-18T02:30:00,1,22746544,180681
OK,47,70,879,47,2014-08-18T02:35:00,0,22746993,180681
OK,79,41,879,79,2014-08-18T02:40:00,1,22747442,180681
OK,46,72,879,46,2014-08-18T02:45:00,5,22747888,180681
OK,46,72,879,46,2014-08-18T02:50:00,5,22748337,180681
OK,84,39,879,84,2014-08-18T02:55:00,1,22748786,180681
OK,76,43,879,76,2014-08-18T03:00:00,1,22749235,180681
OK,41,80,879,41,2014-08-18T03:05:00,2,22749684,180681
OK,41,80,879,41,2014-08-18T03:10:00,0,22750133,180681
OK,87,38,879,87,2014-08-18T03:15:00,3,22750582,180681
OK,87,38,879,87,2014-08-18T03:20:00,3,22751031,180681
OK,71,46,879,71,2014-08-18T03:25:00,1,22751480,180681
OK,69,48,879,69,2014-08-18T03:30:00,2,22751929,180681
OK,49,67,879,49,2014-08-18T03:35:00,3,22752378,180681
OK,47,70,879,47,2014-08-18T03:40:00,4,22752827,180681
OK,44,75,879,44,2014-08-18T03:45:00,4,22753276,180681
OK,41,80,879,41,2014-08-18T03:50:00,2,22753725,180681
OK,69,48,879,69,2014-08-18T03:55:00,2,22754174,180681
OK,52,63,879,52,2014-08-18T04:00:00,4,22754623,180681
OK,50,66,879,50,2014-08-18T04:05:00,4,22755072,180681
OK,81,40,879,81,2014-08-18T04:10:00,10,22755521,180681
OK,73,45,879,73,2014-08-18T04:15:00,13,22755970,180681
OK,52,63,879,52,2014-08-18T04:20:00,8,22756419,180681
OK,53,62,879,53,2014-08-18T04:25:00,10,22756868,180681
OK,57,58,879,57,2014-08-18T04:30:00,7,22757317,180681
OK,62,53,879,62,2014-08-18T04:35:00,10,22757766,180681
OK,68,48,879,68,2014-08-18T04:40:00,15,22758215,180681
OK,63,52,879,63,2014-08-18T04:45:00,22,22758664,180681
OK,62,53,879,62,2014-08-18T04:50:00,25,22759113,180681
OK,66,50,879,66,2014-08-18T04:55:00,18,22759562,180681
OK,80,41,879,80,2014-08-18T05:00:00,29,22760011,180681
OK,71,46,879,71,2014-08-18T05:05:00,34,22760460,180681
OK,65,50,879,65,2014-08-18T05:10:00,25,22760909,180681
OK,66,50,879,66,2014-08-18T05:15:00,24,22761358,180681
OK,69,48,879,69,2014-08-18T05:20:00,30,22761807,180681
OK,69,48,879,69,2014-08-18T05:25:00,32,22762256,180681
OK,89,37,879,89,2014-08-18T05:30:00,24,22762705,180681
OK,82,40,879,82,2014-08-18T05:35:00,22,22763154,180681
OK,85,38,879,85,2014-08-18T05:40:00,32,22763603,180681
OK,98,33,879,98,2014-08-18T05:45:00,29,22764052,180681
OK,118,28,879,118,2014-08-18T05:50:00,28,22764501,180681
OK,102,32,879,102,2014-08-18T05:55:00,41,22764950,180681
OK,93,35,879,93,2014-08-18T06:00:00,35,22765399,180681
OK,87,38,879,87,2014-08-18T06:05:00,29,22765848,180681
OK,86,38,879,86,2014-08-18T06:10:00,32,22766297,180681
OK,95,34,879,95,2014-08-18T06:15:00,35,22766746,180681
OK,103,32,879,103,2014-08-18T06:20:00,33,22767195,180681
OK,88,37,879,88,2014-08-18T06:25:00,30,22767644,180681
OK,85,38,879,85,2014-08-18T06:30:00,27,22768093,180681
OK,97,34,879,97,2014-08-18T06:35:00,26,22768542,180681
OK,86,38,879,86,2014-08-18T06:40:00,29,22768991,180681
OK,79,41,879,79,2014-08-18T06:45:00,24,22769440,180681
OK,79,41,879,79,2014-08-18T06:50:00,28,22769889,180681
OK,76,43,879,76,2014-08-18T06:55:00,30,22770338,180681
OK,58,57,879,58,2014-08-18T07:00:00,20,22770787,180681
OK,64,51,879,64,2014-08-18T07:05:00,24,22771236,180681
OK,68,48,879,68,2014-08-18T07:10:00,29,22771685,180681
OK,73,45,879,73,2014-08-18T07:15:00,22,22772134,180681
OK,75,44,879,75,2014-08-18T07:20:00,17,22772583,180681
OK,71,46,879,71,2014-08-18T07:25:00,18,22773032,180681
OK,71,46,879,71,2014-08-18T07:30:00,17,22773481,180681
OK,67,49,879,67,2014-08-18T07:35:00,11,22773930,180681
OK,65,50,879,65,2014-08-18T07:40:00,20,22774379,180681
OK,62,53,879,62,2014-08-18T07:45:00,25,22774828,180681
OK,70,47,879,70,2014-08-18T07:50:00,15,22775277,180681
OK,59,56,879,59,2014-08-18T07:55:00,23,22775726,180681
OK,56,59,879,56,2014-08-18T08:00:00,25,22776175,180681
OK,70,47,879,70,2014-08-18T08:05:00,20,22776624,180681
OK,66,50,879,66,2014-08-18T08:10:00,11,22777073,180681
OK,76,43,879,76,2014-08-18T08:15:00,10,22777522,180681
OK,70,47,879,70,2014-08-18T08:20:00,11,22777971,180681
OK,61,54,879,61,2014-08-18T08:25:00,9,22778420,180681
OK,75,44,879,75,2014-08-18T08:30:00,18,22778869,180681
OK,75,44,879,75,2014-08-18T08:35:00,21,22779318,180681
OK,71,46,879,71,2014-08-18T08:40:00,14,22779767,180681
OK,81,40,879,81,2014-08-18T08:45:00,12,22780216,180681
OK,80,41,879,80,2014-08-18T08:50:00,11,22780665,180681
OK,57,58,879,57,2014-08-18T08:55:00,9,22781114,180681
OK,62,53,879,62,2014-08-18T09:00:00,20,22781563,180681
OK,66,50,879,66,2014-08-18T09:05:00,21,22782012,180681
OK,71,46,879,71,2014-08-18T09:10:00,24,22782461,180681
OK,78,42,879,78,2014-08-18T09:15:00,21,22782910,180681
OK,71,46,879,71,2014-08-18T09:20:00,15,22783359,180681
OK,65,50,879,65,2014-08-18T09:25:00,26,22783808,180681
OK,77,43,879,77,2014-08-18T09:30:00,21,22784257,180681
OK,64,51,879,64,2014-08-18T09:35:00,23,22784706,180681
OK,65,50,879,65,2014-08-18T09:40:00,23,22785155,180681
OK,65,50,879,65,2014-08-18T09:45:00,14,22785604,180681
OK,63,52,879,63,2014-08-18T09:50:00,14,22786053,180681
OK,68,48,879,68,2014-08-18T09:55:00,13,22786502,180681
OK,80,41,879,80,2014-08-18T10:00:00,15,22786951,180681
OK,79,41,879,79,2014-08-18T10:05:00,20,22787400,180681
OK,68,48,879,68,2014-08-18T10:10:00,15,22787849,180681
OK,66,50,879,66,2014-08-18T10:15:00,20,22788298,180681
OK,67,49,879,67,2014-08-18T10:20:00,21,22788747,180681
OK,69,48,879,69,2014-08-18T10:25:00,26,22789196,180681
OK,68,48,879,68,2014-08-18T10:30:00,24,22789645,180681
OK,70,47,879,70,2014-08-18T10:35:00,21,22790094,180681
OK,70,47,879,70,2014-08-18T10:40:00,24,22790543,180681
OK,64,51,879,64,2014-08-18T10:45:00,26,22790992,180681
OK,67,49,879,67,2014-08-18T10:50:00,34,22791441,180681
OK,60,55,879,60,2014-08-18T10:55:00,31,22791890,180681
OK,58,57,879,58,2014-08-18T11:00:00,18,22792339,180681
OK,74,44,879,74,2014-08-18T11:05:00,8,22792788,180681
OK,77,43,879,77,2014-08-18T11:10:00,15,22793237,180681
OK,73,45,879,73,2014-08-18T11:15:00,23,22793686,180681
OK,72,46,879,72,2014-08-18T11:20:00,28,22794135,180681
OK,70,47,879,70,2014-08-18T11:25:00,21,22794584,180681
OK,68,48,879,68,2014-08-18T11:30:00,19,22795033,180681
OK,68,48,879,68,2014-08-18T11:35:00,21,22795482,180681
OK,69,48,879,69,2014-08-18T11:40:00,19,22795931,180681
OK,73,45,879,73,2014-08-18T11:45:00,19,22796380,180681
OK,87,38,879,87,2014-08-18T11:50:00,17,22796829,180681
OK,62,53,879,62,2014-08-18T11:55:00,21,22797278,180681
OK,54,61,879,54,2014-08-18T12:00:00,24,22797727,180681
OK,57,58,879,57,2014-08-18T12:05:00,22,22798176,180681
OK,76,43,879,76,2014-08-18T12:10:00,18,22798625,180681
OK,76,43,879,76,2014-08-18T12:15:00,22,22798999,180681
OK,64,51,879,64,2014-08-18T12:20:00,21,22799448,180681
OK,72,46,879,72,2014-08-18T12:25:00,17,22799897,180681
OK,77,43,879,77,2014-08-18T12:30:00,20,22800346,180681
OK,80,41,879,80,2014-08-18T12:35:00,19,22800795,180681
OK,65,50,879,65,2014-08-18T12:40:00,22,22801244,180681
OK,69,48,879,69,2014-08-18T12:45:00,24,22801693,180681
OK,66,50,879,66,2014-08-18T12:50:00,21,22802142,180681
OK,76,43,879,76,2014-08-18T12:55:00,29,22802591,180681
OK,85,38,879,85,2014-08-18T13:00:00,30,22803040,180681
OK,87,38,879,87,2014-08-18T13:05:00,24,22803489,180681
OK,84,39,879,84,2014-08-18T13:10:00,24,22803938,180681
OK,97,34,879,97,2014-08-18T13:15:00,21,22804387,180681
OK,92,36,879,92,2014-08-18T13:20:00,21,22804836,180681
OK,83,39,879,83,2014-08-18T13:25:00,28,22805285,180681
OK,86,38,879,86,2014-08-18T13:30:00,27,22805734,180681
OK,81,40,879,81,2014-08-18T13:35:00,21,22806183,180681
OK,78,42,879,78,2014-08-18T13:40:00,24,22806632,180681
OK,66,50,879,66,2014-08-18T13:45:00,32,22807081,180681
OK,72,46,879,72,2014-08-18T13:50:00,30,22807530,180681
OK,90,36,879,90,2014-08-18T13:55:00,30,22807979,180681
OK,87,38,879,87,2014-08-18T14:00:00,26,22808428,180681
OK,81,40,879,81,2014-08-18T14:05:00,21,22808877,180681
OK,100,33,879,100,2014-08-18T14:10:00,24,22809326,180681
OK,116,28,879,116,2014-08-18T14:15:00,27,22809775,180681
OK,86,38,879,86,2014-08-18T14:20:00,27,22810224,180681
OK,73,45,879,73,2014-08-18T14:30:00,36,22810673,180681
OK,72,46,879,72,2014-08-18T14:35:00,26,22811122,180681
OK,94,35,879,94,2014-08-18T14:40:00,20,22811571,180681
OK,92,36,879,92,2014-08-18T14:45:00,22,22812020,180681
OK,79,41,879,79,2014-08-18T14:50:00,41,22812469,180681
OK,70,47,879,70,2014-08-18T14:55:00,36,22812918,180681
OK,71,46,879,71,2014-08-18T15:00:00,20,22813367,180681
OK,62,53,879,62,2014-08-18T15:05:00,21,22813816,180681
OK,62,53,879,62,2014-08-18T15:10:00,19,22814265,180681
OK,65,50,879,65,2014-08-18T15:15:00,14,22814714,180681
OK,62,53,879,62,2014-08-18T15:20:00,14,22815163,180681
OK,59,56,879,59,2014-08-18T15:25:00,16,22815612,180681
OK,59,56,879,59,2014-08-18T15:30:00,6,22816061,180681
OK,57,58,879,57,2014-08-18T15:35:00,8,22816510,180681
OK,66,50,879,66,2014-08-18T15:40:00,11,22816959,180681
OK,70,47,879,70,2014-08-18T15:45:00,14,22817408,180681
OK,55,60,879,55,2014-08-18T15:50:00,16,22817857,180681
OK,56,59,879,56,2014-08-18T15:55:00,15,22818306,180681
OK,73,45,879,73,2014-08-18T16:00:00,8,22818755,180681
OK,68,48,879,68,2014-08-18T16:05:00,7,22819204,180681
OK,65,50,879,65,2014-08-18T16:10:00,10,22819653,180681
OK,60,55,879,60,2014-08-18T16:15:00,7,22820102,180681
OK,58,57,879,58,2014-08-18T16:20:00,14,22820551,180681
OK,53,62,879,53,2014-08-18T16:25:00,14,22821000,180681
OK,51,64,879,51,2014-08-18T16:30:00,5,22821449,180681
OK,61,54,879,61,2014-08-18T16:35:00,8,22821898,180681
OK,56,59,879,56,2014-08-18T16:40:00,12,22822347,180681
OK,47,70,879,47,2014-08-18T16:45:00,6,22822796,180681
OK,50,66,879,50,2014-08-18T16:50:00,11,22823245,180681
OK,65,50,879,65,2014-08-18T16:55:00,9,22823694,180681
OK,57,58,879,57,2014-08-18T17:00:00,5,22824143,180681
OK,51,64,879,51,2014-08-18T17:05:00,8,22824592,180681
OK,63,52,879,63,2014-08-18T17:10:00,8,22825041,180681
OK,61,54,879,61,2014-08-18T17:15:00,14,22825490,180681
OK,59,56,879,59,2014-08-18T17:20:00,15,22825939,180681
OK,60,55,879,60,2014-08-18T17:25:00,6,22826388,180681
OK,42,78,879,42,2014-08-18T17:30:00,2,22826837,180681
OK,52,63,879,52,2014-08-18T17:35:00,4,22827286,180681
OK,44,75,879,44,2014-08-18T17:40:00,8,22827735,180681
OK,45,73,879,45,2014-08-18T17:45:00,6,22828184,180681
OK,43,77,879,43,2014-08-18T17:50:00,3,22828633,180681
OK,42,78,879,42,2014-08-18T17:55:00,3,22829082,180681
OK,54,61,879,54,2014-08-18T18:00:00,5,22829531,180681
OK,57,58,879,57,2014-08-18T18:05:00,8,22829980,180681
OK,42,78,879,42,2014-08-18T18:10:00,4,22830429,180681
OK,41,80,879,41,2014-08-18T18:15:00,3,22830878,180681
OK,47,70,879,47,2014-08-18T18:20:00,3,22831327,180681
OK,47,70,879,47,2014-08-18T18:25:00,1,22831776,180681
OK,56,59,879,56,2014-08-18T18:30:00,2,22832225,180681
OK,51,64,879,51,2014-08-18T18:35:00,3,22832674,180681
OK,44,75,879,44,2014-08-18T18:40:00,3,22833123,180681
OK,65,50,879,65,2014-08-18T18:45:00,3,22833572,180681
OK,53,62,879,53,2014-08-18T18:50:00,2,22834021,180681
OK,51,64,879,51,2014-08-18T18:55:00,3,22834470,180681
OK,51,64,879,51,2014-08-18T19:00:00,5,22834919,180681
OK,51,64,879,51,2014-08-18T19:05:00,6,22835368,180681
OK,52,63,879,52,2014-08-18T19:10:00,7,22835817,180681
OK,67,49,879,67,2014-08-18T19:15:00,6,22836266,180681
OK,58,57,879,58,2014-08-18T19:20:00,6,22836715,180681
OK,53,62,879,53,2014-08-18T19:25:00,5,22837164,180681
OK,83,39,879,83,2014-08-18T19:30:00,4,22837613,180681
OK,68,48,879,68,2014-08-18T19:35:00,2,22838062,180681
OK,41,80,879,41,2014-08-18T19:40:00,2,22838511,180681
OK,48,69,879,48,2014-08-18T19:45:00,2,22838960,180681
OK,51,64,879,51,2014-08-18T19:50:00,4,22839409,180681
OK,53,62,879,53,2014-08-18T19:55:00,5,22839858,180681
OK,58,57,879,58,2014-08-18T20:00:00,4,22840307,180681
OK,61,54,879,61,2014-08-18T20:05:00,2,22840756,180681
OK,59,56,879,59,2014-08-18T20:10:00,0,22841205,180681
OK,63,52,879,63,2014-08-18T20:15:00,2,22841654,180681
OK,53,62,879,53,2014-08-18T20:20:00,4,22842103,180681
OK,77,43,879,77,2014-08-18T20:25:00,3,22842552,180681
OK,75,44,879,75,2014-08-18T20:30:00,2,22843001,180681
OK,78,42,879,78,2014-08-18T20:35:00,2,22843450,180681
OK,89,37,879,89,2014-08-18T20:40:00,1,22843899,180681
OK,54,61,879,54,2014-08-18T20:45:00,1,22844348,180681
OK,53,62,879,53,2014-08-18T20:50:00,5,22844776,180681
OK,53,62,879,53,2014-08-18T20:55:00,3,22845225,180681
OK,94,35,879,94,2014-08-18T21:00:00,3,22845674,180681
OK,94,35,879,94,2014-08-18T21:05:00,3,22846123,180681
OK,50,66,879,50,2014-08-18T21:10:00,3,22846572,180681
OK,53,62,879,53,2014-08-18T21:15:00,2,22847021,180681
OK,61,54,879,61,2014-08-18T21:20:00,0,22847470,180681
OK,51,64,879,51,2014-08-18T21:25:00,3,22847919,180681
OK,44,75,879,44,2014-08-18T21:30:00,1,22848368,180681
OK,68,48,879,68,2014-08-18T21:35:00,1,22848817,180681
OK,68,48,879,68,2014-08-18T21:40:00,0,22849266,180681
OK,68,48,879,68,2014-08-18T21:45:00,0,22849715,180681
OK,99,33,879,99,2014-08-18T21:50:00,1,22850105,180681
OK,45,73,879,45,2014-08-18T21:55:00,1,22850554,180681
OK,45,73,879,45,2014-08-18T22:00:00,0,22851003,180681
OK,45,73,879,45,2014-08-18T22:05:00,0,22851452,180681
OK,45,73,879,45,2014-08-18T22:10:00,0,22851901,180681
OK,59,56,879,59,2014-08-18T22:15:00,1,22852350,180681
OK,60,55,879,60,2014-08-18T22:20:00,1,22852799,180681
OK,60,55,879,60,2014-08-18T22:25:00,0,22853248,180681
OK,60,55,879,60,2014-08-18T22:30:00,0,22853697,180681
OK,60,55,879,60,2014-08-18T22:35:00,0,22854146,180681
OK,60,55,879,60,2014-08-18T22:40:00,0,22854595,180681
OK,46,72,879,46,2014-08-18T22:45:00,1,22855044,180681
OK,46,72,879,46,2014-08-18T22:50:00,0,22855475,180681
OK,58,57,879,58,2014-08-18T22:55:00,0,22855924,180681
OK,58,57,879,58,2014-08-18T23:00:00,0,22856373,180681
OK,58,57,879,58,2014-08-18T23:05:00,0,22856822,180681
OK,58,57,879,58,2014-08-18T23:10:00,0,22857271,180681
OK,54,61,879,54,2014-08-18T23:15:00,1,22857720,180681
OK,49,67,879,49,2014-08-18T23:20:00,2,22858169,180681
OK,44,75,879,44,2014-08-18T23:25:00,0,22858618,180681
OK,52,63,879,52,2014-08-18T23:30:00,1,22859067,180681
OK,52,63,879,52,2014-08-18T23:35:00,1,22859516,180681
OK,52,63,879,52,2014-08-18T23:40:00,0,22859965,180681
OK,52,63,879,52,2014-08-18T23:45:00,0,22860414,180681
OK,38,87,879,38,2014-08-18T23:50:00,1,22860814,180681
OK,50,66,879,50,2014-08-18T23:55:00,2,22861263,180681
OK,63,52,879,63,2014-08-19T00:00:00,0,22861712,180681
OK,63,52,879,63,2014-08-19T00:10:00,0,22862196,180681
OK,63,52,879,63,2014-08-19T00:15:00,0,22862645,180681
OK,63,52,879,63,2014-08-19T00:20:00,0,22863094,180681
OK,63,52,879,63,2014-08-19T00:25:00,0,22863543,180681
OK,63,52,879,63,2014-08-19T00:30:00,0,22863992,180681
OK,41,80,879,41,2014-08-19T00:35:00,0,22864441,180681
OK,38,87,879,38,2014-08-19T00:40:00,1,22864890,180681
OK,38,87,879,38,2014-08-19T00:45:00,0,22865339,180681
OK,38,87,879,38,2014-08-19T00:50:00,0,22865788,180681
OK,38,87,879,38,2014-08-19T00:55:00,0,22866237,180681
OK,38,87,879,38,2014-08-19T01:00:00,0,22866686,180681
OK,38,87,879,38,2014-08-19T01:05:00,0,22867135,180681
OK,38,87,879,38,2014-08-19T01:10:00,0,22867584,180681
OK,38,87,879,38,2014-08-19T01:15:00,0,22868033,180681
OK,38,87,879,38,2014-08-19T01:20:00,0,22868482,180681
OK,38,87,879,38,2014-08-19T01:25:00,0,22868929,180681
OK,38,87,879,38,2014-08-19T01:30:00,0,22869378,180681
OK,38,87,879,38,2014-08-19T01:35:00,0,22869827,180681
OK,27,122,879,27,2014-08-19T01:40:00,1,22870276,180681
OK,27,122,879,27,2014-08-19T01:45:00,1,22870725,180681
OK,27,122,879,27,2014-08-19T01:50:00,0,22871174,180681
OK,27,122,879,27,2014-08-19T01:55:00,0,22871623,180681
OK,27,122,879,27,2014-08-19T02:00:00,0,22872072,180681
OK,27,122,879,27,2014-08-19T02:05:00,0,22872521,180681
OK,27,122,879,27,2014-08-19T02:10:00,0,22872970,180681
OK,42,78,879,42,2014-08-19T02:15:00,1,22873419,180681
OK,42,78,879,42,2014-08-19T02:20:00,0,22873868,180681
OK,50,66,879,50,2014-08-19T02:25:00,1,22874317,180681
OK,50,66,879,50,2014-08-19T02:30:00,0,22874766,180681
OK,50,66,879,50,2014-08-19T02:35:00,0,22875215,180681
OK,50,66,879,50,2014-08-19T02:40:00,0,22875664,180681
OK,50,66,879,50,2014-08-19T02:45:00,0,22876113,180681
OK,39,84,879,39,2014-08-19T02:50:00,2,22876562,180681
OK,127,26,879,127,2014-08-19T02:55:00,1,22877011,180681
OK,127,26,879,127,2014-08-19T03:00:00,0,22877460,180681
OK,43,77,879,43,2014-08-19T03:05:00,1,22877909,180681
OK,49,67,879,49,2014-08-19T03:15:00,1,22878358,180681
OK,27,122,879,27,2014-08-19T03:20:00,1,22878807,180681
OK,27,122,879,27,2014-08-19T03:25:00,0,22879256,180681
OK,27,122,879,27,2014-08-19T03:30:00,0,22879705,180681
OK,54,61,879,54,2014-08-19T03:35:00,1,22880154,180681
OK,58,57,879,58,2014-08-19T03:40:00,5,22880603,180681
OK,58,57,879,58,2014-08-19T03:45:00,5,22881052,180681
OK,74,44,879,74,2014-08-19T03:50:00,2,22881501,180681
OK,68,48,879,68,2014-08-19T03:55:00,2,22881950,180681
OK,52,63,879,52,2014-08-19T04:00:00,4,22882399,180681
OK,48,69,879,48,2014-08-19T04:05:00,5,22882848,180681
OK,53,62,879,53,2014-08-19T04:10:00,5,22883297,180681
OK,52,63,879,52,2014-08-19T04:15:00,4,22883746,180681
OK,59,56,879,59,2014-08-19T04:20:00,13,22884195,180681
OK,59,56,879,59,2014-08-19T04:25:00,11,22884644,180681
OK,62,53,879,62,2014-08-19T04:30:00,7,22885093,180681
OK,68,48,879,68,2014-08-19T04:35:00,17,22885542,180681
OK,70,47,879,70,2014-08-19T04:40:00,19,22885991,180681
OK,51,64,879,51,2014-08-19T04:45:00,19,22886440,180681
OK,51,64,879,51,2014-08-19T04:50:00,19,22886889,180681
OK,66,50,879,66,2014-08-19T04:55:00,18,22887338,180681
OK,66,50,879,66,2014-08-19T05:00:00,14,22887787,180681
OK,56,59,879,56,2014-08-19T05:05:00,24,22888236,180681
OK,66,50,879,66,2014-08-19T05:10:00,35,22888685,180681
OK,77,43,879,77,2014-08-19T05:15:00,31,22889134,180681
OK,78,42,879,78,2014-08-19T05:20:00,29,22889583,180681
OK,70,47,879,70,2014-08-19T05:25:00,37,22890032,180681
OK,77,43,879,77,2014-08-19T05:30:00,39,22890481,180681
OK,79,41,879,79,2014-08-19T05:35:00,38,22890930,180681
OK,96,34,879,96,2014-08-19T05:40:00,40,22891379,180681
OK,100,33,879,100,2014-08-19T05:45:00,43,22891828,180681
OK,93,35,879,93,2014-08-19T05:50:00,33,22892277,180681
OK,92,36,879,92,2014-08-19T05:55:00,22,22892726,180681
OK,89,37,879,89,2014-08-19T06:00:00,23,22893175,180681
OK,85,38,879,85,2014-08-19T06:05:00,27,22893624,180681
OK,85,38,879,85,2014-08-19T06:10:00,34,22894073,180681
OK,77,43,879,77,2014-08-19T06:15:00,35,22894522,180681
OK,79,41,879,79,2014-08-19T06:20:00,29,22894971,180681
OK,82,40,879,82,2014-08-19T06:25:00,21,22895420,180681
OK,73,45,879,73,2014-08-19T06:30:00,23,22895869,180681
OK,68,48,879,68,2014-08-19T06:35:00,38,22896318,180681
OK,68,48,879,68,2014-08-19T06:40:00,37,22896767,180681
OK,65,50,879,65,2014-08-19T06:45:00,26,22897216,180681
OK,63,52,879,63,2014-08-19T06:50:00,23,22897665,180681
OK,70,47,879,70,2014-08-19T06:55:00,19,22898114,180681
OK,67,49,879,67,2014-08-19T07:00:00,19,22898563,180681
OK,61,54,879,61,2014-08-19T07:05:00,17,22899012,180681
OK,57,58,879,57,2014-08-19T07:10:00,28,22899461,180681
OK,64,51,879,64,2014-08-19T07:15:00,32,22899910,180681
OK,57,58,879,57,2014-08-19T07:20:00,22,22900359,180681
OK,51,64,879,51,2014-08-19T07:25:00,22,22900808,180681
OK,51,64,879,51,2014-08-19T07:30:00,17,22901257,180681
OK,65,50,879,65,2014-08-19T07:35:00,18,22901706,180681
OK,66,50,879,66,2014-08-19T07:40:00,23,22902155,180681
OK,56,59,879,56,2014-08-19T07:45:00,23,22902603,180681
OK,53,62,879,53,2014-08-19T07:50:00,26,22903052,180681
OK,66,50,879,66,2014-08-19T07:55:00,20,22903501,180681
OK,70,47,879,70,2014-08-19T08:00:00,19,22903950,180681
OK,56,59,879,56,2014-08-19T08:05:00,22,22904399,180681
OK,61,54,879,61,2014-08-19T08:10:00,17,22904848,180681
OK,68,48,879,68,2014-08-19T08:15:00,11,22905297,180681
OK,71,46,879,71,2014-08-19T08:20:00,12,22905746,180681
OK,47,70,879,47,2014-08-19T08:25:00,19,22906195,180681
OK,46,72,879,46,2014-08-19T08:30:00,19,22906644,180681
OK,59,56,879,59,2014-08-19T08:35:00,18,22907093,180681
OK,74,44,879,74,2014-08-19T08:40:00,14,22907542,180681
OK,74,44,879,74,2014-08-19T08:45:00,15,22907991,180681
OK,59,56,879,59,2014-08-19T08:50:00,22,22908440,180681
OK,54,61,879,54,2014-08-19T08:55:00,28,22908889,180681
OK,56,59,879,56,2014-08-19T09:00:00,26,22909338,180681
OK,59,56,879,59,2014-08-19T09:05:00,17,22909787,180681
OK,60,55,879,60,2014-08-19T09:10:00,23,22910236,180681
OK,66,50,879,66,2014-08-19T09:15:00,26,22910685,180681
OK,64,51,879,64,2014-08-19T09:20:00,18,22911134,180681
OK,62,53,879,62,2014-08-19T09:25:00,22,22911583,180681
OK,65,50,879,65,2014-08-19T09:30:00,24,22912032,180681
OK,55,60,879,55,2014-08-19T09:35:00,20,22912481,180681
OK,56,59,879,56,2014-08-19T09:40:00,14,22912930,180681
OK,56,59,879,56,2014-08-19T09:45:00,15,22913379,180681
OK,68,48,879,68,2014-08-19T09:50:00,20,22913828,180681
OK,58,57,879,58,2014-08-19T09:55:00,26,22914277,180681
OK,68,48,879,68,2014-08-19T10:00:00,19,22914726,180681
OK,67,49,879,67,2014-08-19T10:05:00,19,22915175,180681
OK,69,48,879,69,2014-08-19T10:10:00,18,22915624,180681
OK,79,41,879,79,2014-08-19T10:15:00,14,22916073,180681
OK,69,48,879,69,2014-08-19T10:20:00,18,22916522,180681
OK,67,49,879,67,2014-08-19T10:25:00,22,22916971,180681
OK,70,47,879,70,2014-08-19T10:30:00,17,22917420,180681
OK,60,55,879,60,2014-08-19T10:35:00,11,22917869,180681
OK,66,50,879,66,2014-08-19T10:40:00,18,22918318,180681
OK,67,49,879,67,2014-08-19T10:45:00,26,22918767,180681
OK,73,45,879,73,2014-08-19T10:50:00,22,22919216,180681
OK,73,45,879,73,2014-08-19T10:55:00,14,22919665,180681
OK,68,48,879,68,2014-08-19T11:00:00,22,22920114,180681
OK,64,51,879,64,2014-08-19T11:05:00,31,22920563,180681
OK,56,59,879,56,2014-08-19T11:10:00,18,22921012,180681
OK,54,61,879,54,2014-08-19T11:15:00,8,22921461,180681
OK,84,39,879,84,2014-08-19T11:20:00,24,22921910,180681
OK,64,51,879,64,2014-08-19T11:30:00,9,22922359,180681
OK,65,50,879,65,2014-08-19T11:35:00,13,22922808,180681
OK,79,41,879,79,2014-08-19T11:40:00,33,22923257,180681
OK,73,45,879,73,2014-08-19T11:45:00,36,22923706,180681
OK,60,55,879,60,2014-08-19T11:50:00,16,22924155,180681
OK,76,43,879,76,2014-08-19T11:55:00,21,22924604,180681
OK,70,47,879,70,2014-08-19T12:00:00,28,22925053,180681
OK,73,45,879,73,2014-08-19T12:05:00,18,22925502,180681
OK,71,46,879,71,2014-08-19T12:10:00,16,22925951,180681
OK,73,45,879,73,2014-08-19T12:15:00,20,22926400,180681
OK,59,56,879,59,2014-08-19T12:20:00,34,22926849,180681
OK,58,57,879,58,2014-08-19T12:25:00,27,22927298,180681
OK,82,40,879,82,2014-08-19T12:30:00,13,22927747,180681
OK,58,57,879,58,2014-08-19T12:35:00,26,22928196,180681
OK,65,50,879,65,2014-08-19T12:40:00,35,22928645,180681
OK,79,41,879,79,2014-08-19T12:45:00,34,22929094,180681
OK,78,42,879,78,2014-08-19T12:50:00,42,22929543,180681
OK,77,43,879,77,2014-08-19T12:55:00,35,22929992,180681
OK,62,53,879,62,2014-08-19T13:00:00,19,22930441,180681
OK,79,41,879,79,2014-08-19T13:05:00,19,22930890,180681
OK,83,39,879,83,2014-08-19T13:10:00,26,22931339,180681
OK,86,38,879,86,2014-08-19T13:15:00,30,22931788,180681
OK,85,38,879,85,2014-08-19T13:20:00,33,22932237,180681
OK,91,36,879,91,2014-08-19T13:25:00,27,22932686,180681
OK,92,36,879,92,2014-08-19T13:30:00,27,22933135,180681
OK,94,35,879,94,2014-08-19T13:35:00,32,22933584,180681
OK,97,34,879,97,2014-08-19T13:40:00,24,22934033,180681
OK,77,43,879,77,2014-08-19T13:45:00,17,22934482,180681
OK,85,38,879,85,2014-08-19T13:50:00,27,22934931,180681
OK,87,38,879,87,2014-08-19T13:55:00,35,22935380,180681
OK,85,38,879,85,2014-08-19T14:00:00,36,22935829,180681
OK,87,38,879,87,2014-08-19T14:05:00,27,22936278,180681
OK,81,40,879,81,2014-08-19T14:10:00,25,22936727,180681
OK,89,37,879,89,2014-08-19T14:15:00,30,22937176,180681
OK,86,38,879,86,2014-08-19T14:20:00,41,22937625,180681
OK,90,36,879,90,2014-08-19T14:25:00,45,22938074,180681
OK,130,25,879,130,2014-08-19T14:30:00,37,22938523,180681
OK,116,28,879,116,2014-08-19T14:35:00,34,22938972,180681
OK,76,43,879,76,2014-08-19T14:40:00,35,22939421,180681
OK,76,43,879,76,2014-08-19T14:45:00,22,22939870,180681
OK,88,37,879,88,2014-08-19T14:50:00,20,22940319,180681
OK,83,39,879,83,2014-08-19T14:55:00,18,22940768,180681
OK,70,47,879,70,2014-08-19T15:00:00,11,22941217,180681
OK,63,52,879,63,2014-08-19T15:05:00,13,22941666,180681
OK,61,54,879,61,2014-08-19T15:10:00,19,22942115,180681
OK,72,46,879,72,2014-08-19T15:15:00,18,22942564,180681
OK,82,40,879,82,2014-08-19T15:20:00,15,22943013,180681
OK,78,42,879,78,2014-08-19T15:25:00,15,22943462,180681
OK,63,52,879,63,2014-08-19T15:30:00,15,22943911,180681
OK,48,69,879,48,2014-08-19T15:35:00,12,22944360,180681
OK,59,56,879,59,2014-08-19T15:40:00,13,22944809,180681
OK,65,50,879,65,2014-08-19T15:45:00,10,22945258,180681
OK,71,46,879,71,2014-08-19T15:50:00,8,22945707,180681
OK,60,55,879,60,2014-08-19T15:55:00,12,22946156,180681
OK,52,63,879,52,2014-08-19T16:00:00,15,22946605,180681
OK,52,63,879,52,2014-08-19T16:05:00,21,22947054,180681
OK,69,48,879,69,2014-08-19T16:10:00,23,22947503,180681
OK,67,49,879,67,2014-08-19T16:15:00,15,22947952,180681
OK,46,72,879,46,2014-08-19T16:20:00,5,22948401,180681
OK,52,63,879,52,2014-08-19T16:25:00,7,22948850,180681
OK,48,69,879,48,2014-08-19T16:30:00,6,22949299,180681
OK,51,64,879,51,2014-08-19T16:35:00,13,22949748,180681
OK,54,61,879,54,2014-08-19T16:40:00,15,22950197,180681
OK,61,54,879,61,2014-08-19T16:45:00,8,22950646,180681
OK,51,64,879,51,2014-08-19T16:50:00,9,22951095,180681
OK,49,67,879,49,2014-08-19T16:55:00,8,22951544,180681
OK,53,62,879,53,2014-08-19T17:00:00,4,22951993,180681
OK,51,64,879,51,2014-08-19T17:05:00,6,22952442,180681
OK,50,66,879,50,2014-08-19T17:10:00,4,22952891,180681
OK,46,72,879,46,2014-08-19T17:15:00,2,22953340,180681
OK,39,84,879,39,2014-08-19T17:20:00,4,22953789,180681
OK,53,62,879,53,2014-08-19T17:25:00,10,22954238,180681
OK,52,63,879,52,2014-08-19T17:30:00,8,22954687,180681
OK,47,70,879,47,2014-08-19T17:35:00,4,22955136,180681
OK,73,45,879,73,2014-08-19T17:40:00,2,22955585,180681
OK,40,82,879,40,2014-08-19T17:45:00,4,22956034,180681
OK,41,80,879,41,2014-08-19T17:50:00,5,22956483,180681
OK,55,60,879,55,2014-08-19T17:55:00,3,22956932,180681
OK,53,62,879,53,2014-08-19T18:00:00,5,22957381,180681
OK,43,77,879,43,2014-08-19T18:05:00,9,22957830,180681
OK,42,78,879,42,2014-08-19T18:10:00,8,22958279,180681
OK,63,52,879,63,2014-08-19T18:15:00,4,22958728,180681
OK,43,77,879,43,2014-08-19T18:20:00,2,22959177,180681
OK,48,69,879,48,2014-08-19T18:25:00,6,22959626,180681
OK,56,59,879,56,2014-08-19T18:30:00,7,22960075,180681
OK,58,57,879,58,2014-08-19T18:35:00,4,22960524,180681
OK,50,66,879,50,2014-08-19T18:40:00,5,22960973,180681
OK,50,66,879,50,2014-08-19T18:45:00,7,22961422,180681
OK,45,73,879,45,2014-08-19T18:50:00,7,22961871,180681
OK,47,70,879,47,2014-08-19T18:55:00,6,22962320,180681
OK,71,46,879,71,2014-08-19T19:00:00,11,22962769,180681
OK,73,45,879,73,2014-08-19T19:05:00,13,22963218,180681
OK,51,64,879,51,2014-08-19T19:10:00,10,22963667,180681
OK,47,70,879,47,2014-08-19T19:15:00,9,22964116,180681
OK,57,58,879,57,2014-08-19T19:20:00,7,22964565,180681
OK,67,49,879,67,2014-08-19T19:25:00,11,22965014,180681
OK,67,49,879,67,2014-08-19T19:30:00,11,22965463,180681
OK,57,58,879,57,2014-08-19T19:35:00,12,22965912,180681
OK,55,60,879,55,2014-08-19T19:40:00,15,22966361,180681
OK,58,57,879,58,2014-08-19T19:45:00,19,22966810,180681
OK,68,48,879,68,2014-08-19T19:50:00,21,22967259,180681
OK,64,51,879,64,2014-08-19T19:55:00,17,22967708,180681
OK,63,52,879,63,2014-08-19T20:00:00,12,22968157,180681
OK,50,66,879,50,2014-08-19T20:05:00,16,22968605,180681
OK,49,67,879,49,2014-08-19T20:10:00,20,22969054,180681
OK,58,57,879,58,2014-08-19T20:15:00,21,22969503,180681
OK,57,58,879,57,2014-08-19T20:20:00,16,22969952,180681
OK,48,69,879,48,2014-08-19T20:25:00,9,22970401,180681
OK,48,69,879,48,2014-08-19T20:30:00,11,22970850,180681
OK,47,70,879,47,2014-08-19T20:35:00,11,22971299,180681
OK,59,56,879,59,2014-08-19T20:40:00,8,22971748,180681
OK,43,77,879,43,2014-08-19T20:45:00,12,22972197,180681
OK,42,78,879,42,2014-08-19T20:50:00,9,22972646,180681
OK,37,89,879,37,2014-08-19T20:55:00,1,22973095,180681
OK,40,82,879,40,2014-08-19T21:00:00,3,22973544,180681
OK,55,60,879,55,2014-08-19T21:05:00,4,22973993,180681
OK,73,45,879,73,2014-08-19T21:10:00,3,22974442,180681
OK,48,69,879,48,2014-08-19T21:15:00,1,22974891,180681
OK,50,66,879,50,2014-08-19T21:20:00,3,22975340,180681
OK,51,64,879,51,2014-08-19T21:25:00,2,22975789,180681
OK,35,94,879,35,2014-08-19T21:30:00,1,22976238,180681
OK,55,60,879,55,2014-08-19T21:35:00,2,22976687,180681
OK,75,44,879,75,2014-08-19T21:40:00,0,22977136,180681
OK,75,44,879,75,2014-08-19T21:45:00,0,22977585,180681
OK,75,44,879,75,2014-08-19T21:50:00,0,22978034,180681
OK,75,44,879,75,2014-08-19T21:55:00,0,22978483,180681
OK,75,44,879,75,2014-08-19T22:00:00,0,22978932,180681
OK,75,44,879,75,2014-08-19T22:05:00,0,22979381,180681
OK,75,44,879,75,2014-08-19T22:10:00,0,22979830,180681
OK,75,44,879,75,2014-08-19T22:15:00,0,22980279,180681
OK,75,44,879,75,2014-08-19T22:20:00,0,22980728,180681
OK,75,44,879,75,2014-08-19T22:25:00,0,22981177,180681
OK,75,44,879,75,2014-08-19T22:30:00,0,22981626,180681
OK,85,38,879,85,2014-08-19T22:35:00,1,22982075,180681
OK,53,62,879,53,2014-08-19T22:40:00,7,22982524,180681
OK,52,63,879,52,2014-08-19T22:45:00,6,22982973,180681
OK,53,62,879,53,2014-08-19T22:50:00,0,22983422,180681
OK,53,62,879,53,2014-08-19T22:55:00,0,22983871,180681
OK,70,47,879,70,2014-08-19T23:00:00,2,22984320,180681
OK,83,39,879,83,2014-08-19T23:05:00,2,22984769,180681
OK,83,39,879,83,2014-08-19T23:10:00,2,22985218,180681
OK,43,77,879,43,2014-08-19T23:15:00,2,22985667,180681
OK,43,77,879,43,2014-08-19T23:20:00,0,22986116,180681
OK,79,41,879,79,2014-08-19T23:25:00,0,22986565,180681
OK,79,41,879,79,2014-08-19T23:30:00,0,22987014,180681
OK,79,41,879,79,2014-08-19T23:35:00,0,22987463,180681
OK,79,41,879,79,2014-08-19T23:40:00,0,22987912,180681
OK,79,41,879,79,2014-08-19T23:45:00,0,22988361,180681
OK,79,41,879,79,2014-08-19T23:50:00,0,22988796,180681
OK,42,78,879,42,2014-08-19T23:55:00,0,22989245,180681
OK,42,78,879,42,2014-08-20T00:00:00,0,22989694,180681
OK,42,78,879,42,2014-08-20T00:05:00,0,22990143,180681
OK,38,87,879,38,2014-08-20T00:10:00,1,22990592,180681
OK,43,77,879,43,2014-08-20T00:15:00,2,22991041,180681
OK,48,69,879,48,2014-08-20T00:20:00,0,22991490,180681
OK,48,69,879,48,2014-08-20T00:25:00,0,22991934,180681
OK,48,69,879,48,2014-08-20T00:30:00,0,22992383,180681
OK,48,69,879,48,2014-08-20T00:35:00,0,22992832,180681
OK,69,48,879,69,2014-08-20T00:40:00,1,22993281,180681
OK,69,48,879,69,2014-08-20T00:45:00,0,22993730,180681
OK,69,48,879,69,2014-08-20T00:50:00,0,22994179,180681
OK,69,48,879,69,2014-08-20T00:55:00,0,22994628,180681
OK,69,48,879,69,2014-08-20T01:00:00,0,22995077,180681
OK,69,48,879,69,2014-08-20T01:05:00,0,22995526,180681
OK,69,48,879,69,2014-08-20T01:10:00,0,22995975,180681
OK,69,48,879,69,2014-08-20T01:15:00,0,22996418,180681
OK,50,66,879,50,2014-08-20T01:20:00,2,22996867,180681
OK,49,67,879,49,2014-08-20T01:25:00,2,22997315,180681
OK,53,62,879,53,2014-08-20T01:30:00,2,22997764,180681
OK,75,44,879,75,2014-08-20T01:35:00,2,22998213,180681
OK,75,44,879,75,2014-08-20T01:40:00,0,22998662,180681
OK,75,44,879,75,2014-08-20T01:45:00,0,22999111,180681
OK,45,73,879,45,2014-08-20T01:50:00,3,22999558,180681
OK,79,41,879,79,2014-08-20T01:55:00,1,23000007,180681
OK,79,41,879,79,2014-08-20T02:00:00,0,23000456,180681
OK,79,41,879,79,2014-08-20T02:05:00,0,23000905,180681
OK,79,41,879,79,2014-08-20T02:10:00,0,23001354,180681
OK,79,41,879,79,2014-08-20T02:15:00,0,23001803,180681
OK,79,41,879,79,2014-08-20T02:20:00,0,23002252,180681
OK,79,41,879,79,2014-08-20T02:25:00,1,23002701,180681
OK,77,43,879,77,2014-08-20T02:30:00,2,23003150,180681
OK,75,44,879,75,2014-08-20T02:35:00,1,23003599,180681
OK,57,58,879,57,2014-08-20T02:40:00,3,23004048,180681
OK,51,64,879,51,2014-08-20T02:45:00,2,23004497,180681
OK,54,61,879,54,2014-08-20T02:50:00,2,23004946,180681
OK,65,50,879,65,2014-08-20T02:55:00,2,23005395,180681
OK,44,75,879,44,2014-08-20T03:00:00,2,23005844,180681
OK,41,80,879,41,2014-08-20T03:05:00,1,23006293,180681
OK,60,55,879,60,2014-08-20T03:10:00,1,23006742,180681
OK,60,55,879,60,2014-08-20T03:15:00,1,23007191,180681
OK,58,57,879,58,2014-08-20T03:20:00,1,23007640,180681
OK,56,59,879,56,2014-08-20T03:25:00,1,23008089,180681
OK,54,61,879,54,2014-08-20T03:30:00,2,23008538,180681
OK,88,37,879,88,2014-08-20T03:35:00,5,23008987,180681
OK,83,39,879,83,2014-08-20T03:40:00,6,23009436,180681
OK,44,75,879,44,2014-08-20T03:45:00,5,23009885,180681
OK,45,73,879,45,2014-08-20T03:50:00,3,23010334,180681
OK,50,66,879,50,2014-08-20T03:55:00,5,23010783,180681
OK,60,55,879,60,2014-08-20T04:00:00,8,23011232,180681
OK,65,50,879,65,2014-08-20T04:05:00,11,23011681,180681
OK,62,53,879,62,2014-08-20T04:10:00,7,23012130,180681
OK,51,64,879,51,2014-08-20T04:15:00,6,23012579,180681
OK,44,75,879,44,2014-08-20T04:20:00,10,23013028,180681
OK,44,75,879,44,2014-08-20T04:25:00,7,23013477,180681
OK,50,66,879,50,2014-08-20T04:30:00,3,23013926,180681
OK,101,32,879,101,2014-08-20T04:35:00,4,23014375,180681
OK,48,69,879,48,2014-08-20T04:40:00,13,23014824,180681
OK,50,66,879,50,2014-08-20T04:45:00,24,23015273,180681
OK,61,54,879,61,2014-08-20T04:50:00,32,23015722,180681
OK,58,57,879,58,2014-08-20T04:55:00,23,23016171,180681
OK,74,44,879,74,2014-08-20T05:00:00,10,23016620,180681
OK,67,49,879,67,2014-08-20T05:05:00,19,23017069,180681
OK,63,52,879,63,2014-08-20T05:10:00,20,23017518,180681
OK,54,61,879,54,2014-08-20T05:15:00,21,23017967,180681
OK,67,49,879,67,2014-08-20T05:20:00,30,23018416,180681
OK,64,51,879,64,2014-08-20T05:25:00,31,23018865,180681
OK,67,49,879,67,2014-08-20T05:30:00,29,23019314,180681
OK,81,40,879,81,2014-08-20T05:35:00,30,23019763,180681
OK,74,44,879,74,2014-08-20T05:40:00,41,23020212,180681
OK,65,50,879,65,2014-08-20T05:45:00,38,23020661,180681
OK,80,41,879,80,2014-08-20T05:50:00,32,23021110,180681
OK,78,42,879,78,2014-08-20T05:55:00,28,23021559,180681
OK,74,44,879,74,2014-08-20T06:00:00,28,23022008,180681
OK,74,44,879,74,2014-08-20T06:05:00,34,23022457,180681
OK,65,50,879,65,2014-08-20T06:10:00,38,23022906,180681
OK,57,58,879,57,2014-08-20T06:15:00,39,23023355,180681
OK,57,58,879,57,2014-08-20T06:20:00,40,23023804,180681
OK,64,51,879,64,2014-08-20T06:25:00,37,23024253,180681
OK,71,46,879,71,2014-08-20T06:30:00,22,23024702,180681
OK,55,60,879,55,2014-08-20T06:35:00,18,23025151,180681
OK,56,59,879,56,2014-08-20T06:40:00,20,23025600,180681
OK,82,40,879,82,2014-08-20T06:45:00,27,23026049,180681
OK,70,47,879,70,2014-08-20T06:50:00,31,23026498,180681
OK,48,69,879,48,2014-08-20T06:55:00,18,23026947,180681
OK,51,64,879,51,2014-08-20T07:00:00,19,23027396,180681
OK,57,58,879,57,2014-08-20T07:05:00,18,23027845,180681
OK,48,69,879,48,2014-08-20T07:10:00,23,23028294,180681
OK,49,67,879,49,2014-08-20T07:15:00,25,23028743,180681
OK,51,64,879,51,2014-08-20T07:20:00,14,23029192,180681
OK,68,48,879,68,2014-08-20T07:25:00,14,23029641,180681
OK,57,58,879,57,2014-08-20T07:30:00,20,23030090,180681
OK,48,69,879,48,2014-08-20T07:35:00,19,23030539,180681
OK,58,57,879,58,2014-08-20T07:40:00,15,23030988,180681
OK,71,46,879,71,2014-08-20T07:45:00,14,23031437,180681
OK,48,69,879,48,2014-08-20T07:50:00,26,23031886,180681
OK,50,66,879,50,2014-08-20T07:55:00,23,23032335,180681
OK,55,60,879,55,2014-08-20T08:00:00,20,23032784,180681
OK,56,59,879,56,2014-08-20T08:05:00,17,23033233,180681
OK,51,64,879,51,2014-08-20T08:10:00,22,23033682,180681
OK,51,64,879,51,2014-08-20T08:15:00,28,23034131,180681
OK,55,60,879,55,2014-08-20T08:20:00,18,23034580,180681
OK,73,45,879,73,2014-08-20T08:25:00,16,23035029,180681
OK,53,62,879,53,2014-08-20T08:30:00,19,23035478,180681
OK,53,62,879,53,2014-08-20T08:35:00,22,23035927,180681
OK,66,50,879,66,2014-08-20T08:40:00,20,23036376,180681
OK,64,51,879,64,2014-08-20T08:45:00,15,23036733,180681
OK,56,59,879,56,2014-08-20T08:55:00,16,23037570,180681
OK,46,72,879,46,2014-08-20T09:05:00,20,23038342,180681
OK,66,50,879,66,2014-08-20T09:10:00,22,23038787,180681
OK,64,51,879,64,2014-08-20T09:20:00,17,23039236,180681
OK,52,63,879,52,2014-08-20T09:25:00,15,23039685,180681
OK,60,55,879,60,2014-08-20T09:30:00,16,23040134,180681
OK,56,59,879,56,2014-08-20T09:35:00,20,23040521,180681
OK,58,57,879,58,2014-08-20T09:40:00,27,23040958,180681
OK,59,56,879,59,2014-08-20T09:50:00,17,23041351,180681
OK,65,50,879,65,2014-08-20T10:00:00,19,23042215,180681
OK,65,50,879,65,2014-08-20T10:05:00,22,23042664,180681
OK,80,41,879,80,2014-08-20T10:10:00,17,23042966,180681
OK,51,64,879,51,2014-08-20T10:20:00,23,23043795,180681
OK,59,56,879,59,2014-08-20T10:25:00,30,23044244,180681
OK,50,66,879,50,2014-08-20T10:35:00,8,23044693,180681
OK,56,59,879,56,2014-08-20T10:40:00,15,23045142,180681
OK,82,40,879,82,2014-08-20T10:45:00,21,23045540,180681
OK,53,62,879,53,2014-08-20T10:50:00,31,23045989,180681
OK,58,57,879,58,2014-08-20T11:00:00,19,23046810,180681
OK,63,52,879,63,2014-08-20T11:05:00,17,23047259,180681
OK,62,53,879,62,2014-08-20T11:10:00,17,23047708,180681
OK,56,59,879,56,2014-08-20T11:15:00,16,23048157,180681
OK,58,57,879,58,2014-08-20T11:20:00,18,23048606,180681
OK,71,46,879,71,2014-08-20T11:25:00,16,23049055,180681
OK,63,52,879,63,2014-08-20T11:30:00,15,23049504,180681
OK,62,53,879,62,2014-08-20T11:35:00,18,23049953,180681
OK,62,53,879,62,2014-08-20T11:40:00,20,23050402,180681
OK,55,60,879,55,2014-08-20T11:45:00,19,23050851,180681
OK,56,59,879,56,2014-08-20T11:50:00,24,23051300,180681
OK,63,52,879,63,2014-08-20T11:55:00,24,23051749,180681
OK,65,50,879,65,2014-08-20T12:00:00,20,23052198,180681
OK,51,64,879,51,2014-08-20T12:05:00,17,23052647,180681
OK,64,51,879,64,2014-08-20T12:10:00,27,23053096,180681
OK,65,50,879,65,2014-08-20T12:15:00,28,23053545,180681
OK,55,60,879,55,2014-08-20T12:20:00,21,23053994,180681
OK,62,53,879,62,2014-08-20T12:25:00,24,23054443,180681
OK,64,51,879,64,2014-08-20T12:30:00,24,23054892,180681
OK,60,55,879,60,2014-08-20T12:35:00,27,23055341,180681
OK,63,52,879,63,2014-08-20T12:40:00,26,23055790,180681
OK,56,59,879,56,2014-08-20T12:45:00,13,23056239,180681
OK,72,46,879,72,2014-08-20T12:50:00,27,23056688,180681
OK,75,44,879,75,2014-08-20T12:55:00,29,23057137,180681
OK,51,64,879,51,2014-08-20T13:00:00,19,23057586,180681
OK,58,57,879,58,2014-08-20T13:05:00,18,23058035,180681
OK,65,50,879,65,2014-08-20T13:10:00,19,23058484,180681
OK,69,48,879,69,2014-08-20T13:15:00,19,23058933,180681
OK,69,48,879,69,2014-08-20T13:20:00,19,23059382,180681
OK,65,50,879,65,2014-08-20T13:25:00,18,23059831,180681
OK,88,37,879,88,2014-08-20T13:30:00,21,23060280,180681
OK,96,34,879,96,2014-08-20T13:35:00,35,23060729,180681
OK,93,35,879,93,2014-08-20T13:40:00,37,23061178,180681
OK,80,41,879,80,2014-08-20T13:45:00,22,23061627,180681
OK,87,38,879,87,2014-08-20T13:50:00,19,23062076,180681
OK,88,37,879,88,2014-08-20T13:55:00,24,23062525,180681
OK,89,37,879,89,2014-08-20T14:00:00,26,23062974,180681
OK,73,45,879,73,2014-08-20T14:05:00,22,23063423,180681
OK,72,46,879,72,2014-08-20T14:10:00,19,23063872,180681
OK,74,44,879,74,2014-08-20T14:15:00,19,23064321,180681
OK,73,45,879,73,2014-08-20T14:20:00,16,23064770,180681
OK,85,38,879,85,2014-08-20T14:25:00,26,23065219,180681
OK,73,45,879,73,2014-08-20T14:30:00,32,23065668,180681
OK,76,43,879,76,2014-08-20T14:35:00,25,23066117,180681
OK,83,39,879,83,2014-08-20T14:40:00,23,23066566,180681
OK,60,55,879,60,2014-08-20T14:45:00,18,23067015,180681
OK,63,52,879,63,2014-08-20T14:50:00,19,23067464,180681
OK,48,69,879,48,2014-08-20T14:55:00,27,23067913,180681
OK,47,70,879,47,2014-08-20T15:00:00,19,23068362,180681
OK,63,52,879,63,2014-08-20T15:05:00,13,23068811,180681
OK,55,60,879,55,2014-08-20T15:10:00,12,23069260,180681
OK,45,73,879,45,2014-08-20T15:15:00,11,23069709,180681
OK,48,69,879,48,2014-08-20T15:20:00,12,23070158,180681
OK,60,55,879,60,2014-08-20T15:25:00,15,23070607,180681
OK,60,55,879,60,2014-08-20T15:30:00,10,23071056,180681
OK,40,82,879,40,2014-08-20T15:35:00,3,23071505,180681
OK,76,43,879,76,2014-08-20T15:40:00,5,23071954,180681
OK,49,67,879,49,2014-08-20T15:45:00,11,23072403,180681
OK,48,69,879,48,2014-08-20T15:50:00,19,23072852,180681
OK,47,70,879,47,2014-08-20T15:55:00,21,23073301,180681
OK,68,48,879,68,2014-08-20T16:00:00,22,23073750,180681
OK,67,49,879,67,2014-08-20T16:05:00,25,23074199,180681
OK,62,53,879,62,2014-08-20T16:10:00,18,23074648,180681
OK,71,46,879,71,2014-08-20T16:15:00,10,23075097,180681
OK,58,57,879,58,2014-08-20T16:20:00,14,23075546,180681
OK,52,63,879,52,2014-08-20T16:25:00,13,23075995,180681
OK,49,67,879,49,2014-08-20T16:30:00,12,23076444,180681
OK,65,50,879,65,2014-08-20T16:35:00,16,23076893,180681
OK,70,47,879,70,2014-08-20T16:40:00,14,23077342,180681
OK,56,59,879,56,2014-08-20T16:45:00,10,23077791,180681
OK,48,69,879,48,2014-08-20T16:50:00,10,23078240,180681
OK,49,67,879,49,2014-08-20T16:55:00,10,23078689,180681
OK,59,56,879,59,2014-08-20T17:00:00,8,23079138,180681
OK,62,53,879,62,2014-08-20T17:05:00,10,23079587,180681
OK,49,67,879,49,2014-08-20T17:10:00,10,23080036,180681
OK,49,67,879,49,2014-08-20T17:15:00,8,23080485,180681
OK,55,60,879,55,2014-08-20T17:20:00,6,23080934,180681
OK,67,49,879,67,2014-08-20T17:25:00,7,23081383,180681
OK,52,63,879,52,2014-08-20T17:30:00,6,23081832,180681
OK,41,80,879,41,2014-08-20T17:35:00,8,23082281,180681
OK,46,72,879,46,2014-08-20T17:40:00,11,23082730,180681
OK,48,69,879,48,2014-08-20T17:45:00,12,23083179,180681
OK,50,66,879,50,2014-08-20T17:50:00,6,23083628,180681
OK,52,63,879,52,2014-08-20T17:55:00,5,23084077,180681
OK,52,63,879,52,2014-08-20T18:00:00,5,23084526,180681
OK,46,72,879,46,2014-08-20T18:05:00,6,23084975,180681
OK,70,47,879,70,2014-08-20T18:10:00,5,23085424,180681
OK,73,45,879,73,2014-08-20T18:15:00,2,23085873,180681
OK,74,44,879,74,2014-08-20T18:20:00,3,23086322,180681
OK,47,70,879,47,2014-08-20T18:25:00,8,23086771,180681
OK,43,77,879,43,2014-08-20T18:30:00,4,23087220,180681
OK,55,60,879,55,2014-08-20T18:35:00,3,23087669,180681
OK,89,37,879,89,2014-08-20T18:40:00,2,23088118,180681
OK,66,50,879,66,2014-08-20T18:45:00,3,23088567,180681
OK,59,56,879,59,2014-08-20T18:50:00,4,23089016,180681
OK,44,75,879,44,2014-08-20T18:55:00,7,23089465,180681
OK,42,78,879,42,2014-08-20T19:00:00,5,23089914,180681
OK,59,56,879,59,2014-08-20T19:05:00,6,23090363,180681
OK,46,72,879,46,2014-08-20T19:10:00,6,23090812,180681
OK,44,75,879,44,2014-08-20T19:15:00,8,23091261,180681
OK,52,63,879,52,2014-08-20T19:20:00,5,23091710,180681
OK,49,67,879,49,2014-08-20T19:25:00,8,23092159,180681
OK,50,66,879,50,2014-08-20T19:30:00,13,23092608,180681
OK,50,66,879,50,2014-08-20T19:35:00,18,23093057,180681
OK,52,63,879,52,2014-08-20T19:40:00,13,23093506,180681
OK,60,55,879,60,2014-08-20T19:45:00,16,23093955,180681
OK,51,64,879,51,2014-08-20T19:50:00,16,23094404,180681
OK,50,66,879,50,2014-08-20T19:55:00,11,23094853,180681
OK,50,66,879,50,2014-08-20T20:00:00,23,23095302,180681
OK,48,69,879,48,2014-08-20T20:05:00,25,23095751,180681
OK,53,62,879,53,2014-08-20T20:10:00,15,23096200,180681
OK,53,62,879,53,2014-08-20T20:15:00,13,23096649,180681
OK,52,63,879,52,2014-08-20T20:20:00,16,23097098,180681
OK,50,66,879,50,2014-08-20T20:25:00,22,23097547,180681
OK,55,60,879,55,2014-08-20T20:30:00,11,23097996,180681
OK,79,41,879,79,2014-08-20T20:35:00,2,23098445,180681
OK,69,48,879,69,2014-08-20T20:40:00,4,23098894,180681
OK,55,60,879,55,2014-08-20T20:45:00,3,23099343,180681
OK,43,77,879,43,2014-08-20T20:50:00,4,23099792,180681
OK,52,63,879,52,2014-08-20T20:55:00,8,23100241,180681
OK,52,63,879,52,2014-08-20T21:00:00,5,23100690,180681
OK,80,41,879,80,2014-08-20T21:05:00,1,23101139,180681
OK,52,63,879,52,2014-08-20T21:10:00,5,23101588,180681
OK,48,69,879,48,2014-08-20T21:15:00,7,23102037,180681
OK,55,60,879,55,2014-08-20T21:20:00,6,23102486,180681
OK,90,36,879,90,2014-08-20T21:25:00,4,23102935,180681
OK,69,48,879,69,2014-08-20T21:30:00,2,23103384,180681
OK,51,64,879,51,2014-08-20T21:35:00,2,23103833,180681
OK,52,63,879,52,2014-08-20T21:40:00,4,23104282,180681
OK,45,73,879,45,2014-08-20T21:45:00,1,23104731,180681
OK,45,73,879,45,2014-08-20T21:50:00,0,23105180,180681
OK,45,73,879,45,2014-08-20T21:55:00,0,23105629,180681
OK,45,73,879,45,2014-08-20T22:00:00,0,23106072,180681
OK,40,82,879,40,2014-08-20T22:05:00,1,23106521,180681
OK,51,64,879,51,2014-08-20T22:10:00,2,23106970,180681
OK,63,52,879,63,2014-08-20T22:15:00,1,23107419,180681
OK,63,52,879,63,2014-08-20T22:20:00,0,23107868,180681
OK,46,72,879,46,2014-08-20T22:25:00,0,23108317,180681
OK,41,80,879,41,2014-08-20T22:30:00,1,23108766,180681
OK,41,80,879,41,2014-08-20T22:35:00,0,23109087,180681
OK,41,80,879,41,2014-08-20T22:40:00,0,23109536,180681
OK,70,47,879,70,2014-08-20T22:45:00,2,23109985,180681
OK,80,41,879,80,2014-08-20T22:50:00,3,23110362,180681
OK,86,38,879,86,2014-08-20T22:55:00,2,23110811,180681
OK,60,55,879,60,2014-08-20T23:00:00,1,23111219,180681
OK,60,55,879,60,2014-08-20T23:05:00,0,23111668,180681
OK,60,55,879,60,2014-08-20T23:10:00,0,23112111,180681
OK,50,66,879,50,2014-08-20T23:15:00,1,23112559,180681
OK,42,78,879,42,2014-08-20T23:20:00,2,23112973,180681
OK,34,97,879,34,2014-08-20T23:25:00,0,23113422,180681
OK,34,97,879,34,2014-08-20T23:30:00,0,23113830,180681
OK,34,97,879,34,2014-08-20T23:35:00,0,23114279,180681
OK,34,97,879,34,2014-08-20T23:40:00,0,23114696,180681
OK,34,97,879,34,2014-08-20T23:45:00,0,23115145,180681
OK,84,39,879,84,2014-08-20T23:50:00,3,23115545,180681
OK,41,80,879,41,2014-08-20T23:55:00,1,23115994,180681
OK,41,80,879,41,2014-08-21T00:00:00,0,23116435,180681
OK,41,80,879,41,2014-08-21T00:15:00,0,23117497,180681
OK,50,66,879,50,2014-08-21T00:20:00,2,23117946,180681
OK,50,66,879,50,2014-08-21T00:25:00,0,23118395,180681
OK,50,66,879,50,2014-08-21T00:30:00,0,23118823,180681
OK,50,66,879,50,2014-08-21T00:35:00,0,23119272,180681
OK,50,66,879,50,2014-08-21T00:40:00,0,23119700,180681
OK,50,66,879,50,2014-08-21T00:45:00,0,23120149,180681
OK,50,66,879,50,2014-08-21T00:50:00,0,23120579,180681
OK,47,70,879,47,2014-08-21T00:55:00,0,23121026,180681
OK,47,70,879,47,2014-08-21T01:00:00,0,23121468,180681
OK,47,70,879,47,2014-08-21T01:05:00,0,23121914,180681
OK,47,70,879,47,2014-08-21T01:10:00,0,23122324,180681
OK,47,70,879,47,2014-08-21T01:15:00,0,23122773,180681
OK,47,70,879,47,2014-08-21T01:20:00,0,23123222,180681
OK,56,59,879,56,2014-08-21T01:25:00,1,23123669,180681
OK,56,59,879,56,2014-08-21T01:30:00,0,23124111,180681
OK,56,59,879,56,2014-08-21T01:35:00,0,23124548,180681
OK,56,59,879,56,2014-08-21T01:40:00,0,23124995,180681
OK,56,59,879,56,2014-08-21T01:45:00,0,23125444,180681
OK,56,59,879,56,2014-08-21T01:50:00,0,23125893,180681
OK,56,59,879,56,2014-08-21T01:55:00,0,23126332,180681
OK,56,59,879,56,2014-08-21T02:00:00,0,23126781,180681
OK,46,72,879,46,2014-08-21T02:05:00,1,23127230,180681
OK,49,67,879,49,2014-08-21T02:10:00,3,23127679,180681
OK,49,67,879,49,2014-08-21T02:15:00,3,23128128,180681
OK,45,73,879,45,2014-08-21T02:20:00,1,23128577,180681
OK,45,73,879,45,2014-08-21T02:25:00,1,23129026,180681
OK,78,42,879,78,2014-08-21T02:30:00,1,23129474,180681
OK,78,42,879,78,2014-08-21T02:35:00,1,23129923,180681
OK,60,55,879,60,2014-08-21T02:40:00,2,23130372,180681
OK,54,61,879,54,2014-08-21T02:45:00,2,23130821,180681
OK,60,55,879,60,2014-08-21T02:50:00,2,23131270,180681
OK,64,51,879,64,2014-08-21T02:55:00,4,23131719,180681
OK,57,58,879,57,2014-08-21T03:00:00,1,23132168,180681
OK,57,58,879,57,2014-08-21T03:05:00,0,23132617,180681
OK,69,48,879,69,2014-08-21T03:10:00,1,23133066,180681
OK,69,48,879,69,2014-08-21T03:15:00,0,23133515,180681
OK,69,48,879,69,2014-08-21T03:20:00,0,23133964,180681
OK,46,72,879,46,2014-08-21T03:25:00,1,23134413,180681
OK,46,72,879,46,2014-08-21T03:30:00,1,23134862,180681
OK,65,50,879,65,2014-08-21T03:35:00,3,23135311,180681
OK,66,50,879,66,2014-08-21T03:40:00,2,23135760,180681
OK,66,50,879,66,2014-08-21T03:45:00,3,23136209,180681
OK,59,56,879,59,2014-08-21T03:50:00,2,23136658,180681
OK,61,54,879,61,2014-08-21T03:55:00,2,23137107,180681
OK,55,60,879,55,2014-08-21T04:00:00,2,23137556,180681
OK,65,50,879,65,2014-08-21T04:05:00,4,23138005,180681
OK,48,69,879,48,2014-08-21T04:10:00,4,23138454,180681
OK,46,72,879,46,2014-08-21T04:15:00,5,23138903,180681
OK,38,87,879,38,2014-08-21T04:20:00,9,23139352,180681
OK,60,55,879,60,2014-08-21T04:25:00,9,23139801,180681
OK,45,73,879,45,2014-08-21T04:30:00,8,23140250,180681
OK,44,75,879,44,2014-08-21T04:35:00,7,23140699,180681
OK,58,57,879,58,2014-08-21T04:40:00,11,23141148,180681
OK,64,51,879,64,2014-08-21T04:45:00,26,23141597,180681
OK,73,45,879,73,2014-08-21T04:50:00,33,23142046,180681
OK,77,43,879,77,2014-08-21T04:55:00,34,23142495,180681
OK,70,47,879,70,2014-08-21T05:00:00,25,23142944,180681
OK,59,56,879,59,2014-08-21T05:05:00,28,23143393,180681
OK,59,56,879,59,2014-08-21T05:10:00,29,23143842,180681
OK,67,49,879,67,2014-08-21T05:15:00,25,23144291,180681
OK,96,34,879,96,2014-08-21T05:20:00,29,23144740,180681
OK,87,38,879,87,2014-08-21T05:25:00,35,23145189,180681
OK,84,39,879,84,2014-08-21T05:30:00,32,23145638,180681
OK,94,35,879,94,2014-08-21T05:35:00,28,23146087,180681
OK,99,33,879,99,2014-08-21T05:40:00,27,23146536,180681
OK,117,28,879,117,2014-08-21T05:45:00,25,23146985,180681
OK,126,26,879,126,2014-08-21T05:50:00,23,23147434,180681
OK,83,39,879,83,2014-08-21T05:55:00,29,23147883,180681
OK,86,38,879,86,2014-08-21T06:00:00,36,23148332,180681
OK,88,37,879,88,2014-08-21T06:05:00,31,23148781,180681
OK,93,35,879,93,2014-08-21T06:10:00,32,23149230,180681
OK,112,29,879,112,2014-08-21T06:15:00,32,23149679,180681
OK,113,29,879,113,2014-08-21T06:20:00,27,23150128,180681
OK,109,30,879,109,2014-08-21T06:25:00,27,23150577,180681
OK,92,36,879,92,2014-08-21T06:30:00,29,23151026,180681
OK,86,38,879,86,2014-08-21T06:35:00,28,23151475,180681
OK,71,46,879,71,2014-08-21T06:40:00,19,23151924,180681
OK,59,56,879,59,2014-08-21T06:45:00,22,23152373,180681
OK,80,41,879,80,2014-08-21T06:50:00,21,23152822,180681
OK,82,40,879,82,2014-08-21T06:55:00,26,23153271,180681
OK,69,48,879,69,2014-08-21T07:00:00,30,23153720,180681
OK,50,66,879,50,2014-08-21T07:05:00,27,23154169,180681
OK,52,63,879,52,2014-08-21T07:10:00,21,23154618,180681
OK,63,52,879,63,2014-08-21T07:15:00,16,23155067,180681
OK,64,51,879,64,2014-08-21T07:20:00,20,23155516,180681
OK,69,48,879,69,2014-08-21T07:25:00,20,23155965,180681
OK,67,49,879,67,2014-08-21T07:30:00,18,23156414,180681
OK,75,44,879,75,2014-08-21T07:35:00,24,23156863,180681
OK,75,44,879,75,2014-08-21T07:40:00,31,23157312,180681
OK,73,45,879,73,2014-08-21T07:45:00,21,23157761,180681
OK,78,42,879,78,2014-08-21T07:50:00,19,23158210,180681
OK,91,36,879,91,2014-08-21T07:55:00,29,23158659,180681
OK,77,43,879,77,2014-08-21T08:00:00,27,23159108,180681
OK,52,63,879,52,2014-08-21T08:05:00,17,23159557,180681
OK,52,63,879,52,2014-08-21T08:10:00,19,23160006,180681
OK,62,53,879,62,2014-08-21T08:15:00,31,23160455,180681
OK,74,44,879,74,2014-08-21T08:20:00,26,23160904,180681
OK,63,52,879,63,2014-08-21T08:25:00,20,23161353,180681
OK,62,53,879,62,2014-08-21T08:30:00,18,23161802,180681
OK,55,60,879,55,2014-08-21T08:35:00,13,23162251,180681
OK,70,47,879,70,2014-08-21T08:40:00,18,23162700,180681
OK,73,45,879,73,2014-08-21T08:45:00,23,23163147,180681
OK,70,47,879,70,2014-08-21T08:50:00,18,23163596,180681
OK,68,48,879,68,2014-08-21T08:55:00,22,23164045,180681
OK,69,48,879,69,2014-08-21T09:00:00,27,23164494,180681
OK,83,39,879,83,2014-08-21T09:05:00,25,23164943,180681
OK,79,41,879,79,2014-08-21T09:10:00,22,23165392,180681
OK,67,49,879,67,2014-08-21T09:15:00,15,23165841,180681
OK,66,50,879,66,2014-08-21T09:20:00,10,23166290,180681
OK,56,59,879,56,2014-08-21T09:25:00,12,23166739,180681
OK,70,47,879,70,2014-08-21T09:30:00,21,23167188,180681
OK,83,39,879,83,2014-08-21T09:35:00,26,23167637,180681
OK,62,53,879,62,2014-08-21T09:40:00,23,23168086,180681
OK,64,51,879,64,2014-08-21T09:45:00,22,23168535,180681
OK,70,47,879,70,2014-08-21T09:50:00,19,23168984,180681
OK,77,43,879,77,2014-08-21T09:55:00,22,23169433,180681
OK,69,48,879,69,2014-08-21T10:05:00,25,23170244,180681
OK,78,42,879,78,2014-08-21T10:10:00,17,23170693,180681
OK,52,63,879,52,2014-08-21T10:15:00,14,23171142,180681
OK,64,51,879,64,2014-08-21T10:20:00,20,23171591,180681
OK,61,54,879,61,2014-08-21T10:25:00,25,23172040,180681
OK,59,56,879,59,2014-08-21T10:30:00,21,23172489,180681
OK,69,48,879,69,2014-08-21T10:35:00,16,23172938,180681
OK,67,49,879,67,2014-08-21T10:40:00,23,23173387,180681
OK,62,53,879,62,2014-08-21T10:45:00,23,23173836,180681
OK,78,42,879,78,2014-08-21T10:50:00,19,23174284,180681
OK,86,38,879,86,2014-08-21T10:55:00,28,23174733,180681
OK,83,39,879,83,2014-08-21T11:00:00,25,23175182,180681
OK,66,50,879,66,2014-08-21T11:05:00,15,23175586,180681
OK,68,48,879,68,2014-08-21T11:10:00,14,23176035,180681
OK,77,43,879,77,2014-08-21T11:20:00,17,23176484,180681
OK,72,46,879,72,2014-08-21T11:25:00,20,23176933,180681
OK,55,60,879,55,2014-08-21T11:30:00,24,23177382,180681
OK,54,61,879,54,2014-08-21T11:35:00,22,23177831,180681
OK,62,53,879,62,2014-08-21T11:40:00,10,23178280,180681
OK,74,44,879,74,2014-08-21T11:45:00,19,23178729,180681
OK,81,40,879,81,2014-08-21T11:50:00,32,23179178,180681
OK,81,40,879,81,2014-08-21T11:55:00,31,23179627,180681
OK,73,45,879,73,2014-08-21T12:00:00,19,23180076,180681
OK,75,44,879,75,2014-08-21T12:05:00,15,23180449,180681
OK,74,44,879,74,2014-08-21T12:10:00,20,23180898,180681
OK,82,40,879,82,2014-08-21T12:15:00,31,23181347,180681
OK,94,35,879,94,2014-08-21T12:20:00,40,23181796,180681
OK,85,38,879,85,2014-08-21T12:25:00,44,23182245,180681
OK,77,43,879,77,2014-08-21T12:30:00,31,23182694,180681
OK,82,40,879,82,2014-08-21T12:35:00,22,23183143,180681
OK,86,38,879,86,2014-08-21T12:40:00,26,23183592,180681
OK,93,35,879,93,2014-08-21T12:45:00,27,23184041,180681
OK,91,36,879,91,2014-08-21T12:50:00,27,23184490,180681
OK,81,40,879,81,2014-08-21T12:55:00,25,23184939,180681
OK,81,40,879,81,2014-08-21T13:00:00,21,23185388,180681
OK,80,41,879,80,2014-08-21T13:05:00,23,23185725,180681
OK,80,41,879,80,2014-08-21T13:10:00,21,23186174,180681
OK,94,35,879,94,2014-08-21T13:15:00,23,23186595,180681
OK,111,29,879,111,2014-08-21T13:20:00,38,23187044,180681
OK,115,28,879,115,2014-08-21T13:25:00,35,23187493,180681
OK,115,28,879,115,2014-08-21T13:30:00,25,23187942,180681
OK,101,32,879,101,2014-08-21T13:35:00,22,23188391,180681
OK,71,46,879,71,2014-08-21T13:40:00,26,23188840,180681
OK,94,35,879,94,2014-08-21T13:50:00,22,23189511,180681
OK,94,35,879,94,2014-08-21T13:55:00,26,23189960,180681
OK,97,34,879,97,2014-08-21T14:00:00,24,23190406,180681
OK,101,32,879,101,2014-08-21T14:05:00,13,23190716,180681
OK,107,30,879,107,2014-08-21T14:10:00,18,23191165,180681
OK,114,29,879,114,2014-08-21T14:15:00,31,23191614,180681
OK,125,26,879,125,2014-08-21T14:20:00,33,23192061,180681
OK,101,32,879,101,2014-08-21T14:25:00,45,23192510,180681
OK,100,33,879,100,2014-08-21T14:30:00,38,23192959,180681
OK,105,31,879,105,2014-08-21T14:35:00,23,23193408,180681
OK,89,37,879,89,2014-08-21T14:40:00,32,23193857,180681
OK,73,45,879,73,2014-08-21T14:45:00,20,23194306,180681
OK,81,40,879,81,2014-08-21T14:50:00,24,23194751,180681
OK,85,38,879,85,2014-08-21T14:55:00,32,23195200,180681
OK,80,41,879,80,2014-08-21T15:00:00,31,23195649,180681
OK,76,43,879,76,2014-08-21T15:05:00,32,23196029,180681
OK,72,46,879,72,2014-08-21T15:10:00,24,23196478,180681
OK,55,60,879,55,2014-08-21T15:15:00,18,23196927,180681
OK,59,56,879,59,2014-08-21T15:20:00,15,23197376,180681
OK,68,48,879,68,2014-08-21T15:25:00,17,23197825,180681
OK,81,40,879,81,2014-08-21T15:30:00,21,23198274,180681
OK,77,43,879,77,2014-08-21T15:35:00,21,23198723,180681
OK,57,58,879,57,2014-08-21T15:40:00,14,23199172,180681
OK,58,57,879,58,2014-08-21T15:45:00,15,23199621,180681
OK,55,60,879,55,2014-08-21T15:50:00,15,23200070,180681
OK,55,60,879,55,2014-08-21T15:55:00,16,23200519,180681
OK,51,64,879,51,2014-08-21T16:00:00,19,23200967,180681
OK,67,49,879,67,2014-08-21T16:05:00,10,23201416,180681
OK,58,57,879,58,2014-08-21T16:10:00,14,23201865,180681
OK,69,48,879,69,2014-08-21T16:15:00,16,23202314,180681
OK,69,48,879,69,2014-08-21T16:20:00,12,23202763,180681
OK,63,52,879,63,2014-08-21T16:25:00,6,23203212,180681
OK,59,56,879,59,2014-08-21T16:30:00,7,23203661,180681
OK,62,53,879,62,2014-08-21T16:35:00,8,23204110,180681
OK,75,44,879,75,2014-08-21T16:40:00,7,23204559,180681
OK,70,47,879,70,2014-08-21T16:45:00,12,23205008,180681
OK,60,55,879,60,2014-08-21T16:50:00,14,23205457,180681
OK,52,63,879,52,2014-08-21T16:55:00,10,23205906,180681
OK,61,54,879,61,2014-08-21T17:00:00,7,23206355,180681
OK,38,87,879,38,2014-08-21T17:05:00,1,23206804,180681
OK,59,56,879,59,2014-08-21T17:10:00,7,23207237,180681
OK,59,56,879,59,2014-08-21T17:15:00,11,23207686,180681
OK,43,77,879,43,2014-08-21T17:20:00,10,23208130,180681
OK,52,63,879,52,2014-08-21T17:25:00,12,23208578,180681
OK,61,54,879,61,2014-08-21T17:30:00,12,23209026,180681
OK,50,66,879,50,2014-08-21T17:35:00,6,23209475,180681
OK,56,59,879,56,2014-08-21T17:40:00,6,23209924,180681
OK,57,58,879,57,2014-08-21T17:45:00,7,23210373,180681
OK,56,59,879,56,2014-08-21T17:50:00,9,23210804,180681
OK,56,59,879,56,2014-08-21T17:55:00,7,23211252,180681
OK,79,41,879,79,2014-08-21T18:00:00,5,23211697,180681
OK,64,51,879,64,2014-08-21T18:05:00,8,23212122,180681
OK,66,50,879,66,2014-08-21T18:10:00,10,23212569,180681
OK,70,47,879,70,2014-08-21T18:15:00,10,23213018,180681
OK,54,61,879,54,2014-08-21T18:20:00,6,23213461,180681
OK,47,70,879,47,2014-08-21T18:25:00,5,23213897,180681
OK,52,63,879,52,2014-08-21T18:30:00,4,23214344,180681
OK,49,67,879,49,2014-08-21T18:35:00,4,23214790,180681
OK,45,73,879,45,2014-08-21T18:40:00,6,23215229,180681
OK,50,66,879,50,2014-08-21T18:45:00,4,23215678,180681
OK,56,59,879,56,2014-08-21T18:50:00,4,23216122,180681
OK,47,70,879,47,2014-08-21T18:55:00,3,23216571,180681
OK,66,50,879,66,2014-08-21T19:00:00,5,23217012,180681
OK,66,50,879,66,2014-08-21T19:05:00,9,23217451,180681
OK,67,49,879,67,2014-08-21T19:10:00,10,23217898,180681
OK,64,51,879,64,2014-08-21T19:15:00,6,23218347,180681
OK,57,58,879,57,2014-08-21T19:20:00,6,23218793,180681
OK,57,58,879,57,2014-08-21T19:25:00,6,23219226,180681
OK,53,62,879,53,2014-08-21T19:30:00,4,23219672,180681
OK,47,70,879,47,2014-08-21T19:35:00,4,23220121,180681
OK,60,55,879,60,2014-08-21T19:40:00,7,23220559,180681
OK,59,56,879,59,2014-08-21T19:45:00,14,23221006,180681
OK,51,64,879,51,2014-08-21T19:50:00,14,23221452,180681
OK,51,64,879,51,2014-08-21T19:55:00,11,23221901,180681
OK,51,64,879,51,2014-08-21T20:00:00,8,23222350,180681
OK,56,59,879,56,2014-08-21T20:05:00,14,23222731,180681
OK,70,47,879,70,2014-08-21T20:10:00,18,23223149,180681
OK,70,47,879,70,2014-08-21T20:15:00,18,23223598,180681
OK,66,50,879,66,2014-08-21T20:20:00,14,23224017,180681
OK,55,60,879,55,2014-08-21T20:25:00,15,23224466,180681
OK,52,63,879,52,2014-08-21T20:30:00,15,23224878,180681
OK,64,51,879,64,2014-08-21T20:35:00,6,23225327,180681
OK,55,60,879,55,2014-08-21T20:40:00,8,23225743,180681
OK,77,43,879,77,2014-08-21T20:45:00,10,23226192,180681
OK,78,42,879,78,2014-08-21T20:50:00,5,23226608,180681
OK,62,53,879,62,2014-08-21T20:55:00,3,23227057,180681
OK,51,64,879,51,2014-08-21T21:00:00,7,23227486,180681
OK,50,66,879,50,2014-08-21T21:05:00,8,23227935,180681
OK,52,63,879,52,2014-08-21T21:10:00,6,23228380,180681
OK,65,50,879,65,2014-08-21T21:15:00,3,23228829,180681
OK,56,59,879,56,2014-08-21T21:20:00,4,23229245,180681
OK,53,62,879,53,2014-08-21T21:25:00,2,23229691,180681
OK,54,61,879,54,2014-08-21T21:30:00,0,23230106,180681
OK,54,61,879,54,2014-08-21T21:35:00,0,23230555,180681
OK,54,61,879,54,2014-08-21T21:40:00,0,23230986,180681
OK,33,100,879,33,2014-08-21T21:45:00,1,23231432,180681
OK,63,52,879,63,2014-08-21T21:50:00,2,23231853,180681
OK,73,45,879,73,2014-08-21T21:55:00,3,23232302,180681
OK,102,32,879,102,2014-08-21T22:00:00,0,23232720,180681
OK,102,32,879,102,2014-08-21T22:05:00,0,23233169,180681
OK,102,32,879,102,2014-08-21T22:10:00,0,23233618,180681
OK,102,32,879,102,2014-08-21T22:15:00,0,23234063,180681
OK,102,32,879,102,2014-08-21T22:20:00,0,23234512,180681
OK,102,32,879,102,2014-08-21T22:25:00,0,23234961,180681
OK,102,32,879,102,2014-08-21T22:30:00,0,23235397,180681
OK,102,32,879,102,2014-08-21T22:35:00,0,23235705,180681
OK,102,32,879,102,2014-08-21T22:40:00,0,23236154,180681
OK,43,77,879,43,2014-08-21T22:45:00,1,23236603,180681
OK,69,48,879,69,2014-08-21T22:50:00,2,23237052,180681
OK,69,48,879,69,2014-08-21T22:55:00,0,23237501,180681
OK,69,48,879,69,2014-08-21T23:00:00,0,23237941,180681
OK,69,48,879,69,2014-08-21T23:05:00,0,23238388,180681
OK,69,48,879,69,2014-08-21T23:10:00,0,23238834,180681
OK,43,77,879,43,2014-08-21T23:15:00,1,23239283,180681
OK,88,37,879,88,2014-08-21T23:20:00,1,23239713,180681
OK,65,50,879,65,2014-08-21T23:25:00,1,23240158,180681
OK,64,51,879,64,2014-08-21T23:30:00,2,23240601,180681
OK,43,77,879,43,2014-08-21T23:35:00,1,23241049,180681
OK,43,77,879,43,2014-08-21T23:40:00,0,23241496,180681
OK,43,77,879,43,2014-08-21T23:45:00,0,23241945,180681
OK,43,77,879,43,2014-08-21T23:50:00,0,23242357,180681
OK,43,77,879,43,2014-08-21T23:55:00,0,23242805,180681
OK,43,77,879,43,2014-08-22T00:00:00,0,23243254,180681
OK,43,77,879,43,2014-08-22T00:05:00,0,23243606,180681
OK,43,77,879,43,2014-08-22T00:15:00,0,23244119,180681
OK,43,77,879,43,2014-08-22T00:20:00,0,23244568,180681
OK,43,77,879,43,2014-08-22T00:25:00,0,23245017,180681
OK,43,77,879,43,2014-08-22T00:30:00,0,23245460,180681
OK,43,77,879,43,2014-08-22T00:35:00,0,23245904,180681
OK,43,77,879,43,2014-08-22T00:40:00,0,23246353,180681
OK,46,72,879,46,2014-08-22T00:45:00,0,23246802,180681
OK,48,69,879,48,2014-08-22T00:50:00,1,23247244,180681
OK,48,69,879,48,2014-08-22T00:55:00,1,23247679,180681
OK,48,69,879,48,2014-08-22T01:00:00,0,23248127,180681
OK,48,69,879,48,2014-08-22T01:05:00,0,23248445,180681
OK,48,69,879,48,2014-08-22T01:10:00,0,23248894,180681
OK,47,70,879,47,2014-08-22T01:15:00,1,23249336,180681
OK,53,62,879,53,2014-08-22T01:20:00,2,23249785,180681
OK,82,40,879,82,2014-08-22T01:25:00,1,23250233,180681
OK,82,40,879,82,2014-08-22T01:30:00,0,23250681,180681
OK,53,62,879,53,2014-08-22T01:35:00,0,23251019,180681
OK,51,64,879,51,2014-08-22T01:40:00,1,23251468,180681
OK,51,64,879,51,2014-08-22T01:45:00,0,23251911,180681
OK,51,64,879,51,2014-08-22T01:50:00,0,23252360,180681
OK,51,64,879,51,2014-08-22T01:55:00,0,23252805,180681
OK,51,64,879,51,2014-08-22T02:00:00,0,23253236,180681
OK,57,58,879,57,2014-08-22T02:05:00,1,23253544,180681
OK,28,118,879,28,2014-08-22T02:10:00,1,23253993,180681
OK,28,118,879,28,2014-08-22T02:15:00,0,23254442,180681
OK,28,118,879,28,2014-08-22T02:20:00,0,23254876,180681
OK,25,132,879,25,2014-08-22T02:25:00,1,23255325,180681
OK,66,50,879,66,2014-08-22T02:30:00,2,23255774,180681
OK,51,64,879,51,2014-08-22T02:35:00,1,23256223,180681
OK,51,64,879,51,2014-08-22T02:40:00,0,23256672,180681
OK,51,64,879,51,2014-08-22T02:45:00,0,23257121,180681
OK,52,63,879,52,2014-08-22T02:50:00,3,23257570,180681
OK,75,44,879,75,2014-08-22T02:55:00,2,23258019,180681
OK,64,51,879,64,2014-08-22T03:00:00,2,23258468,180681
OK,67,49,879,67,2014-08-22T03:05:00,2,23258881,180681
OK,70,47,879,70,2014-08-22T03:10:00,2,23259330,180681
OK,70,47,879,70,2014-08-22T03:15:00,2,23259779,180681
OK,78,42,879,78,2014-08-22T03:20:00,2,23260228,180681
OK,77,43,879,77,2014-08-22T03:25:00,3,23260677,180681
OK,58,57,879,58,2014-08-22T03:30:00,3,23261126,180681
OK,69,48,879,69,2014-08-22T03:35:00,2,23261575,180681
OK,67,49,879,67,2014-08-22T03:40:00,10,23262024,180681
OK,66,50,879,66,2014-08-22T03:45:00,8,23262473,180681
OK,62,53,879,62,2014-08-22T03:50:00,3,23262922,180681
OK,61,54,879,61,2014-08-22T03:55:00,4,23263371,180681
OK,58,57,879,58,2014-08-22T04:00:00,3,23263820,180681
OK,57,58,879,57,2014-08-22T04:05:00,3,23264269,180681
OK,53,62,879,53,2014-08-22T04:10:00,2,23264718,180681
OK,51,64,879,51,2014-08-22T04:15:00,6,23265167,180681
OK,47,70,879,47,2014-08-22T04:20:00,9,23265616,180681
OK,48,69,879,48,2014-08-22T04:25:00,8,23266065,180681
OK,55,60,879,55,2014-08-22T04:30:00,15,23266514,180681
OK,52,63,879,52,2014-08-22T04:35:00,18,23266963,180681
OK,51,64,879,51,2014-08-22T04:40:00,12,23267412,180681
OK,58,57,879,58,2014-08-22T04:45:00,11,23267861,180681
OK,82,40,879,82,2014-08-22T04:50:00,20,23268310,180681
OK,73,45,879,73,2014-08-22T04:55:00,26,23268759,180681
OK,59,56,879,59,2014-08-22T05:00:00,24,23269208,180681
OK,68,48,879,68,2014-08-22T05:05:00,27,23269657,180681
OK,81,40,879,81,2014-08-22T05:10:00,25,23270106,180681
OK,93,35,879,93,2014-08-22T05:15:00,24,23270555,180681
OK,99,33,879,99,2014-08-22T05:20:00,28,23271004,180681
OK,88,37,879,88,2014-08-22T05:25:00,25,23271453,180681
OK,81,40,879,81,2014-08-22T05:30:00,30,23271902,180681
OK,96,34,879,96,2014-08-22T05:35:00,43,23272351,180681
OK,105,31,879,105,2014-08-22T05:40:00,40,23272800,180681
OK,109,30,879,109,2014-08-22T05:45:00,33,23273249,180681
OK,99,33,879,99,2014-08-22T05:50:00,41,23273698,180681
OK,90,36,879,90,2014-08-22T05:55:00,42,23274147,180681
OK,95,34,879,95,2014-08-22T06:00:00,34,23274596,180681
OK,92,36,879,92,2014-08-22T06:05:00,31,23275006,180681
OK,81,40,879,81,2014-08-22T06:10:00,28,23275455,180681
OK,107,30,879,107,2014-08-22T06:15:00,28,23275904,180681
OK,111,29,879,111,2014-08-22T06:20:00,34,23276353,180681
OK,98,33,879,98,2014-08-22T06:25:00,36,23276802,180681
OK,87,38,879,87,2014-08-22T06:30:00,29,23277251,180681
OK,87,38,879,87,2014-08-22T06:35:00,23,23277700,180681
OK,74,44,879,74,2014-08-22T06:40:00,26,23278149,180681
OK,71,46,879,71,2014-08-22T06:45:00,29,23278598,180681
OK,92,36,879,92,2014-08-22T06:50:00,26,23279047,180681
OK,92,36,879,92,2014-08-22T06:55:00,22,23279496,180681
OK,73,45,879,73,2014-08-22T07:00:00,22,23279945,180681
OK,60,55,879,60,2014-08-22T07:05:00,22,23280394,180681
OK,58,57,879,58,2014-08-22T07:10:00,24,23280843,180681
OK,63,52,879,63,2014-08-22T07:15:00,20,23281292,180681
OK,56,59,879,56,2014-08-22T07:20:00,18,23281741,180681
OK,57,58,879,57,2014-08-22T07:25:00,17,23282190,180681
OK,76,43,879,76,2014-08-22T07:30:00,16,23282639,180681
OK,71,46,879,71,2014-08-22T07:35:00,14,23283088,180681
OK,59,56,879,59,2014-08-22T07:40:00,13,23283537,180681
OK,68,48,879,68,2014-08-22T07:45:00,12,23283986,180681
OK,87,38,879,87,2014-08-22T07:50:00,26,23284435,180681
OK,87,38,879,87,2014-08-22T07:55:00,34,23284884,180681
OK,69,48,879,69,2014-08-22T08:00:00,15,23285333,180681
OK,53,62,879,53,2014-08-22T08:05:00,14,23285782,180681
OK,54,61,879,54,2014-08-22T08:10:00,16,23286231,180681
OK,57,58,879,57,2014-08-22T08:15:00,17,23286680,180681
OK,56,59,879,56,2014-08-22T08:20:00,18,23287129,180681
OK,77,43,879,77,2014-08-22T08:25:00,19,23287578,180681
OK,78,42,879,78,2014-08-22T08:30:00,17,23288027,180681
OK,61,54,879,61,2014-08-22T08:35:00,16,23288476,180681
OK,61,54,879,61,2014-08-22T08:40:00,17,23288925,180681
OK,90,36,879,90,2014-08-22T08:45:00,13,23289374,180681
OK,93,35,879,93,2014-08-22T08:50:00,15,23289823,180681
OK,77,43,879,77,2014-08-22T08:55:00,25,23290272,180681
OK,76,43,879,76,2014-08-22T09:00:00,29,23290721,180681
OK,76,43,879,76,2014-08-22T09:05:00,17,23291170,180681
OK,73,45,879,73,2014-08-22T09:10:00,20,23291619,180681
OK,73,45,879,73,2014-08-22T09:15:00,23,23292068,180681
OK,90,36,879,90,2014-08-22T09:20:00,21,23292517,180681
OK,91,36,879,91,2014-08-22T09:25:00,17,23292966,180681
OK,61,54,879,61,2014-08-22T09:30:00,9,23293415,180681
OK,64,51,879,64,2014-08-22T09:35:00,16,23293864,180681
OK,66,50,879,66,2014-08-22T09:40:00,23,23294313,180681
OK,63,52,879,63,2014-08-22T09:45:00,24,23294762,180681
OK,62,53,879,62,2014-08-22T09:50:00,26,23295211,180681
OK,80,41,879,80,2014-08-22T09:55:00,33,23295660,180681
OK,97,34,879,97,2014-08-22T10:00:00,21,23296109,180681
OK,68,48,879,68,2014-08-22T10:05:00,20,23296558,180681
OK,81,40,879,81,2014-08-22T10:10:00,32,23297007,180681
OK,111,29,879,111,2014-08-22T10:15:00,25,23297456,180681
OK,75,44,879,75,2014-08-22T10:20:00,21,23297905,180681
OK,70,47,879,70,2014-08-22T10:25:00,29,23298354,180681
OK,97,34,879,97,2014-08-22T10:30:00,27,23298803,180681
OK,80,41,879,80,2014-08-22T10:35:00,24,23299252,180681
OK,77,43,879,77,2014-08-22T10:40:00,37,23299701,180681
OK,77,43,879,77,2014-08-22T10:45:00,31,23300150,180681
OK,92,36,879,92,2014-08-22T10:50:00,24,23300599,180681
OK,95,34,879,95,2014-08-22T10:55:00,23,23301048,180681
OK,74,44,879,74,2014-08-22T11:00:00,22,23301497,180681
OK,82,40,879,82,2014-08-22T11:05:00,22,23301946,180681
OK,98,33,879,98,2014-08-22T11:10:00,21,23302395,180681
OK,100,33,879,100,2014-08-22T11:15:00,17,23302844,180681
OK,100,33,879,100,2014-08-22T11:20:00,19,23303293,180681
OK,106,31,879,106,2014-08-22T11:25:00,32,23303742,180681
OK,110,30,879,110,2014-08-22T11:30:00,23,23304191,180681
OK,97,34,879,97,2014-08-22T11:35:00,20,23304640,180681
OK,92,36,879,92,2014-08-22T11:40:00,22,23305089,180681
OK,95,34,879,95,2014-08-22T11:45:00,23,23305538,180681
OK,86,38,879,86,2014-08-22T11:50:00,16,23305987,180681
OK,62,53,879,62,2014-08-22T11:55:00,16,23306436,180681
OK,64,51,879,64,2014-08-22T12:00:00,22,23306885,180681
OK,66,50,879,66,2014-08-22T12:05:00,22,23307334,180681
OK,72,46,879,72,2014-08-22T12:10:00,19,23307783,180681
OK,102,32,879,102,2014-08-22T12:25:00,24,23308508,180681
OK,80,41,879,80,2014-08-22T12:30:00,23,23308957,180681
OK,96,34,879,96,2014-08-22T12:35:00,21,23309406,180681
OK,107,30,879,107,2014-08-22T12:40:00,27,23309855,180681
OK,100,33,879,100,2014-08-22T12:45:00,22,23310304,180681
OK,102,32,879,102,2014-08-22T12:50:00,27,23310753,180681
OK,111,29,879,111,2014-08-22T12:55:00,23,23311202,180681
OK,88,37,879,88,2014-08-22T13:00:00,18,23311651,180681
OK,74,44,879,74,2014-08-22T13:05:00,36,23312100,180681
OK,77,43,879,77,2014-08-22T13:10:00,31,23312549,180681
OK,94,35,879,94,2014-08-22T13:15:00,22,23312998,180681
OK,93,35,879,93,2014-08-22T13:20:00,22,23313447,180681
OK,91,36,879,91,2014-08-22T13:25:00,18,23313896,180681
OK,115,28,879,115,2014-08-22T13:30:00,22,23314345,180681
OK,120,27,879,120,2014-08-22T13:35:00,37,23314794,180681
OK,120,27,879,120,2014-08-22T13:40:00,33,23315243,180681
OK,110,30,879,110,2014-08-22T13:45:00,31,23315692,180681
OK,105,31,879,105,2014-08-22T13:50:00,39,23316141,180681
OK,99,33,879,99,2014-08-22T13:55:00,40,23316590,180681
OK,112,29,879,112,2014-08-22T14:00:00,38,23317039,180681
OK,114,29,879,114,2014-08-22T14:05:00,32,23317488,180681
OK,101,32,879,101,2014-08-22T14:10:00,29,23317937,180681
OK,94,35,879,94,2014-08-22T14:15:00,43,23318386,180681
OK,87,38,879,87,2014-08-22T14:20:00,40,23318835,180681
OK,85,38,879,85,2014-08-22T14:25:00,28,23319284,180681
OK,95,34,879,95,2014-08-22T14:30:00,22,23319733,180681
OK,90,36,879,90,2014-08-22T14:35:00,17,23320182,180681
OK,69,48,879,69,2014-08-22T14:40:00,18,23320631,180681
OK,67,49,879,67,2014-08-22T14:45:00,22,23321080,180681
OK,83,39,879,83,2014-08-22T14:50:00,15,23321529,180681
OK,72,46,879,72,2014-08-22T14:55:00,8,23321978,180681
OK,71,46,879,71,2014-08-22T15:00:00,12,23322427,180681
OK,99,33,879,99,2014-08-22T15:05:00,12,23322876,180681
OK,55,60,879,55,2014-08-22T15:10:00,13,23323325,180681
OK,56,59,879,56,2014-08-22T15:15:00,19,23323774,180681
OK,66,50,879,66,2014-08-22T15:20:00,16,23324223,180681
OK,83,39,879,83,2014-08-22T15:25:00,23,23324672,180681
OK,89,37,879,89,2014-08-22T15:30:00,26,23325121,180681
OK,80,41,879,80,2014-08-22T15:35:00,15,23325570,180681
OK,79,41,879,79,2014-08-22T15:40:00,8,23326019,180681
OK,67,49,879,67,2014-08-22T15:45:00,13,23326468,180681
OK,68,48,879,68,2014-08-22T15:50:00,19,23326917,180681
OK,68,48,879,68,2014-08-22T15:55:00,17,23327366,180681
OK,80,41,879,80,2014-08-22T16:00:00,21,23327815,180681
OK,81,40,879,81,2014-08-22T16:05:00,22,23328264,180681
OK,59,56,879,59,2014-08-22T16:10:00,17,23328713,180681
OK,51,64,879,51,2014-08-22T16:15:00,12,23329162,180681
OK,60,55,879,60,2014-08-22T16:20:00,11,23329593,180681
OK,78,42,879,78,2014-08-22T16:25:00,9,23330042,180681
OK,61,54,879,61,2014-08-22T16:30:00,5,23330464,180681
OK,61,54,879,61,2014-08-22T16:35:00,7,23330913,180681
OK,92,36,879,92,2014-08-22T16:40:00,11,23331359,180681
OK,81,40,879,81,2014-08-22T16:45:00,9,23331808,180681
OK,60,55,879,60,2014-08-22T16:50:00,6,23332257,180681
OK,63,52,879,63,2014-08-22T16:55:00,9,23332706,180681
OK,61,54,879,61,2014-08-22T17:00:00,9,23333155,180681
OK,63,52,879,63,2014-08-22T17:05:00,7,23333604,180681
OK,46,72,879,46,2014-08-22T17:10:00,7,23334053,180681
OK,55,60,879,55,2014-08-22T17:15:00,9,23334502,180681
OK,55,60,879,55,2014-08-22T17:20:00,6,23334951,180681
OK,70,47,879,70,2014-08-22T17:25:00,3,23335400,180681
OK,57,58,879,57,2014-08-22T17:30:00,4,23335849,180681
OK,45,73,879,45,2014-08-22T17:35:00,6,23336298,180681
OK,53,62,879,53,2014-08-22T17:40:00,11,23336747,180681
OK,52,63,879,52,2014-08-22T17:45:00,10,23337196,180681
OK,70,47,879,70,2014-08-22T17:50:00,5,23337645,180681
OK,70,47,879,70,2014-08-22T17:55:00,7,23338094,180681
OK,61,54,879,61,2014-08-22T18:00:00,6,23338543,180681
OK,62,53,879,62,2014-08-22T18:05:00,5,23338992,180681
OK,43,77,879,43,2014-08-22T18:10:00,3,23339389,180681
OK,50,66,879,50,2014-08-22T18:15:00,4,23339838,180681
OK,52,63,879,52,2014-08-22T18:20:00,6,23340287,180681
OK,61,54,879,61,2014-08-22T18:25:00,5,23340736,180681
OK,94,35,879,94,2014-08-22T18:30:00,4,23341185,180681
OK,71,46,879,71,2014-08-22T18:35:00,5,23341634,180681
OK,24,138,879,24,2014-08-22T18:40:00,1,23342083,180681
OK,117,28,879,117,2014-08-22T18:45:00,1,23342532,180681
OK,117,28,879,117,2014-08-22T18:50:00,0,23342981,180681
OK,95,34,879,95,2014-08-22T18:55:00,2,23343430,180681
OK,62,53,879,62,2014-08-22T19:00:00,2,23343879,180681
OK,52,63,879,52,2014-08-22T19:05:00,1,23344328,180681
OK,69,48,879,69,2014-08-22T19:10:00,2,23344740,180681
OK,76,43,879,76,2014-08-22T19:15:00,3,23345189,180681
OK,48,69,879,48,2014-08-22T19:20:00,5,23345638,180681
OK,90,36,879,90,2014-08-22T19:25:00,3,23346087,180681
OK,46,72,879,46,2014-08-22T19:30:00,5,23346536,180681
OK,46,72,879,46,2014-08-22T19:35:00,5,23346985,180681
OK,61,54,879,61,2014-08-22T19:40:00,3,23347434,180681
OK,64,51,879,64,2014-08-22T19:45:00,3,23347883,180681
OK,64,51,879,64,2014-08-22T19:50:00,5,23348332,180681
OK,72,46,879,72,2014-08-22T19:55:00,6,23348781,180681
OK,79,41,879,79,2014-08-22T20:00:00,4,23349230,180681
OK,47,70,879,47,2014-08-22T20:10:00,4,23349614,180681
OK,51,64,879,51,2014-08-22T20:15:00,3,23350063,180681
OK,48,69,879,48,2014-08-22T20:20:00,4,23350512,180681
OK,44,75,879,44,2014-08-22T20:25:00,0,23350961,180681
OK,38,87,879,38,2014-08-22T20:30:00,1,23351410,180681
OK,56,59,879,56,2014-08-22T20:35:00,8,23351859,180681
OK,54,61,879,54,2014-08-22T20:40:00,10,23352308,180681
OK,45,73,879,45,2014-08-22T20:45:00,4,23352757,180681
OK,42,78,879,42,2014-08-22T20:50:00,3,23353203,180681
OK,47,70,879,47,2014-08-22T20:55:00,4,23353652,180681
OK,46,72,879,46,2014-08-22T21:00:00,2,23354101,180681
OK,53,62,879,53,2014-08-22T21:05:00,3,23354482,180681
OK,71,46,879,71,2014-08-22T21:10:00,1,23354931,180681
OK,51,64,879,51,2014-08-22T21:15:00,6,23355365,180681
OK,56,59,879,56,2014-08-22T21:20:00,8,23355814,180681
OK,84,39,879,84,2014-08-22T21:25:00,1,23356263,180681
OK,84,39,879,84,2014-08-22T21:30:00,0,23356697,180681
OK,84,39,879,84,2014-08-22T21:35:00,0,23357146,180681
OK,45,73,879,45,2014-08-22T21:40:00,3,23357578,180681
OK,60,55,879,60,2014-08-22T21:45:00,2,23358027,180681
OK,48,69,879,48,2014-08-22T21:50:00,2,23358446,180681
OK,63,52,879,63,2014-08-22T21:55:00,2,23358895,180681
OK,75,44,879,75,2014-08-22T22:00:00,0,23359314,180681
OK,75,44,879,75,2014-08-22T22:05:00,0,23359668,180681
OK,36,92,879,36,2014-08-22T22:10:00,1,23360117,180681
OK,42,78,879,42,2014-08-22T22:15:00,2,23360566,180681
OK,49,67,879,49,2014-08-22T22:20:00,1,23361015,180681
OK,62,53,879,62,2014-08-22T22:25:00,2,23361464,180681
OK,62,53,879,62,2014-08-22T22:30:00,0,23361913,180681
OK,62,53,879,62,2014-08-22T22:35:00,0,23362362,180681
OK,49,67,879,49,2014-08-22T22:40:00,3,23362809,180681
OK,44,75,879,44,2014-08-22T22:45:00,2,23363258,180681
OK,37,89,879,37,2014-08-22T22:50:00,1,23363707,180681
OK,46,72,879,46,2014-08-22T22:55:00,1,23364153,180681
OK,38,87,879,38,2014-08-22T23:05:00,1,23364867,180681
OK,47,70,879,47,2014-08-22T23:10:00,4,23365316,180681
OK,47,70,879,47,2014-08-22T23:15:00,4,23365765,180681
OK,61,54,879,61,2014-08-22T23:20:00,3,23366214,180681
OK,53,62,879,53,2014-08-22T23:25:00,2,23366663,180681
OK,52,63,879,52,2014-08-22T23:30:00,4,23367112,180681
OK,64,51,879,64,2014-08-22T23:35:00,2,23367561,180681
OK,66,50,879,66,2014-08-22T23:40:00,4,23367992,180681
OK,46,72,879,46,2014-08-22T23:45:00,8,23368441,180681
OK,50,66,879,50,2014-08-22T23:50:00,3,23368870,180681
OK,84,39,879,84,2014-08-22T23:55:00,2,23369233,180681
OK,43,77,879,43,2014-08-23T00:00:00,0,23369682,180681
OK,52,63,879,52,2014-08-23T00:10:00,2,23370131,180681
OK,57,58,879,57,2014-08-23T00:15:00,1,23370580,180681
OK,57,58,879,57,2014-08-23T00:20:00,0,23371029,180681
OK,57,58,879,57,2014-08-23T00:25:00,0,23371478,180681
OK,57,58,879,57,2014-08-23T00:30:00,0,23371927,180681
OK,57,58,879,57,2014-08-23T00:35:00,0,23372376,180681
OK,57,58,879,57,2014-08-23T00:40:00,0,23372825,180681
OK,57,58,879,57,2014-08-23T00:45:00,0,23373274,180681
OK,57,58,879,57,2014-08-23T00:50:00,0,23373723,180681
OK,57,58,879,57,2014-08-23T00:55:00,0,23374077,180681
OK,57,58,879,57,2014-08-23T01:00:00,0,23374526,180681
OK,57,58,879,57,2014-08-23T01:05:00,0,23374969,180681
OK,57,58,879,57,2014-08-23T01:10:00,0,23375418,180681
OK,42,78,879,42,2014-08-23T01:15:00,1,23375766,180681
OK,42,78,879,42,2014-08-23T01:20:00,0,23376215,180681
OK,63,52,879,63,2014-08-23T01:25:00,1,23376664,180681
OK,63,52,879,63,2014-08-23T01:30:00,0,23377113,180681
OK,63,52,879,63,2014-08-23T01:35:00,0,23377540,180681
OK,63,52,879,63,2014-08-23T01:45:00,0,23378123,180681
OK,75,44,879,75,2014-08-23T01:50:00,1,23378572,180681
OK,65,50,879,65,2014-08-23T01:55:00,1,23379021,180681
OK,56,59,879,56,2014-08-23T02:00:00,2,23379470,180681
OK,44,75,879,44,2014-08-23T02:05:00,2,23379919,180681
OK,47,70,879,47,2014-08-23T02:10:00,1,23380368,180681
OK,47,70,879,47,2014-08-23T02:15:00,1,23380817,180681
OK,58,57,879,58,2014-08-23T02:20:00,1,23381266,180681
OK,59,56,879,59,2014-08-23T02:25:00,2,23381715,180681
OK,52,63,879,52,2014-08-23T02:35:00,3,23382164,180681
OK,51,64,879,51,2014-08-23T02:40:00,4,23382613,180681
OK,43,77,879,43,2014-08-23T02:45:00,0,23383062,180681
OK,43,77,879,43,2014-08-23T02:50:00,0,23383511,180681
OK,43,77,879,43,2014-08-23T02:55:00,0,23383960,180681
OK,43,77,879,43,2014-08-23T03:00:00,0,23384409,180681
OK,43,77,879,43,2014-08-23T03:05:00,0,23384858,180681
OK,58,57,879,58,2014-08-23T03:10:00,1,23385307,180681
OK,58,57,879,58,2014-08-23T03:15:00,0,23385695,180681
OK,81,40,879,81,2014-08-23T03:20:00,1,23386144,180681
OK,81,40,879,81,2014-08-23T03:25:00,0,23386593,180681
OK,81,40,879,81,2014-08-23T03:30:00,0,23387042,180681
OK,81,40,879,81,2014-08-23T03:35:00,0,23387491,180681
OK,81,40,879,81,2014-08-23T03:40:00,0,23387940,180681
OK,81,40,879,81,2014-08-23T03:45:00,0,23388389,180681
OK,81,40,879,81,2014-08-23T03:50:00,0,23388838,180681
OK,52,63,879,52,2014-08-23T03:55:00,0,23389287,180681
OK,50,66,879,50,2014-08-23T04:05:00,2,23389736,180681
OK,67,49,879,67,2014-08-23T04:10:00,1,23390185,180681
OK,67,49,879,67,2014-08-23T04:15:00,1,23390634,180681
OK,67,49,879,67,2014-08-23T04:20:00,0,23391083,180681
OK,27,122,879,27,2014-08-23T04:25:00,0,23391532,180681
OK,27,122,879,27,2014-08-23T04:30:00,0,23391835,180681
OK,57,58,879,57,2014-08-23T04:35:00,2,23392284,180681
OK,41,80,879,41,2014-08-23T04:40:00,4,23392733,180681
OK,41,80,879,41,2014-08-23T04:45:00,3,23393182,180681
OK,59,56,879,59,2014-08-23T04:55:00,1,23393631,180681
OK,59,56,879,59,2014-08-23T05:00:00,0,23394080,180681
OK,59,56,879,59,2014-08-23T05:05:00,0,23394529,180681
OK,46,72,879,46,2014-08-23T05:10:00,1,23394978,180681
OK,41,80,879,41,2014-08-23T05:15:00,2,23395427,180681
OK,61,54,879,61,2014-08-23T05:20:00,3,23395876,180681
OK,51,64,879,51,2014-08-23T05:25:00,6,23396325,180681
OK,51,64,879,51,2014-08-23T05:30:00,9,23396774,180681
OK,52,63,879,52,2014-08-23T05:35:00,5,23397223,180681
OK,45,73,879,45,2014-08-23T05:40:00,3,23397672,180681
OK,77,43,879,77,2014-08-23T05:45:00,4,23398121,180681
OK,77,43,879,77,2014-08-23T05:50:00,2,23398570,180681
OK,53,62,879,53,2014-08-23T05:55:00,3,23399019,180681
OK,53,62,879,53,2014-08-23T06:00:00,7,23399468,180681
OK,52,63,879,52,2014-08-23T06:05:00,9,23399917,180681
OK,39,84,879,39,2014-08-23T06:10:00,7,23400366,180681
OK,51,64,879,51,2014-08-23T06:15:00,2,23400815,180681
OK,64,51,879,64,2014-08-23T06:20:00,5,23401264,180681
OK,65,50,879,65,2014-08-23T06:25:00,6,23401713,180681
OK,72,46,879,72,2014-08-23T06:30:00,3,23402162,180681
OK,45,73,879,45,2014-08-23T06:35:00,2,23402611,180681
OK,47,70,879,47,2014-08-23T06:40:00,7,23403060,180681
OK,47,70,879,47,2014-08-23T06:45:00,9,23403509,180681
OK,58,57,879,58,2014-08-23T06:50:00,2,23403958,180681
OK,55,60,879,55,2014-08-23T06:55:00,7,23404407,180681
OK,51,64,879,51,2014-08-23T07:00:00,14,23404856,180681
OK,51,64,879,51,2014-08-23T07:05:00,14,23405305,180681
OK,58,57,879,58,2014-08-23T07:10:00,14,23405754,180681
OK,52,63,879,52,2014-08-23T07:15:00,13,23406203,180681
OK,55,60,879,55,2014-08-23T07:20:00,7,23406652,180681
OK,52,63,879,52,2014-08-23T07:25:00,10,23407101,180681
OK,48,69,879,48,2014-08-23T07:30:00,13,23407550,180681
OK,49,67,879,49,2014-08-23T07:35:00,13,23407999,180681
OK,64,51,879,64,2014-08-23T07:40:00,11,23408427,180681
OK,62,53,879,62,2014-08-23T07:45:00,11,23408876,180681
OK,62,53,879,62,2014-08-23T07:50:00,15,23409325,180681
OK,63,52,879,63,2014-08-23T07:55:00,14,23409774,180681
OK,58,57,879,58,2014-08-23T08:00:00,12,23410223,180681
OK,64,51,879,64,2014-08-23T08:05:00,11,23410672,180681
OK,67,49,879,67,2014-08-23T08:10:00,5,23411121,180681
OK,67,49,879,67,2014-08-23T08:15:00,9,23411570,180681
OK,65,50,879,65,2014-08-23T08:20:00,18,23412019,180681
OK,59,56,879,59,2014-08-23T08:25:00,18,23412468,180681
OK,49,67,879,49,2014-08-23T08:30:00,13,23412917,180681
OK,53,62,879,53,2014-08-23T08:35:00,14,23413366,180681
OK,60,55,879,60,2014-08-23T08:40:00,10,23413815,180681
OK,58,57,879,58,2014-08-23T08:45:00,12,23414264,180681
OK,60,55,879,60,2014-08-23T08:50:00,9,23414713,180681
OK,75,44,879,75,2014-08-23T08:55:00,14,23415162,180681
OK,82,40,879,82,2014-08-23T09:00:00,13,23415611,180681
OK,62,53,879,62,2014-08-23T09:05:00,7,23416060,180681
OK,60,55,879,60,2014-08-23T09:10:00,4,23416472,180681
OK,60,55,879,60,2014-08-23T09:15:00,8,23416921,180681
OK,77,43,879,77,2014-08-23T09:20:00,13,23417370,180681
OK,77,43,879,77,2014-08-23T09:25:00,21,23417819,180681
OK,74,44,879,74,2014-08-23T09:30:00,13,23418268,180681
OK,62,53,879,62,2014-08-23T09:35:00,14,23418717,180681
OK,51,64,879,51,2014-08-23T09:40:00,12,23419124,180681
OK,45,73,879,45,2014-08-23T09:45:00,10,23419573,180681
OK,56,59,879,56,2014-08-23T09:50:00,11,23420022,180681
OK,63,52,879,63,2014-08-23T09:55:00,12,23420471,180681
OK,64,51,879,64,2014-08-23T10:00:00,11,23420920,180681
OK,62,53,879,62,2014-08-23T10:05:00,10,23421369,180681
OK,57,58,879,57,2014-08-23T10:10:00,15,23421818,180681
OK,65,50,879,65,2014-08-23T10:15:00,18,23422267,180681
OK,59,56,879,59,2014-08-23T10:20:00,7,23422716,180681
OK,65,50,879,65,2014-08-23T10:25:00,6,23423165,180681
OK,70,47,879,70,2014-08-23T10:30:00,13,23423614,180681
OK,62,53,879,62,2014-08-23T10:35:00,8,23424063,180681
OK,74,44,879,74,2014-08-23T10:40:00,9,23424493,180681
OK,71,46,879,71,2014-08-23T10:45:00,16,23424942,180681
OK,68,48,879,68,2014-08-23T10:50:00,21,23425391,180681
OK,70,47,879,70,2014-08-23T10:55:00,20,23425840,180681
OK,63,52,879,63,2014-08-23T11:00:00,15,23426289,180681
OK,61,54,879,61,2014-08-23T11:05:00,10,23426738,180681
OK,64,51,879,64,2014-08-23T11:10:00,16,23427187,180681
OK,65,50,879,65,2014-08-23T11:15:00,19,23427636,180681
OK,50,66,879,50,2014-08-23T11:20:00,12,23428085,180681
OK,52,63,879,52,2014-08-23T11:25:00,13,23428534,180681
OK,67,49,879,67,2014-08-23T11:30:00,6,23428983,180681
OK,48,69,879,48,2014-08-23T11:35:00,8,23429432,180681
OK,54,61,879,54,2014-08-23T11:40:00,12,23429881,180681
OK,65,50,879,65,2014-08-23T11:45:00,14,23430330,180681
OK,70,47,879,70,2014-08-23T11:50:00,11,23430779,180681
OK,63,52,879,63,2014-08-23T11:55:00,10,23431228,180681
OK,65,50,879,65,2014-08-23T12:00:00,18,23431677,180681
OK,60,55,879,60,2014-08-23T12:05:00,20,23432126,180681
OK,54,61,879,54,2014-08-23T12:10:00,13,23432560,180681
OK,60,55,879,60,2014-08-23T12:15:00,13,23433009,180681
OK,59,56,879,59,2014-08-23T12:20:00,14,23433458,180681
OK,69,48,879,69,2014-08-23T12:30:00,11,23433907,180681
OK,65,50,879,65,2014-08-23T12:35:00,10,23434356,180681
OK,69,48,879,69,2014-08-23T12:40:00,10,23434805,180681
OK,56,59,879,56,2014-08-23T12:45:00,12,23435254,180681
OK,65,50,879,65,2014-08-23T12:50:00,17,23435703,180681
OK,66,50,879,66,2014-08-23T12:55:00,19,23436152,180681
OK,57,58,879,57,2014-08-23T13:00:00,15,23436601,180681
OK,53,62,879,53,2014-08-23T13:05:00,9,23437050,180681
OK,50,66,879,50,2014-08-23T13:10:00,6,23437479,180681
OK,53,62,879,53,2014-08-23T13:15:00,7,23437928,180681
OK,49,67,879,49,2014-08-23T13:20:00,9,23438377,180681
OK,49,67,879,49,2014-08-23T13:25:00,11,23438826,180681
OK,46,72,879,46,2014-08-23T13:30:00,7,23439275,180681
OK,57,58,879,57,2014-08-23T13:35:00,2,23439724,180681
OK,67,49,879,67,2014-08-23T13:40:00,6,23440173,180681
OK,64,51,879,64,2014-08-23T13:45:00,13,23440622,180681
OK,58,57,879,58,2014-08-23T13:50:00,10,23441071,180681
OK,58,57,879,58,2014-08-23T13:55:00,15,23441520,180681
OK,58,57,879,58,2014-08-23T14:00:00,14,23441969,180681
OK,63,52,879,63,2014-08-23T14:05:00,9,23442418,180681
OK,65,50,879,65,2014-08-23T14:10:00,8,23442867,180681
OK,79,41,879,79,2014-08-23T14:15:00,8,23443316,180681
OK,70,47,879,70,2014-08-23T14:20:00,14,23443765,180681
OK,70,47,879,70,2014-08-23T14:25:00,14,23444214,180681
OK,77,43,879,77,2014-08-23T14:30:00,10,23444663,180681
OK,74,44,879,74,2014-08-23T14:35:00,11,23445112,180681
OK,73,45,879,73,2014-08-23T14:40:00,8,23445561,180681
OK,72,46,879,72,2014-08-23T14:45:00,5,23446010,180681
OK,48,69,879,48,2014-08-23T14:50:00,6,23446459,180681
OK,60,55,879,60,2014-08-23T14:55:00,12,23446908,180681
OK,63,52,879,63,2014-08-23T15:00:00,11,23447357,180681
OK,55,60,879,55,2014-08-23T15:05:00,9,23447806,180681
OK,49,67,879,49,2014-08-23T15:10:00,6,23448254,180681
OK,71,46,879,71,2014-08-23T15:15:00,6,23448703,180681
OK,66,50,879,66,2014-08-23T15:20:00,8,23449152,180681
OK,56,59,879,56,2014-08-23T15:25:00,8,23449601,180681
OK,65,50,879,65,2014-08-23T15:30:00,13,23450050,180681
OK,53,62,879,53,2014-08-23T15:35:00,11,23450479,180681
OK,52,63,879,52,2014-08-23T15:40:00,10,23450928,180681
OK,60,55,879,60,2014-08-23T15:45:00,4,23451377,180681
OK,51,64,879,51,2014-08-23T15:50:00,9,23451826,180681
OK,51,64,879,51,2014-08-23T15:55:00,14,23452275,180681
OK,61,54,879,61,2014-08-23T16:00:00,11,23452724,180681
OK,69,48,879,69,2014-08-23T16:05:00,12,23453025,180681
OK,72,46,879,72,2014-08-23T16:10:00,7,23453474,180681
OK,84,39,879,84,2014-08-23T16:15:00,2,23453923,180681
OK,68,48,879,68,2014-08-23T16:20:00,4,23454372,180681
OK,60,55,879,60,2014-08-23T16:25:00,5,23454821,180681
OK,59,56,879,59,2014-08-23T16:30:00,10,23455270,180681
OK,59,56,879,59,2014-08-23T16:35:00,12,23455719,180681
OK,59,56,879,59,2014-08-23T16:40:00,7,23456168,180681
OK,67,49,879,67,2014-08-23T16:45:00,2,23456617,180681
OK,50,66,879,50,2014-08-23T16:50:00,3,23457066,180681
OK,53,62,879,53,2014-08-23T16:55:00,3,23457515,180681
OK,44,75,879,44,2014-08-23T17:00:00,6,23457964,180681
OK,47,70,879,47,2014-08-23T17:05:00,5,23458385,180681
OK,47,70,879,47,2014-08-23T17:10:00,5,23458834,180681
OK,43,77,879,43,2014-08-23T17:15:00,5,23459283,180681
OK,43,77,879,43,2014-08-23T17:20:00,3,23459732,180681
OK,54,61,879,54,2014-08-23T17:30:00,3,23460181,180681
OK,55,60,879,55,2014-08-23T17:35:00,5,23460630,180681
OK,52,63,879,52,2014-08-23T17:40:00,6,23461079,180681
OK,48,69,879,48,2014-08-23T17:45:00,2,23461528,180681
OK,47,70,879,47,2014-08-23T17:50:00,2,23461977,180681
OK,47,70,879,47,2014-08-23T17:55:00,3,23462426,180681
OK,55,60,879,55,2014-08-23T18:00:00,6,23462843,180681
OK,35,94,879,35,2014-08-23T18:05:00,1,23463292,180681
OK,49,67,879,49,2014-08-23T18:10:00,2,23463741,180681
OK,49,67,879,49,2014-08-23T18:15:00,2,23464190,180681
OK,38,87,879,38,2014-08-23T18:20:00,2,23464639,180681
OK,45,73,879,45,2014-08-23T18:25:00,2,23465087,180681
OK,56,59,879,56,2014-08-23T18:30:00,3,23465536,180681
OK,47,70,879,47,2014-08-23T18:35:00,2,23465985,180681
OK,63,52,879,63,2014-08-23T18:40:00,4,23466434,180681
OK,65,50,879,65,2014-08-23T18:45:00,5,23466883,180681
OK,65,50,879,65,2014-08-23T18:50:00,4,23467277,180681
OK,65,50,879,65,2014-08-23T18:55:00,5,23467726,180681
OK,41,80,879,41,2014-08-23T19:00:00,2,23468175,180681
OK,47,70,879,47,2014-08-23T19:05:00,3,23468624,180681
OK,53,62,879,53,2014-08-23T19:10:00,5,23469073,180681
OK,53,62,879,53,2014-08-23T19:15:00,5,23469522,180681
OK,50,66,879,50,2014-08-23T19:20:00,4,23469971,180681
OK,55,60,879,55,2014-08-23T19:25:00,3,23470420,180681
OK,63,52,879,63,2014-08-23T19:30:00,6,23470869,180681
OK,57,58,879,57,2014-08-23T19:35:00,4,23471318,180681
OK,60,55,879,60,2014-08-23T19:40:00,2,23471767,180681
OK,32,103,879,32,2014-08-23T19:45:00,1,23472186,180681
OK,39,84,879,39,2014-08-23T19:50:00,1,23472635,180681
OK,39,84,879,39,2014-08-23T19:55:00,1,23473084,180681
OK,64,51,879,64,2014-08-23T20:00:00,2,23473533,180681
OK,63,52,879,63,2014-08-23T20:05:00,5,23473982,180681
OK,60,55,879,60,2014-08-23T20:10:00,4,23474431,180681
OK,44,75,879,44,2014-08-23T20:15:00,2,23474880,180681
OK,50,66,879,50,2014-08-23T20:20:00,3,23475329,180681
OK,50,66,879,50,2014-08-23T20:25:00,3,23475778,180681
OK,60,55,879,60,2014-08-23T20:30:00,4,23476227,180681
OK,83,39,879,83,2014-08-23T20:35:00,3,23476634,180681
OK,84,39,879,84,2014-08-23T20:40:00,4,23477083,180681
OK,85,38,879,85,2014-08-23T20:45:00,2,23477532,180681
OK,70,47,879,70,2014-08-23T20:50:00,1,23477981,180681
OK,52,63,879,52,2014-08-23T20:55:00,2,23478430,180681
OK,64,51,879,64,2014-08-23T21:00:00,2,23478791,180681
OK,46,72,879,46,2014-08-23T21:05:00,2,23479240,180681
OK,51,64,879,51,2014-08-23T21:10:00,9,23479689,180681
OK,60,55,879,60,2014-08-23T21:15:00,9,23480138,180681
OK,63,52,879,63,2014-08-23T21:20:00,6,23480587,180681
OK,66,50,879,66,2014-08-23T21:25:00,3,23481036,180681
OK,79,41,879,79,2014-08-23T21:30:00,3,23481483,180681
OK,57,58,879,57,2014-08-23T21:35:00,1,23481919,180681
OK,89,37,879,89,2014-08-23T21:40:00,1,23482368,180681
OK,89,37,879,89,2014-08-23T21:45:00,1,23482817,180681
OK,59,56,879,59,2014-08-23T21:50:00,2,23483266,180681
OK,59,56,879,59,2014-08-23T21:55:00,2,23483715,180681
OK,65,50,879,65,2014-08-23T22:00:00,0,23484164,180681
OK,55,60,879,55,2014-08-23T22:05:00,1,23484596,180681
OK,55,60,879,55,2014-08-23T22:10:00,3,23485045,180681
OK,60,55,879,60,2014-08-23T22:15:00,1,23485494,180681
OK,49,67,879,49,2014-08-23T22:20:00,1,23485943,180681
OK,83,39,879,83,2014-08-23T22:25:00,2,23486363,180681
OK,58,57,879,58,2014-08-23T22:30:00,5,23486812,180681
OK,54,61,879,54,2014-08-23T22:35:00,4,23487261,180681
OK,53,62,879,53,2014-08-23T22:40:00,3,23487710,180681
OK,51,64,879,51,2014-08-23T22:45:00,2,23488085,180681
OK,50,66,879,50,2014-08-23T22:50:00,0,23488534,180681
OK,37,89,879,37,2014-08-23T22:55:00,1,23488983,180681
OK,49,67,879,49,2014-08-23T23:00:00,4,23489432,180681
OK,67,49,879,67,2014-08-23T23:15:00,1,23490336,180681
OK,59,56,879,59,2014-08-23T23:25:00,3,23490663,180681
OK,59,56,879,59,2014-08-23T23:30:00,3,23491112,180681
OK,49,67,879,49,2014-08-23T23:35:00,1,23491544,180681
OK,49,67,879,49,2014-08-23T23:40:00,1,23491993,180681
OK,49,67,879,49,2014-08-23T23:45:00,0,23492442,180681
OK,37,89,879,37,2014-08-23T23:50:00,1,23492887,180681
OK,56,59,879,56,2014-08-24T00:00:00,1,23493667,180681
OK,34,97,879,34,2014-08-24T00:05:00,1,23494116,180681
OK,43,77,879,43,2014-08-24T00:10:00,3,23494565,180681
OK,60,55,879,60,2014-08-24T00:15:00,2,23495014,180681
OK,62,53,879,62,2014-08-24T00:20:00,2,23495425,180681
OK,51,64,879,51,2014-08-24T00:25:00,1,23495807,180681
OK,51,64,879,51,2014-08-24T00:30:00,0,23496256,180681
OK,67,49,879,67,2014-08-24T00:35:00,1,23496705,180681
OK,59,56,879,59,2014-08-24T00:40:00,2,23497154,180681
OK,52,63,879,52,2014-08-24T00:45:00,1,23497603,180681
OK,52,63,879,52,2014-08-24T00:50:00,0,23498052,180681
OK,52,63,879,52,2014-08-24T00:55:00,0,23498462,180681
OK,65,50,879,65,2014-08-24T01:00:00,1,23498911,180681
OK,59,56,879,59,2014-08-24T01:05:00,2,23499360,180681
OK,54,61,879,54,2014-08-24T01:10:00,1,23499809,180681
OK,54,61,879,54,2014-08-24T01:15:00,0,23500258,180681
OK,57,58,879,57,2014-08-24T01:20:00,2,23500649,180681
OK,70,47,879,70,2014-08-24T01:25:00,1,23501098,180681
OK,74,44,879,74,2014-08-24T01:30:00,2,23501547,180681
OK,41,80,879,41,2014-08-24T01:35:00,1,23501996,180681
OK,41,80,879,41,2014-08-24T01:40:00,0,23502445,180681
OK,41,80,879,41,2014-08-24T01:45:00,0,23502894,180681
OK,41,80,879,41,2014-08-24T01:50:00,0,23503343,180681
OK,41,80,879,41,2014-08-24T01:55:00,0,23503792,180681
OK,41,80,879,41,2014-08-24T02:00:00,0,23504142,180681
OK,85,38,879,85,2014-08-24T02:05:00,1,23504591,180681
OK,64,51,879,64,2014-08-24T02:10:00,2,23505040,180681
OK,50,66,879,50,2014-08-24T02:15:00,1,23505399,180681
OK,50,66,879,50,2014-08-24T02:20:00,1,23505848,180681
OK,50,66,879,50,2014-08-24T02:25:00,0,23506297,180681
OK,61,54,879,61,2014-08-24T02:30:00,3,23506746,180681
OK,60,55,879,60,2014-08-24T02:35:00,1,23507195,180681
OK,60,55,879,60,2014-08-24T02:40:00,0,23507644,180681
OK,51,64,879,51,2014-08-24T02:45:00,1,23508093,180681
OK,51,64,879,51,2014-08-24T02:50:00,0,23508509,180681
OK,51,64,879,51,2014-08-24T02:55:00,0,23508958,180681
OK,52,63,879,52,2014-08-24T03:00:00,1,23509407,180681
OK,52,63,879,52,2014-08-24T03:05:00,1,23509856,180681
OK,52,63,879,52,2014-08-24T03:10:00,0,23510305,180681
OK,52,63,879,52,2014-08-24T03:15:00,0,23510698,180681
OK,52,63,879,52,2014-08-24T03:20:00,0,23511147,180681
OK,52,63,879,52,2014-08-24T03:25:00,0,23511596,180681
OK,52,63,879,52,2014-08-24T03:30:00,0,23512045,180681
OK,52,63,879,52,2014-08-24T03:35:00,0,23512494,180681
OK,47,70,879,47,2014-08-24T03:40:00,1,23512943,180681
OK,54,61,879,54,2014-08-24T03:45:00,3,23513392,180681
OK,86,38,879,86,2014-08-24T03:50:00,1,23513841,180681
OK,86,38,879,86,2014-08-24T03:55:00,0,23514290,180681
OK,86,38,879,86,2014-08-24T04:00:00,0,23514739,180681
OK,86,38,879,86,2014-08-24T04:05:00,0,23515188,180681
OK,86,38,879,86,2014-08-24T04:10:00,0,23515637,180681
OK,86,38,879,86,2014-08-24T04:15:00,0,23516086,180681
OK,86,38,879,86,2014-08-24T04:20:00,0,23516534,180681
OK,86,38,879,86,2014-08-24T04:25:00,0,23516965,180681
OK,86,38,879,86,2014-08-24T04:30:00,0,23517414,180681
OK,88,37,879,88,2014-08-24T04:35:00,1,23517863,180681
OK,43,77,879,43,2014-08-24T04:40:00,1,23518213,180681
OK,43,77,879,43,2014-08-24T04:45:00,0,23518662,180681
OK,43,77,879,43,2014-08-24T04:50:00,0,23519111,180681
OK,47,70,879,47,2014-08-24T04:55:00,1,23519560,180681
OK,47,70,879,47,2014-08-24T05:00:00,0,23520009,180681
OK,50,66,879,50,2014-08-24T05:05:00,1,23520458,180681
OK,79,41,879,79,2014-08-24T05:10:00,1,23520898,180681
OK,79,41,879,79,2014-08-24T05:15:00,1,23521347,180681
OK,48,69,879,48,2014-08-24T05:20:00,3,23521787,180681
OK,52,63,879,52,2014-08-24T05:25:00,3,23522236,180681
OK,50,66,879,50,2014-08-24T05:30:00,1,23522685,180681
OK,50,66,879,50,2014-08-24T05:35:00,0,23523134,180681
OK,60,55,879,60,2014-08-24T05:40:00,3,23523583,180681
OK,62,53,879,62,2014-08-24T05:45:00,4,23524032,180681
OK,58,57,879,58,2014-08-24T05:50:00,2,23524481,180681
OK,52,63,879,52,2014-08-24T05:55:00,6,23524930,180681
OK,44,75,879,44,2014-08-24T06:00:00,3,23525379,180681
OK,43,77,879,43,2014-08-24T06:05:00,0,23525828,180681
OK,57,58,879,57,2014-08-24T06:10:00,4,23526277,180681
OK,53,62,879,53,2014-08-24T06:15:00,5,23526726,180681
OK,47,70,879,47,2014-08-24T06:20:00,2,23527175,180681
OK,44,75,879,44,2014-08-24T06:25:00,3,23527624,180681
OK,80,41,879,80,2014-08-24T06:30:00,1,23528073,180681
OK,88,37,879,88,2014-08-24T06:35:00,2,23528496,180681
OK,85,38,879,85,2014-08-24T06:40:00,2,23528945,180681
OK,74,44,879,74,2014-08-24T06:45:00,1,23529394,180681
OK,51,64,879,51,2014-08-24T06:50:00,3,23529843,180681
OK,51,64,879,51,2014-08-24T06:55:00,6,23530292,180681
OK,52,63,879,52,2014-08-24T07:00:00,3,23530741,180681
OK,48,69,879,48,2014-08-24T07:05:00,3,23531190,180681
OK,46,72,879,46,2014-08-24T07:10:00,5,23531639,180681
OK,47,70,879,47,2014-08-24T07:15:00,8,23532088,180681
OK,48,69,879,48,2014-08-24T07:20:00,9,23532537,180681
OK,57,58,879,57,2014-08-24T07:25:00,4,23532986,180681
OK,61,54,879,61,2014-08-24T07:30:00,4,23533435,180681
OK,58,57,879,58,2014-08-24T07:35:00,6,23533884,180681
OK,49,67,879,49,2014-08-24T07:40:00,10,23534333,180681
OK,76,43,879,76,2014-08-24T07:45:00,11,23534782,180681
OK,72,46,879,72,2014-08-24T07:50:00,11,23535231,180681
OK,71,46,879,71,2014-08-24T07:55:00,8,23535672,180681
OK,71,46,879,71,2014-08-24T08:00:00,10,23536121,180681
OK,57,58,879,57,2014-08-24T08:05:00,6,23536570,180681
OK,48,69,879,48,2014-08-24T08:10:00,8,23537019,180681
OK,54,61,879,54,2014-08-24T08:15:00,7,23537468,180681
OK,53,62,879,53,2014-08-24T08:20:00,4,23537917,180681
OK,51,64,879,51,2014-08-24T08:25:00,5,23538366,180681
OK,50,66,879,50,2014-08-24T08:30:00,11,23538815,180681
OK,49,67,879,49,2014-08-24T08:35:00,11,23539264,180681
OK,38,87,879,38,2014-08-24T08:40:00,2,23539713,180681
OK,68,48,879,68,2014-08-24T08:45:00,5,23540162,180681
OK,68,48,879,68,2014-08-24T08:50:00,5,23540611,180681
OK,51,64,879,51,2014-08-24T08:55:00,2,23541058,180681
OK,65,50,879,65,2014-08-24T09:00:00,12,23541507,180681
OK,69,48,879,69,2014-08-24T09:05:00,15,23541956,180681
OK,52,63,879,52,2014-08-24T09:10:00,10,23542405,180681
OK,53,62,879,53,2014-08-24T09:15:00,6,23542854,180681
OK,50,66,879,50,2014-08-24T09:20:00,6,23543303,180681
OK,50,66,879,50,2014-08-24T09:25:00,8,23543752,180681
OK,79,41,879,79,2014-08-24T09:30:00,5,23544201,180681
OK,70,47,879,70,2014-08-24T09:35:00,7,23544650,180681
OK,68,48,879,68,2014-08-24T09:40:00,10,23545099,180681
OK,54,61,879,54,2014-08-24T09:50:00,14,23545548,180681
OK,49,67,879,49,2014-08-24T09:55:00,13,23545997,180681
OK,58,57,879,58,2014-08-24T10:00:00,11,23546446,180681
OK,63,52,879,63,2014-08-24T10:05:00,4,23546895,180681
OK,58,57,879,58,2014-08-24T10:10:00,3,23547344,180681
OK,81,40,879,81,2014-08-24T10:15:00,6,23547793,180681
OK,72,46,879,72,2014-08-24T10:20:00,11,23548242,180681
OK,60,55,879,60,2014-08-24T10:25:00,8,23548691,180681
OK,54,61,879,54,2014-08-24T10:30:00,3,23549140,180681
OK,61,54,879,61,2014-08-24T10:35:00,6,23549589,180681
OK,61,54,879,61,2014-08-24T10:40:00,8,23550038,180681
OK,50,66,879,50,2014-08-24T10:45:00,9,23550487,180681
OK,57,58,879,57,2014-08-24T10:50:00,11,23550936,180681
OK,66,50,879,66,2014-08-24T10:55:00,12,23551385,180681
OK,66,50,879,66,2014-08-24T11:00:00,10,23551834,180681
OK,53,62,879,53,2014-08-24T11:05:00,12,23552283,180681
OK,54,61,879,54,2014-08-24T11:10:00,9,23552732,180681
OK,51,64,879,51,2014-08-24T11:15:00,8,23553181,180681
OK,51,64,879,51,2014-08-24T11:20:00,8,23553630,180681
OK,49,67,879,49,2014-08-24T11:25:00,8,23554079,180681
OK,51,64,879,51,2014-08-24T11:30:00,13,23554528,180681
OK,51,64,879,51,2014-08-24T11:35:00,16,23554977,180681
OK,51,64,879,51,2014-08-24T11:40:00,8,23555384,180681
OK,53,62,879,53,2014-08-24T11:45:00,8,23555833,180681
OK,60,55,879,60,2014-08-24T11:50:00,10,23556282,180681
OK,60,55,879,60,2014-08-24T11:55:00,13,23556731,180681
OK,51,64,879,51,2014-08-24T12:00:00,10,23557180,180681
OK,53,62,879,53,2014-08-24T12:05:00,9,23557629,180681
OK,68,48,879,68,2014-08-24T12:10:00,9,23558078,180681
OK,71,46,879,71,2014-08-24T12:15:00,10,23558527,180681
OK,48,69,879,48,2014-08-24T12:20:00,9,23558976,180681
OK,44,75,879,44,2014-08-24T12:25:00,11,23559425,180681
OK,58,57,879,58,2014-08-24T12:30:00,9,23559874,180681
OK,69,48,879,69,2014-08-24T12:35:00,9,23560323,180681
OK,43,77,879,43,2014-08-24T12:40:00,7,23560772,180681
OK,48,69,879,48,2014-08-24T12:45:00,9,23561203,180681
OK,52,63,879,52,2014-08-24T12:50:00,11,23561652,180681
OK,50,66,879,50,2014-08-24T12:55:00,9,23562101,180681
OK,58,57,879,58,2014-08-24T13:00:00,12,23562550,180681
OK,66,50,879,66,2014-08-24T13:05:00,8,23562999,180681
OK,54,61,879,54,2014-08-24T13:10:00,11,23563432,180681
OK,53,62,879,53,2014-08-24T13:15:00,16,23563881,180681
OK,45,73,879,45,2014-08-24T13:20:00,10,23564330,180681
OK,66,50,879,66,2014-08-24T13:25:00,6,23564779,180681
OK,57,58,879,57,2014-08-24T13:30:00,7,23565228,180681
OK,51,64,879,51,2014-08-24T13:35:00,8,23565677,180681
OK,50,66,879,50,2014-08-24T13:40:00,9,23566082,180681
OK,49,67,879,49,2014-08-24T13:45:00,10,23566531,180681
OK,47,70,879,47,2014-08-24T13:50:00,9,23566980,180681
OK,47,70,879,47,2014-08-24T13:55:00,9,23567429,180681
OK,52,63,879,52,2014-08-24T14:00:00,10,23567878,180681
OK,70,47,879,70,2014-08-24T14:05:00,13,23568327,180681
OK,52,63,879,52,2014-08-24T14:10:00,13,23568776,180681
OK,45,73,879,45,2014-08-24T14:15:00,13,23569225,180681
OK,44,75,879,44,2014-08-24T14:20:00,8,23569640,180681
OK,58,57,879,58,2014-08-24T14:25:00,8,23570089,180681
OK,74,44,879,74,2014-08-24T14:30:00,7,23570538,180681
OK,74,44,879,74,2014-08-24T14:35:00,9,23570987,180681
OK,65,50,879,65,2014-08-24T14:40:00,12,23571436,180681
OK,52,63,879,52,2014-08-24T14:45:00,8,23571885,180681
OK,51,64,879,51,2014-08-24T14:50:00,9,23572334,180681
OK,64,51,879,64,2014-08-24T14:55:00,13,23572783,180681
OK,68,48,879,68,2014-08-24T15:00:00,7,23573232,180681
OK,59,56,879,59,2014-08-24T15:05:00,8,23573681,180681
OK,67,49,879,67,2014-08-24T15:10:00,16,23574105,180681
OK,64,51,879,64,2014-08-24T15:15:00,14,23574554,180681
OK,48,69,879,48,2014-08-24T15:20:00,9,23575003,180681
OK,49,67,879,49,2014-08-24T15:25:00,5,23575452,180681
OK,52,63,879,52,2014-08-24T15:30:00,10,23575901,180681
OK,49,67,879,49,2014-08-24T15:35:00,14,23576350,180681
OK,52,63,879,52,2014-08-24T15:40:00,11,23576737,180681
OK,52,63,879,52,2014-08-24T15:45:00,9,23577186,180681
OK,68,48,879,68,2014-08-24T15:50:00,9,23577635,180681
OK,69,48,879,69,2014-08-24T15:55:00,10,23578084,180681
OK,48,69,879,48,2014-08-24T16:00:00,3,23578533,180681
OK,67,49,879,67,2014-08-24T16:05:00,5,23578982,180681
OK,70,47,879,70,2014-08-24T16:10:00,6,23579417,180681
OK,72,46,879,72,2014-08-24T16:15:00,7,23579866,180681
OK,64,51,879,64,2014-08-24T16:20:00,8,23580315,180681
OK,70,47,879,70,2014-08-24T16:25:00,5,23580764,180681
OK,71,46,879,71,2014-08-24T16:30:00,6,23581213,180681
OK,54,61,879,54,2014-08-24T16:35:00,6,23581659,180681
OK,48,69,879,48,2014-08-24T16:40:00,3,23582108,180681
OK,48,69,879,48,2014-08-24T16:45:00,1,23582557,180681
OK,58,57,879,58,2014-08-24T16:50:00,2,23583006,180681
OK,51,64,879,51,2014-08-24T16:55:00,5,23583455,180681
OK,42,78,879,42,2014-08-24T17:00:00,7,23583904,180681
OK,46,72,879,46,2014-08-24T17:05:00,7,23584353,180681
OK,40,82,879,40,2014-08-24T17:10:00,3,23584802,180681
OK,54,61,879,54,2014-08-24T17:15:00,6,23585251,180681
OK,55,60,879,55,2014-08-24T17:20:00,8,23585700,180681
OK,48,69,879,48,2014-08-24T17:25:00,4,23586028,180681
OK,49,67,879,49,2014-08-24T17:30:00,2,23586477,180681
OK,77,43,879,77,2014-08-24T17:35:00,5,23586926,180681
OK,77,43,879,77,2014-08-24T17:40:00,6,23587375,180681
OK,55,60,879,55,2014-08-24T17:45:00,3,23587824,180681
OK,51,64,879,51,2014-08-24T17:50:00,4,23588273,180681
OK,45,73,879,45,2014-08-24T17:55:00,4,23588722,180681
OK,50,66,879,50,2014-08-24T18:00:00,6,23589171,180681
OK,53,62,879,53,2014-08-24T18:05:00,5,23589620,180681
OK,49,67,879,49,2014-08-24T18:10:00,1,23590069,180681
OK,49,67,879,49,2014-08-24T18:15:00,5,23590518,180681
OK,51,64,879,51,2014-08-24T18:20:00,7,23590967,180681
OK,83,39,879,83,2014-08-24T18:25:00,4,23591416,180681
OK,80,41,879,80,2014-08-24T18:30:00,3,23591865,180681
OK,44,75,879,44,2014-08-24T18:35:00,4,23592314,180681
OK,44,75,879,44,2014-08-24T18:40:00,5,23592740,180681
OK,43,77,879,43,2014-08-24T18:45:00,4,23593189,180681
OK,46,72,879,46,2014-08-24T18:50:00,3,23593638,180681
OK,61,54,879,61,2014-08-24T18:55:00,4,23594087,180681
OK,59,56,879,59,2014-08-24T19:00:00,5,23594536,180681
OK,43,77,879,43,2014-08-24T19:05:00,3,23594985,180681
OK,47,70,879,47,2014-08-24T19:10:00,4,23595426,180681
OK,58,57,879,58,2014-08-24T19:15:00,3,23595874,180681
OK,44,75,879,44,2014-08-24T19:20:00,1,23596323,180681
OK,80,41,879,80,2014-08-24T19:25:00,4,23596772,180681
OK,88,37,879,88,2014-08-24T19:30:00,2,23597208,180681
OK,39,84,879,39,2014-08-24T19:35:00,2,23597583,180681
OK,57,58,879,57,2014-08-24T19:40:00,9,23598032,180681
OK,57,58,879,57,2014-08-24T19:45:00,9,23598481,180681
OK,48,69,879,48,2014-08-24T19:50:00,5,23598905,180681
OK,51,64,879,51,2014-08-24T19:55:00,3,23599353,180681
OK,63,52,879,63,2014-08-24T20:00:00,5,23599694,180681
OK,63,52,879,63,2014-08-24T20:05:00,5,23600143,180681
OK,46,72,879,46,2014-08-24T20:10:00,3,23600592,180681
OK,46,72,879,46,2014-08-24T20:15:00,1,23601023,180681
OK,50,66,879,50,2014-08-24T20:20:00,3,23601471,180681
OK,49,67,879,49,2014-08-24T20:25:00,6,23601865,180681
OK,47,70,879,47,2014-08-24T20:30:00,6,23602312,180681
OK,37,89,879,37,2014-08-24T20:40:00,0,23602761,180681
OK,60,55,879,60,2014-08-24T20:45:00,2,23603209,180681
OK,60,55,879,60,2014-08-24T20:50:00,2,23603571,180681
OK,51,64,879,51,2014-08-24T20:55:00,1,23604020,180681
OK,45,73,879,45,2014-08-24T21:00:00,3,23604459,180681
OK,50,66,879,50,2014-08-24T21:05:00,4,23604907,180681
OK,51,64,879,51,2014-08-24T21:10:00,2,23605348,180681
OK,45,73,879,45,2014-08-24T21:15:00,0,23605795,180681
OK,45,73,879,45,2014-08-24T21:20:00,0,23606238,180681
OK,46,72,879,46,2014-08-24T21:25:00,3,23606673,180681
OK,47,70,879,47,2014-08-24T21:30:00,2,23607121,180681
OK,69,48,879,69,2014-08-24T21:35:00,1,23607570,180681
OK,69,48,879,69,2014-08-24T21:40:00,1,23608013,180681
OK,69,48,879,69,2014-08-24T21:45:00,0,23608350,180681
OK,77,43,879,77,2014-08-24T21:50:00,1,23608799,180681
OK,77,43,879,77,2014-08-24T21:55:00,0,23609244,180681
OK,77,43,879,77,2014-08-24T22:05:00,0,23609920,180681
OK,77,43,879,77,2014-08-24T22:10:00,0,23610369,180681
OK,77,43,879,77,2014-08-24T22:15:00,0,23610818,180681
OK,77,43,879,77,2014-08-24T22:20:00,0,23611267,180681
OK,77,43,879,77,2014-08-24T22:25:00,0,23611716,180681
OK,77,43,879,77,2014-08-24T22:35:00,0,23612447,180681
OK,77,43,879,77,2014-08-24T22:40:00,0,23612896,180681
OK,77,43,879,77,2014-08-24T22:45:00,0,23613345,180681
OK,77,43,879,77,2014-08-24T22:50:00,0,23613794,180681
OK,49,67,879,49,2014-08-24T22:55:00,1,23614127,180681
OK,49,67,879,49,2014-08-24T23:00:00,0,23614576,180681
OK,41,80,879,41,2014-08-24T23:05:00,1,23615024,180681
OK,57,58,879,57,2014-08-24T23:10:00,4,23615464,180681
OK,61,54,879,61,2014-08-24T23:15:00,4,23615913,180681
OK,61,54,879,61,2014-08-24T23:20:00,2,23616362,180681
OK,61,54,879,61,2014-08-24T23:25:00,0,23616807,180681
OK,61,54,879,61,2014-08-24T23:30:00,0,23617255,180681
OK,39,84,879,39,2014-08-18T01:10:00,0,22739377,180681
OK,49,67,879,49,2014-08-18T01:15:00,1,22739826,180681
OK,61,54,879,61,2014-08-24T23:30:00,0,23617255,180681
OK,41,80,879,41,2014-08-24T23:35:00,1,23617582,180681
OK,41,80,879,41,2014-08-24T23:40:00,1,23618031,180681
OK,41,80,879,41,2014-08-24T23:45:00,0,23618480,180681
OK,41,80,879,41,2014-08-24T23:50:00,0,23618929,180681
OK,41,80,879,41,2014-08-24T23:55:00,0,23619378,180681
OK,41,80,879,41,2014-08-25T00:00:00,0,23619827,180681
OK,41,80,879,41,2014-08-25T00:10:00,0,23620333,180681
OK,41,80,879,41,2014-08-25T00:15:00,0,23620747,180681
OK,42,78,879,42,2014-08-25T00:20:00,1,23621196,180681
OK,42,78,879,42,2014-08-25T00:25:00,0,23621645,180681
OK,42,78,879,42,2014-08-25T00:30:00,0,23622030,180681
OK,42,78,879,42,2014-08-25T00:35:00,0,23622479,180681
OK,42,78,879,42,2014-08-25T00:40:00,0,23622928,180681
OK,42,78,879,42,2014-08-25T00:45:00,0,23623377,180681
OK,42,78,879,42,2014-08-25T00:50:00,0,23623826,180681
OK,42,78,879,42,2014-08-25T00:55:00,0,23624275,180681
OK,42,78,879,42,2014-08-25T01:00:00,0,23624724,180681
OK,42,78,879,42,2014-08-25T01:05:00,0,23625173,180681
OK,42,78,879,42,2014-08-25T01:10:00,0,23625622,180681
OK,42,78,879,42,2014-08-25T01:15:00,0,23625991,180681
OK,42,78,879,42,2014-08-25T01:20:00,0,23626440,180681
OK,45,73,879,45,2014-08-25T01:25:00,1,23626889,180681
OK,45,73,879,45,2014-08-25T01:30:00,0,23627338,180681
OK,52,63,879,52,2014-08-25T01:35:00,1,23627787,180681
OK,52,63,879,52,2014-08-25T01:40:00,1,23628236,180681
OK,52,63,879,52,2014-08-25T01:45:00,0,23628685,180681
OK,52,63,879,52,2014-08-25T01:50:00,0,23629134,180681
OK,52,63,879,52,2014-08-25T01:55:00,0,23629583,180681
OK,52,63,879,52,2014-08-25T02:00:00,0,23630032,180681
OK,63,52,879,63,2014-08-25T02:05:00,0,23630481,180681
OK,43,77,879,43,2014-08-25T02:10:00,1,23630930,180681
OK,43,77,879,43,2014-08-25T02:15:00,0,23631305,180681
OK,43,77,879,43,2014-08-25T02:20:00,0,23631754,180681
OK,55,60,879,55,2014-08-25T02:25:00,1,23632203,180681
OK,47,70,879,47,2014-08-25T02:30:00,3,23632652,180681
OK,47,70,879,47,2014-08-25T02:35:00,1,23633101,180681
OK,81,40,879,81,2014-08-25T02:40:00,2,23633508,180681
OK,54,61,879,54,2014-08-25T02:45:00,6,23633957,180681
OK,52,63,879,52,2014-08-25T02:50:00,3,23634406,180681
OK,44,75,879,44,2014-08-25T02:55:00,4,23634855,180681
OK,46,72,879,46,2014-08-25T03:00:00,4,23635304,180681
OK,54,61,879,54,2014-08-25T03:05:00,2,23635711,180681
OK,62,53,879,62,2014-08-25T03:10:00,1,23636160,180681
OK,50,66,879,50,2014-08-25T03:15:00,1,23636609,180681
OK,36,92,879,36,2014-08-25T03:20:00,5,23637058,180681
OK,36,92,879,36,2014-08-25T03:25:00,6,23637507,180681
OK,36,92,879,36,2014-08-25T03:30:00,0,23637880,180681
OK,36,92,879,36,2014-08-25T03:35:00,0,23638329,180681
OK,49,67,879,49,2014-08-25T03:40:00,4,23638778,180681
OK,50,66,879,50,2014-08-25T03:45:00,5,23639227,180681
OK,66,50,879,66,2014-08-25T03:50:00,3,23639676,180681
OK,50,66,879,50,2014-08-25T03:55:00,5,23640125,180681
OK,51,64,879,51,2014-08-25T04:00:00,7,23640574,180681
OK,70,47,879,70,2014-08-25T04:05:00,4,23641023,180681
OK,61,54,879,61,2014-08-25T04:10:00,7,23641472,180681
OK,63,52,879,63,2014-08-25T04:15:00,9,23641921,180681
OK,63,52,879,63,2014-08-25T04:20:00,9,23642370,180681
OK,57,58,879,57,2014-08-25T04:25:00,8,23642805,180681
OK,53,62,879,53,2014-08-25T04:30:00,10,23643254,180681
OK,70,47,879,70,2014-08-25T04:35:00,10,23643703,180681
OK,63,52,879,63,2014-08-25T04:40:00,10,23644152,180681
OK,61,54,879,61,2014-08-25T04:45:00,17,23644601,180681
OK,48,69,879,48,2014-08-25T04:50:00,24,23645050,180681
OK,63,52,879,63,2014-08-25T04:55:00,30,23645499,180681
OK,76,43,879,76,2014-08-25T05:00:00,27,23645948,180681
OK,73,45,879,73,2014-08-25T05:05:00,17,23646397,180681
OK,56,59,879,56,2014-08-25T05:10:00,28,23646846,180681
OK,69,48,879,69,2014-08-25T05:15:00,38,23647295,180681
OK,76,43,879,76,2014-08-25T05:20:00,32,23647744,180681
OK,79,41,879,79,2014-08-25T05:25:00,30,23648185,180681
OK,83,39,879,83,2014-08-25T05:30:00,27,23648634,180681
OK,98,33,879,98,2014-08-25T05:35:00,25,23649083,180681
OK,101,32,879,101,2014-08-25T05:40:00,39,23649532,180681
OK,106,31,879,106,2014-08-25T05:45:00,40,23649981,180681
OK,133,24,879,133,2014-08-25T05:50:00,37,23650430,180681
OK,157,21,879,157,2014-08-25T05:55:00,44,23650879,180681
OK,150,22,879,150,2014-08-25T06:00:00,45,23651326,180681
OK,153,21,879,153,2014-08-25T06:05:00,42,23651775,180681
OK,164,20,879,164,2014-08-25T06:10:00,35,23652224,180681
OK,167,19,879,167,2014-08-25T06:15:00,38,23652673,180681
OK,124,26,879,124,2014-08-25T06:20:00,50,23653122,180681
OK,132,25,879,132,2014-08-25T06:25:00,40,23653571,180681
OK,139,23,879,139,2014-08-25T06:30:00,44,23654020,180681
OK,125,26,879,125,2014-08-25T06:35:00,48,23654469,180681
OK,96,34,879,96,2014-08-25T06:40:00,35,23654918,180681
OK,63,52,879,63,2014-08-25T06:45:00,31,23655367,180681
OK,63,52,879,63,2014-08-25T06:50:00,33,23655816,180681
OK,75,44,879,75,2014-08-25T06:55:00,28,23656255,180681
OK,73,45,879,73,2014-08-25T07:00:00,20,23656704,180681
OK,66,50,879,66,2014-08-25T07:05:00,26,23657153,180681
OK,53,62,879,53,2014-08-25T07:10:00,18,23657602,180681
OK,74,44,879,74,2014-08-25T07:15:00,15,23658051,180681
OK,74,44,879,74,2014-08-25T07:20:00,20,23658500,180681
OK,61,54,879,61,2014-08-25T07:25:00,14,23658884,180681
OK,59,56,879,59,2014-08-25T07:30:00,17,23659333,180681
OK,68,48,879,68,2014-08-25T07:35:00,15,23659782,180681
OK,61,54,879,61,2014-08-25T07:40:00,19,23660231,180681
OK,63,52,879,63,2014-08-25T07:45:00,20,23660680,180681
OK,81,40,879,81,2014-08-25T07:50:00,28,23661129,180681
OK,68,48,879,68,2014-08-25T07:55:00,25,23661578,180681
OK,52,63,879,52,2014-08-25T08:00:00,11,23662027,180681
OK,74,44,879,74,2014-08-25T08:10:00,18,23662825,180681
OK,75,44,879,75,2014-08-25T08:15:00,16,23663274,180681
OK,57,58,879,57,2014-08-25T08:20:00,17,23663717,180681
OK,52,63,879,52,2014-08-25T08:25:00,22,23664166,180681
OK,59,56,879,59,2014-08-25T08:30:00,17,23664615,180681
OK,60,55,879,60,2014-08-25T08:35:00,15,23665064,180681
OK,67,49,879,67,2014-08-25T08:40:00,7,23665513,180681
OK,60,55,879,60,2014-08-25T08:45:00,10,23665962,180681
OK,62,53,879,62,2014-08-25T08:50:00,16,23666411,180681
OK,53,62,879,53,2014-08-25T08:55:00,20,23666860,180681
OK,53,62,879,53,2014-08-25T09:00:00,20,23667309,180681
OK,72,46,879,72,2014-08-25T09:05:00,22,23667758,180681
OK,76,43,879,76,2014-08-25T09:10:00,26,23668207,180681
OK,76,43,879,76,2014-08-25T09:15:00,19,23668656,180681
OK,63,52,879,63,2014-08-25T09:20:00,16,23669105,180681
OK,72,46,879,72,2014-08-25T09:25:00,20,23669554,180681
OK,73,45,879,73,2014-08-25T09:30:00,9,23670003,180681
OK,62,53,879,62,2014-08-25T09:35:00,15,23670452,180681
OK,67,49,879,67,2014-08-25T09:40:00,25,23670901,180681
OK,74,44,879,74,2014-08-25T09:45:00,26,23671350,180681
OK,54,61,879,54,2014-08-25T09:50:00,18,23671799,180681
OK,63,52,879,63,2014-08-25T09:55:00,16,23672248,180681
OK,56,59,879,56,2014-08-25T10:00:00,16,23672697,180681
OK,49,67,879,49,2014-08-25T10:05:00,13,23673146,180681
OK,47,70,879,47,2014-08-25T10:10:00,18,23673595,180681
OK,54,61,879,54,2014-08-25T10:15:00,22,23674040,180681
OK,60,55,879,60,2014-08-25T10:20:00,18,23674489,180681
OK,64,51,879,64,2014-08-25T10:25:00,23,23674938,180681
OK,67,49,879,67,2014-08-25T10:30:00,27,23675387,180681
OK,62,53,879,62,2014-08-25T10:35:00,21,23675836,180681
OK,50,66,879,50,2014-08-25T10:40:00,17,23676276,180681
OK,58,57,879,58,2014-08-25T10:45:00,19,23676725,180681
OK,67,49,879,67,2014-08-25T10:50:00,29,23677174,180681
OK,66,50,879,66,2014-08-25T10:55:00,28,23677623,180681
OK,68,48,879,68,2014-08-25T11:00:00,23,23678072,180681
OK,74,44,879,74,2014-08-25T11:05:00,25,23678521,180681
OK,69,48,879,69,2014-08-25T11:10:00,27,23678871,180681
OK,65,50,879,65,2014-08-25T11:15:00,21,23679320,180681
OK,62,53,879,62,2014-08-25T11:20:00,24,23679769,180681
OK,59,56,879,59,2014-08-25T11:25:00,29,23680218,180681
OK,64,51,879,64,2014-08-25T11:30:00,28,23680667,180681
OK,70,47,879,70,2014-08-25T13:10:00,31,23680864,180681
OK,71,46,879,71,2014-08-25T13:20:00,29,23681565,180681
OK,57,58,879,57,2014-08-25T13:25:00,35,23682014,180681
OK,74,44,879,74,2014-08-25T13:30:00,28,23682463,180681
OK,83,39,879,83,2014-08-25T13:35:00,24,23682912,180681
OK,83,39,879,83,2014-08-25T13:40:00,19,23683361,180681
OK,77,43,879,77,2014-08-25T13:45:00,20,23683810,180681
OK,94,35,879,94,2014-08-25T13:50:00,28,23684259,180681
OK,88,37,879,88,2014-08-25T13:55:00,30,23684708,180681
OK,84,39,879,84,2014-08-25T14:00:00,23,23685157,180681
OK,67,49,879,67,2014-08-25T14:05:00,23,23685590,180681
OK,85,38,879,85,2014-08-25T14:10:00,23,23686039,180681
OK,97,34,879,97,2014-08-25T14:15:00,24,23686488,180681
OK,95,34,879,95,2014-08-25T14:20:00,35,23686937,180681
OK,81,40,879,81,2014-08-25T14:25:00,30,23687386,180681
OK,84,39,879,84,2014-08-25T14:30:00,24,23687834,180681
OK,79,41,879,79,2014-08-25T14:35:00,20,23688209,180681
OK,70,47,879,70,2014-08-25T14:40:00,17,23688658,180681
OK,74,44,879,74,2014-08-25T14:45:00,24,23689107,180681
OK,75,44,879,75,2014-08-25T14:50:00,23,23689556,180681
OK,75,44,879,75,2014-08-25T14:55:00,27,23690005,180681
OK,68,48,879,68,2014-08-25T15:00:00,18,23690454,180681
OK,54,61,879,54,2014-08-25T15:05:00,14,23690903,180681
OK,72,46,879,72,2014-08-25T15:10:00,11,23691352,180681
OK,81,40,879,81,2014-08-25T15:15:00,15,23691795,180681
OK,77,43,879,77,2014-08-25T15:20:00,21,23692244,180681
OK,61,54,879,61,2014-08-25T15:25:00,15,23692693,180681
OK,66,50,879,66,2014-08-25T15:30:00,10,23693142,180681
OK,71,46,879,71,2014-08-25T15:35:00,15,23693591,180681
OK,71,46,879,71,2014-08-25T15:40:00,17,23694027,180681
OK,59,56,879,59,2014-08-25T15:45:00,16,23694476,180681
OK,55,60,879,55,2014-08-25T15:50:00,9,23694925,180681
OK,70,47,879,70,2014-08-25T15:55:00,17,23695374,180681
OK,68,48,879,68,2014-08-25T16:00:00,15,23695823,180681
OK,71,46,879,71,2014-08-25T16:05:00,8,23696241,180681
OK,71,46,879,71,2014-08-25T16:10:00,14,23696690,180681
OK,70,47,879,70,2014-08-25T16:15:00,14,23697139,180681
OK,50,66,879,50,2014-08-25T16:20:00,7,23697588,180681
OK,52,63,879,52,2014-08-25T16:25:00,7,23698037,180681
OK,49,67,879,49,2014-08-25T16:30:00,9,23698408,180681
OK,46,72,879,46,2014-08-25T16:35:00,8,23698857,180681
OK,49,67,879,49,2014-08-25T16:40:00,8,23699306,180681
OK,55,60,879,55,2014-08-25T16:45:00,7,23699755,180681
OK,72,46,879,72,2014-08-25T16:50:00,1,23700204,180681
OK,60,55,879,60,2014-08-25T16:55:00,6,23700653,180681
OK,81,40,879,81,2014-08-25T17:00:00,7,23701102,180681
OK,47,70,879,47,2014-08-25T17:05:00,12,23701538,180681
OK,47,70,879,47,2014-08-25T17:10:00,8,23701987,180681
OK,65,50,879,65,2014-08-25T17:15:00,8,23702436,180681
OK,64,51,879,64,2014-08-25T17:20:00,11,23702885,180681
OK,51,64,879,51,2014-08-25T17:25:00,6,23703334,180681
OK,43,77,879,43,2014-08-25T17:30:00,4,23703783,180681
OK,60,55,879,60,2014-08-25T17:35:00,6,23704232,180681
OK,57,58,879,57,2014-08-25T17:40:00,4,23704681,180681
OK,61,54,879,61,2014-08-25T17:45:00,6,23705130,180681
OK,70,47,879,70,2014-08-25T17:50:00,6,23705514,180681
OK,49,67,879,49,2014-08-25T17:55:00,9,23705963,180681
OK,49,67,879,49,2014-08-25T18:00:00,9,23706412,180681
OK,61,54,879,61,2014-08-25T18:05:00,7,23706861,180681
OK,62,53,879,62,2014-08-25T18:10:00,4,23707310,180681
OK,80,41,879,80,2014-08-25T18:15:00,1,23707687,180681
OK,51,64,879,51,2014-08-25T18:20:00,1,23708136,180681
OK,49,67,879,49,2014-08-25T18:25:00,4,23708585,180681
OK,44,75,879,44,2014-08-25T18:30:00,4,23709032,180681
OK,44,75,879,44,2014-08-25T18:35:00,6,23709481,180681
OK,46,72,879,46,2014-08-25T18:40:00,6,23709928,180681
OK,67,49,879,67,2014-08-25T18:45:00,4,23710341,180681
OK,49,67,879,49,2014-08-25T18:50:00,5,23710790,180681
OK,47,70,879,47,2014-08-25T18:55:00,6,23711239,180681
OK,47,70,879,47,2014-08-25T19:00:00,3,23711688,180681
OK,71,46,879,71,2014-08-25T19:05:00,4,23712134,180681
OK,52,63,879,52,2014-08-25T19:10:00,7,23712517,180681
OK,47,70,879,47,2014-08-25T19:15:00,5,23712966,180681
OK,52,63,879,52,2014-08-25T19:20:00,3,23713415,180681
OK,61,54,879,61,2014-08-25T19:25:00,5,23713864,180681
OK,59,56,879,59,2014-08-25T19:30:00,5,23714313,180681
OK,83,39,879,83,2014-08-25T19:35:00,5,23714723,180681
OK,68,48,879,68,2014-08-25T19:40:00,8,23715172,180681
OK,56,59,879,56,2014-08-25T19:45:00,6,23715621,180681
OK,39,84,879,39,2014-08-25T19:50:00,2,23716070,180681
OK,53,62,879,53,2014-08-25T19:55:00,5,23716519,180681
OK,52,63,879,52,2014-08-25T20:00:00,6,23716863,180681
OK,45,73,879,45,2014-08-25T20:05:00,2,23717312,180681
OK,42,78,879,42,2014-08-25T20:10:00,1,23717747,180681
OK,62,53,879,62,2014-08-25T20:15:00,2,23718196,180681
OK,61,54,879,61,2014-08-25T20:20:00,4,23718632,180681
OK,53,62,879,53,2014-08-25T20:25:00,4,23719081,180681
OK,41,80,879,41,2014-08-25T20:30:00,2,23719512,180681
OK,51,64,879,51,2014-08-25T20:35:00,4,23719961,180681
OK,59,56,879,59,2014-08-25T20:40:00,5,23720410,180681
OK,43,77,879,43,2014-08-25T20:45:00,3,23720858,180681
OK,43,77,879,43,2014-08-25T20:50:00,1,23721297,180681
OK,43,77,879,43,2014-08-25T20:55:00,0,23721741,180681
OK,66,50,879,66,2014-08-25T21:00:00,1,23722162,180681
OK,75,44,879,75,2014-08-25T21:05:00,2,23722609,180681
OK,84,39,879,84,2014-08-25T21:10:00,1,23723054,180681
OK,84,39,879,84,2014-08-25T21:15:00,0,23723491,180681
OK,84,39,879,84,2014-08-25T21:20:00,0,23723940,180681
OK,70,47,879,70,2014-08-25T21:25:00,2,23724356,180681
OK,48,69,879,48,2014-08-25T21:30:00,1,23724793,180681
OK,59,56,879,59,2014-08-25T21:35:00,2,23725242,180681
OK,65,50,879,65,2014-08-25T21:45:00,1,23725981,180681
OK,65,50,879,65,2014-08-25T21:50:00,0,23726430,180681
OK,43,77,879,43,2014-08-25T21:55:00,1,23726879,180681
OK,43,77,879,43,2014-08-25T22:00:00,0,23727311,180681
OK,43,77,879,43,2014-08-25T22:05:00,0,23727694,180681
OK,81,40,879,81,2014-08-25T22:10:00,1,23728143,180681
OK,81,40,879,81,2014-08-25T22:15:00,0,23728592,180681
OK,40,82,879,40,2014-08-25T22:20:00,1,23729041,180681
OK,58,57,879,58,2014-08-25T22:25:00,1,23729490,180681
OK,58,57,879,58,2014-08-25T22:30:00,1,23729939,180681
OK,36,92,879,36,2014-08-25T22:35:00,1,23730377,180681
OK,49,67,879,49,2014-08-25T22:40:00,4,23730824,180681
OK,58,57,879,58,2014-08-25T22:45:00,4,23731240,180681
OK,66,50,879,66,2014-08-25T22:55:00,0,23731937,180681
OK,66,50,879,66,2014-08-25T23:00:00,0,23732386,180681
OK,66,50,879,66,2014-08-25T23:05:00,0,23732835,180681
OK,42,78,879,42,2014-08-25T23:10:00,1,23733281,180681
OK,83,39,879,83,2014-08-25T23:15:00,2,23733726,180681
OK,81,40,879,81,2014-08-25T23:20:00,3,23734175,180681
OK,81,40,879,81,2014-08-25T23:25:00,0,23734620,180681
OK,81,40,879,81,2014-08-25T23:30:00,0,23735068,180681
OK,81,40,879,81,2014-08-25T23:35:00,0,23735517,180681
OK,65,50,879,65,2014-08-25T23:40:00,1,23735961,180681
OK,65,50,879,65,2014-08-25T23:45:00,0,23736389,180681
OK,65,50,879,65,2014-08-25T23:50:00,0,23736838,180681
OK,40,82,879,40,2014-08-25T23:55:00,1,23737286,180681
OK,40,82,879,40,2014-08-26T00:00:00,1,23737727,180681
OK,75,44,879,75,2014-08-26T00:10:00,0,23738159,180681
OK,75,44,879,75,2014-08-26T00:20:00,0,23738608,180681
OK,75,44,879,75,2014-08-26T00:25:00,0,23739057,180681
OK,75,44,879,75,2014-08-26T00:30:00,0,23739506,180681
OK,75,44,879,75,2014-08-26T00:35:00,0,23739955,180681
OK,75,44,879,75,2014-08-26T00:40:00,0,23740404,180681
OK,63,52,879,63,2014-08-26T00:45:00,2,23740850,180681
OK,63,52,879,63,2014-08-26T00:50:00,0,23741140,180681
OK,63,52,879,63,2014-08-26T00:55:00,0,23741589,180681
OK,63,52,879,63,2014-08-26T01:00:00,0,23742037,180681
OK,63,52,879,63,2014-08-26T01:05:00,0,23742478,180681
OK,63,52,879,63,2014-08-26T01:10:00,0,23742927,180681
OK,63,52,879,63,2014-08-26T01:15:00,0,23743376,180681
OK,63,52,879,63,2014-08-26T01:20:00,0,23743730,180681
OK,63,52,879,63,2014-08-26T01:25:00,0,23744179,180681
OK,43,77,879,43,2014-08-26T01:35:00,1,23744863,180681
OK,43,77,879,43,2014-08-26T01:40:00,0,23745312,180681
OK,41,80,879,41,2014-08-26T01:45:00,1,23745761,180681
OK,46,72,879,46,2014-08-26T01:50:00,2,23746210,180681
OK,51,64,879,51,2014-08-26T01:55:00,0,23746659,180681
OK,43,77,879,43,2014-08-26T02:00:00,1,23747108,180681
OK,57,58,879,57,2014-08-26T02:05:00,1,23747540,180681
OK,81,40,879,81,2014-08-26T02:10:00,1,23747989,180681
OK,55,60,879,55,2014-08-26T02:15:00,1,23748436,180681
OK,55,60,879,55,2014-08-26T02:20:00,0,23748885,180681
OK,55,60,879,55,2014-08-26T02:25:00,0,23749334,180681
OK,55,60,879,55,2014-08-26T02:30:00,0,23749783,180681
OK,75,44,879,75,2014-08-26T02:35:00,2,23750232,180681
OK,37,89,879,37,2014-08-26T02:40:00,1,23750681,180681
OK,77,43,879,77,2014-08-26T02:45:00,2,23751130,180681
OK,77,43,879,77,2014-08-26T02:50:00,2,23751579,180681
OK,70,47,879,70,2014-08-26T02:55:00,3,23752028,180681
OK,66,50,879,66,2014-08-26T03:00:00,5,23752475,180681
OK,54,61,879,54,2014-08-26T03:05:00,4,23752860,180681
OK,65,50,879,65,2014-08-26T03:10:00,2,23753309,180681
OK,54,61,879,54,2014-08-26T03:15:00,2,23753758,180681
OK,31,106,879,31,2014-08-26T03:20:00,1,23754205,180681
OK,57,58,879,57,2014-08-26T03:25:00,2,23754520,180681
OK,84,39,879,84,2014-08-26T03:30:00,3,23754969,180681
OK,100,33,879,100,2014-08-26T03:35:00,1,23755418,180681
OK,86,38,879,86,2014-08-26T03:40:00,2,23755867,180681
OK,73,45,879,73,2014-08-26T03:45:00,3,23756316,180681
OK,83,39,879,83,2014-08-26T03:50:00,3,23756765,180681
OK,52,63,879,52,2014-08-26T03:55:00,5,23757174,180681
OK,52,63,879,52,2014-08-26T04:00:00,7,23757623,180681
OK,74,44,879,74,2014-08-26T04:05:00,6,23758072,180681
OK,49,67,879,49,2014-08-26T04:10:00,4,23758521,180681
OK,50,66,879,50,2014-08-26T04:15:00,8,23758970,180681
OK,49,67,879,49,2014-08-26T04:20:00,8,23759418,180681
OK,45,73,879,45,2014-08-26T04:25:00,5,23759867,180681
OK,59,56,879,59,2014-08-26T04:30:00,13,23760316,180681
OK,63,52,879,63,2014-08-26T04:35:00,20,23760765,180681
OK,67,49,879,67,2014-08-26T04:40:00,16,23761214,180681
OK,77,43,879,77,2014-08-26T04:45:00,28,23761663,180681
OK,77,43,879,77,2014-08-26T04:50:00,31,23762112,180681
OK,66,50,879,66,2014-08-26T04:55:00,22,23762561,180681
OK,58,57,879,58,2014-08-26T05:00:00,17,23763010,180681
OK,58,57,879,58,2014-08-26T05:05:00,25,23763459,180681
OK,67,49,879,67,2014-08-26T05:10:00,21,23763908,180681
OK,82,40,879,82,2014-08-26T05:15:00,27,23764357,180681
OK,82,40,879,82,2014-08-26T05:20:00,32,23764806,180681
OK,90,36,879,90,2014-08-26T05:25:00,29,23765255,180681
OK,72,46,879,72,2014-08-26T05:30:00,36,23765704,180681
OK,75,44,879,75,2014-08-26T05:35:00,35,23766153,180681
OK,85,38,879,85,2014-08-26T05:40:00,33,23766602,180681
OK,109,30,879,109,2014-08-26T05:45:00,30,23767051,180681
OK,164,20,879,164,2014-08-26T05:50:00,28,23767472,180681
OK,133,24,879,133,2014-08-26T05:55:00,49,23767921,180681
OK,124,26,879,124,2014-08-26T06:00:00,44,23768370,180681
OK,122,27,879,122,2014-08-26T06:05:00,36,23768819,180681
OK,103,32,879,103,2014-08-26T06:10:00,38,23769268,180681
OK,112,29,879,112,2014-08-26T06:15:00,30,23769717,180681
OK,126,26,879,126,2014-08-26T06:20:00,32,23770166,180681
OK,112,29,879,112,2014-08-26T06:25:00,30,23770615,180681
OK,87,38,879,87,2014-08-26T06:30:00,33,23771063,180681
OK,84,39,879,84,2014-08-26T06:35:00,33,23771512,180681
OK,78,42,879,78,2014-08-26T06:40:00,27,23771961,180681
OK,69,48,879,69,2014-08-26T06:45:00,23,23772410,180681
OK,68,48,879,68,2014-08-26T06:50:00,18,23772859,180681
OK,58,57,879,58,2014-08-26T06:55:00,28,23773308,180681
OK,54,61,879,54,2014-08-26T07:00:00,28,23773757,180681
OK,58,57,879,58,2014-08-26T07:05:00,14,23774206,180681
OK,61,54,879,61,2014-08-26T07:10:00,14,23774655,180681
OK,56,59,879,56,2014-08-26T07:15:00,22,23775076,180681
OK,63,52,879,63,2014-08-26T07:20:00,23,23775525,180681
OK,61,54,879,61,2014-08-26T07:25:00,15,23775974,180681
OK,52,63,879,52,2014-08-26T07:30:00,15,23776423,180681
OK,63,52,879,63,2014-08-26T07:35:00,19,23776872,180681
OK,72,46,879,72,2014-08-26T07:40:00,20,23777321,180681
OK,67,49,879,67,2014-08-26T07:45:00,16,23777770,180681
OK,70,47,879,70,2014-08-26T07:50:00,15,23778219,180681
OK,69,48,879,69,2014-08-26T07:55:00,23,23778668,180681
OK,67,49,879,67,2014-08-26T08:00:00,20,23779117,180681
OK,70,47,879,70,2014-08-26T08:05:00,16,23779566,180681
OK,66,50,879,66,2014-08-26T08:10:00,16,23779950,180681
OK,77,43,879,77,2014-08-26T08:15:00,16,23780399,180681
OK,78,42,879,78,2014-08-26T08:20:00,16,23780848,180681
OK,75,44,879,75,2014-08-26T08:25:00,19,23781297,180681
OK,86,38,879,86,2014-08-26T08:30:00,22,23781746,180681
OK,78,42,879,78,2014-08-26T08:35:00,18,23782195,180681
OK,70,47,879,70,2014-08-26T08:40:00,19,23782644,180681
OK,66,50,879,66,2014-08-26T08:45:00,23,23783074,180681
OK,52,63,879,52,2014-08-26T08:50:00,19,23783523,180681
OK,50,66,879,50,2014-08-26T08:55:00,12,23783972,180681
OK,57,58,879,57,2014-08-26T09:00:00,19,23784421,180681
OK,57,58,879,57,2014-08-26T09:05:00,22,23784870,180681
OK,56,59,879,56,2014-08-26T09:10:00,20,23785283,180681
OK,56,59,879,56,2014-08-26T09:15:00,25,23785732,180681
OK,52,63,879,52,2014-08-26T09:20:00,16,23786181,180681
OK,55,60,879,55,2014-08-26T09:25:00,15,23786630,180681
OK,84,39,879,84,2014-08-26T09:30:00,13,23787079,180681
OK,77,43,879,77,2014-08-26T09:35:00,15,23787528,180681
OK,71,46,879,71,2014-08-26T09:40:00,16,23787976,180681
OK,69,48,879,69,2014-08-26T09:45:00,19,23788423,180681
OK,66,50,879,66,2014-08-26T09:50:00,23,23788823,180681
OK,77,43,879,77,2014-08-26T09:55:00,33,23789267,180681
OK,77,43,879,77,2014-08-26T10:00:00,26,23789632,180681
OK,59,56,879,59,2014-08-26T10:05:00,17,23790081,180681
OK,58,57,879,58,2014-08-26T10:10:00,26,23790530,180681
OK,63,52,879,63,2014-08-26T10:15:00,30,23790979,180681
OK,62,53,879,62,2014-08-26T10:20:00,22,23791428,180681
OK,59,56,879,59,2014-08-26T10:25:00,16,23791877,180681
OK,73,45,879,73,2014-08-26T10:30:00,20,23792326,180681
OK,72,46,879,72,2014-08-26T10:35:00,27,23792741,180681
OK,68,48,879,68,2014-08-26T10:40:00,29,23793185,180681
OK,70,47,879,70,2014-08-26T10:45:00,24,23793634,180681
OK,59,56,879,59,2014-08-26T10:50:00,23,23794083,180681
OK,73,45,879,73,2014-08-26T11:00:00,10,23794840,180681
OK,64,51,879,64,2014-08-26T11:05:00,14,23795289,180681
OK,72,46,879,72,2014-08-26T11:10:00,18,23795738,180681
OK,71,46,879,71,2014-08-26T11:20:00,23,23796410,180681
OK,77,43,879,77,2014-08-26T11:25:00,16,23796859,180681
OK,73,45,879,73,2014-08-26T11:30:00,20,23797299,180681
OK,67,49,879,67,2014-08-26T11:35:00,29,23797624,180681
OK,66,50,879,66,2014-08-26T11:40:00,23,23798073,180681
OK,72,46,879,72,2014-08-26T11:45:00,25,23798522,180681
OK,60,55,879,60,2014-08-26T11:50:00,32,23798971,180681
OK,50,66,879,50,2014-08-26T11:55:00,32,23799419,180681
OK,72,46,879,72,2014-08-26T12:00:00,21,23799747,180681
OK,68,48,879,68,2014-08-26T12:10:00,21,23800585,180681
OK,64,51,879,64,2014-08-26T12:15:00,27,23801034,180681
OK,67,49,879,67,2014-08-26T12:20:00,24,23801483,180681
OK,57,58,879,57,2014-08-26T12:30:00,15,23802235,180681
OK,60,55,879,60,2014-08-26T12:35:00,22,23802684,180681
OK,74,44,879,74,2014-08-26T12:40:00,27,23803132,180681
OK,69,48,879,69,2014-08-26T12:45:00,24,23803540,180681
OK,54,61,879,54,2014-08-26T12:50:00,22,23803989,180681
OK,57,58,879,57,2014-08-26T12:55:00,30,23804438,180681
OK,64,51,879,64,2014-08-26T13:00:00,17,23804887,180681
OK,76,43,879,76,2014-08-26T13:05:00,19,23805336,180681
OK,76,43,879,76,2014-08-26T13:15:00,21,23805932,180681
OK,79,41,879,79,2014-08-26T13:20:00,30,23806381,180681
OK,86,38,879,86,2014-08-26T13:25:00,38,23806830,180681
OK,108,30,879,108,2014-08-26T13:30:00,44,23807279,180681
OK,122,27,879,122,2014-08-26T13:35:00,44,23807728,180681
OK,111,29,879,111,2014-08-26T13:40:00,36,23808177,180681
OK,100,33,879,100,2014-08-26T13:45:00,39,23808626,180681
OK,83,39,879,83,2014-08-26T13:50:00,41,23808993,180681
OK,80,41,879,80,2014-08-26T13:55:00,28,23809442,180681
OK,85,38,879,85,2014-08-26T14:00:00,20,23809891,180681
OK,133,24,879,133,2014-08-26T14:10:00,34,23810600,180681
OK,149,22,879,149,2014-08-26T14:15:00,29,23811049,180681
OK,128,25,879,128,2014-08-26T14:20:00,28,23811498,180681
OK,117,28,879,117,2014-08-26T14:25:00,36,23811947,180681
OK,131,25,879,131,2014-08-26T14:30:00,33,23812396,180681
OK,135,24,879,135,2014-08-26T14:35:00,34,23812767,180681
OK,147,22,879,147,2014-08-26T14:40:00,34,23813216,180681
OK,169,19,879,169,2014-08-26T14:45:00,40,23813665,180681
OK,143,23,879,143,2014-08-26T14:50:00,40,23814004,180681
OK,106,31,879,106,2014-08-26T14:55:00,30,23814453,180681
OK,86,38,879,86,2014-08-26T15:00:00,24,23814902,180681
OK,78,42,879,78,2014-08-26T15:05:00,17,23815351,180681
OK,49,67,879,49,2014-08-26T15:10:00,14,23815717,180681
OK,56,59,879,56,2014-08-26T15:15:00,17,23816166,180681
OK,64,51,879,64,2014-08-26T15:20:00,14,23816615,180681
OK,68,48,879,68,2014-08-26T15:25:00,18,23817064,180681
OK,67,49,879,67,2014-08-26T15:30:00,23,23817513,180681
OK,50,66,879,50,2014-08-26T15:35:00,14,23817962,180681
OK,49,67,879,49,2014-08-26T15:40:00,12,23818411,180681
OK,66,50,879,66,2014-08-26T15:45:00,18,23818854,180681
OK,66,50,879,66,2014-08-26T15:50:00,14,23819303,180681
OK,56,59,879,56,2014-08-26T15:55:00,9,23819675,180681
OK,63,52,879,63,2014-08-26T16:00:00,12,23820124,180681
OK,71,46,879,71,2014-08-26T16:05:00,11,23820573,180681
OK,54,61,879,54,2014-08-26T16:10:00,10,23820945,180681
OK,48,69,879,48,2014-08-26T16:15:00,12,23821394,180681
OK,54,61,879,54,2014-08-26T16:20:00,11,23821843,180681
OK,52,63,879,52,2014-08-26T16:25:00,15,23822292,180681
OK,44,75,879,44,2014-08-26T16:30:00,8,23822672,180681
OK,52,63,879,52,2014-08-26T16:35:00,3,23823121,180681
OK,58,57,879,58,2014-08-26T16:40:00,3,23823570,180681
OK,55,60,879,55,2014-08-26T16:45:00,8,23824019,180681
OK,58,57,879,58,2014-08-26T16:50:00,8,23824364,180681
OK,67,49,879,67,2014-08-26T16:55:00,6,23824813,180681
OK,66,50,879,66,2014-08-26T17:00:00,7,23825262,180681
OK,48,69,879,48,2014-08-26T17:05:00,6,23825711,180681
OK,49,67,879,49,2014-08-26T17:10:00,6,23826160,180681
OK,49,67,879,49,2014-08-26T17:15:00,4,23826495,180681
OK,44,75,879,44,2014-08-26T17:20:00,6,23826944,180681
OK,44,75,879,44,2014-08-26T17:25:00,11,23827392,180681
OK,55,60,879,55,2014-08-26T17:30:00,7,23827763,180681
OK,53,62,879,53,2014-08-26T17:35:00,9,23828212,180681
OK,61,54,879,61,2014-08-26T17:40:00,10,23828661,180681
OK,56,59,879,56,2014-08-26T17:45:00,7,23829110,180681
OK,51,64,879,51,2014-08-26T17:50:00,8,23829459,180681
OK,56,59,879,56,2014-08-26T17:55:00,8,23829908,180681
OK,44,75,879,44,2014-08-26T18:00:00,4,23830357,180681
OK,67,49,879,67,2014-08-26T18:05:00,2,23830806,180681
OK,50,66,879,50,2014-08-26T18:10:00,3,23831250,180681
OK,47,70,879,47,2014-08-26T18:15:00,5,23831699,180681
OK,80,41,879,80,2014-08-26T18:20:00,3,23832144,180681
OK,63,52,879,63,2014-08-26T18:25:00,2,23832593,180681
OK,50,66,879,50,2014-08-26T18:30:00,5,23833032,180681
OK,49,67,879,49,2014-08-26T18:35:00,6,23833481,180681
OK,40,82,879,40,2014-08-26T18:40:00,4,23833907,180681
OK,46,72,879,46,2014-08-26T18:45:00,3,23834356,180681
OK,48,69,879,48,2014-08-26T18:50:00,2,23834801,180681
OK,44,75,879,44,2014-08-26T18:55:00,5,23835249,180681
OK,44,75,879,44,2014-08-26T19:00:00,4,23835695,180681
OK,63,52,879,63,2014-08-26T19:05:00,8,23836033,180681
OK,57,58,879,57,2014-08-26T19:10:00,12,23836482,180681
OK,45,73,879,45,2014-08-26T19:15:00,5,23836926,180681
OK,43,77,879,43,2014-08-26T19:20:00,2,23837324,180681
OK,46,72,879,46,2014-08-26T19:25:00,3,23837773,180681
OK,64,51,879,64,2014-08-26T19:30:00,3,23838219,180681
OK,58,57,879,58,2014-08-26T19:35:00,6,23838668,180681
OK,55,60,879,55,2014-08-26T19:40:00,12,23839116,180681
OK,54,61,879,54,2014-08-26T19:45:00,11,23839565,180681
OK,46,72,879,46,2014-08-26T19:50:00,5,23839888,180681
OK,47,70,879,47,2014-08-26T19:55:00,2,23840337,180681
OK,44,75,879,44,2014-08-26T20:00:00,2,23840784,180681
OK,65,50,879,65,2014-08-26T20:05:00,5,23841193,180681
OK,65,50,879,65,2014-08-26T20:10:00,8,23841610,180681
OK,54,61,879,54,2014-08-26T20:15:00,8,23842059,180681
OK,54,61,879,54,2014-08-26T20:20:00,5,23842498,180681
OK,62,53,879,62,2014-08-26T20:25:00,2,23842943,180681
OK,91,36,879,91,2014-08-26T20:30:00,1,23843390,180681
OK,72,46,879,72,2014-08-26T20:35:00,2,23843839,180681
OK,51,64,879,51,2014-08-26T20:40:00,2,23844271,180681
OK,42,78,879,42,2014-08-26T20:45:00,1,23844720,180681
OK,53,62,879,53,2014-08-26T20:50:00,2,23845146,180681
OK,55,60,879,55,2014-08-26T20:55:00,2,23845588,180681
OK,42,78,879,42,2014-08-26T21:00:00,2,23846031,180681
OK,39,84,879,39,2014-08-26T21:05:00,1,23846472,180681
OK,46,72,879,46,2014-08-26T21:10:00,2,23846906,180681
OK,48,69,879,48,2014-08-26T21:15:00,2,23847284,180681
OK,43,77,879,43,2014-08-26T21:20:00,2,23847729,180681
OK,44,75,879,44,2014-08-26T21:25:00,1,23848176,180681
OK,50,66,879,50,2014-08-26T21:35:00,2,23848976,180681
OK,49,67,879,49,2014-08-26T21:40:00,3,23849425,180681
OK,65,50,879,65,2014-08-26T21:45:00,3,23849865,180681
OK,64,51,879,64,2014-08-26T21:50:00,2,23850304,180681
OK,55,60,879,55,2014-08-26T21:55:00,2,23850751,180681
OK,46,72,879,46,2014-08-26T22:05:00,0,23851429,180681
OK,46,72,879,46,2014-08-26T22:10:00,0,23851878,180681
OK,69,48,879,69,2014-08-26T22:15:00,2,23852326,180681
OK,51,64,879,51,2014-08-26T22:20:00,3,23852742,180681
OK,43,77,879,43,2014-08-26T22:25:00,1,23853191,180681
OK,43,77,879,43,2014-08-26T22:30:00,0,23853628,180681
OK,55,60,879,55,2014-08-26T22:40:00,0,23854405,180681
OK,38,87,879,38,2014-08-26T22:45:00,1,23854854,180681
OK,58,57,879,58,2014-08-26T22:50:00,2,23855279,180681
OK,78,42,879,78,2014-08-26T23:00:00,0,23856097,180681
OK,55,60,879,55,2014-08-26T23:05:00,1,23856546,180681
OK,70,47,879,70,2014-08-26T23:15:00,2,23857369,180681
OK,53,62,879,53,2014-08-26T23:20:00,2,23857818,180681
OK,51,64,879,51,2014-08-26T23:30:00,1,23858591,180681
OK,51,64,879,51,2014-08-26T23:35:00,0,23859040,180681
OK,56,59,879,56,2014-08-26T23:40:00,1,23859429,180681
OK,42,78,879,42,2014-08-26T23:45:00,2,23859878,180681
OK,29,114,879,29,2014-08-26T23:50:00,0,23860321,180681
OK,56,59,879,56,2014-08-26T23:55:00,2,23860770,180681
OK,44,75,879,44,2014-08-27T00:00:00,1,23861192,180681
OK,40,82,879,40,2014-08-27T00:20:00,1,23862065,180681
OK,80,41,879,80,2014-08-27T00:30:00,0,23862841,180681
OK,46,72,879,46,2014-08-27T00:35:00,1,23863289,180681
OK,58,57,879,58,2014-08-27T00:40:00,2,23863730,180681
OK,70,47,879,70,2014-08-27T00:45:00,0,23864179,180681
OK,70,47,879,70,2014-08-27T00:50:00,0,23864628,180681
OK,70,47,879,70,2014-08-27T00:55:00,0,23865049,180681
OK,70,47,879,70,2014-08-27T01:00:00,0,23865498,180681
OK,70,47,879,70,2014-08-27T01:05:00,0,23865930,180681
OK,70,47,879,70,2014-08-27T01:10:00,0,23866346,180681
OK,48,69,879,48,2014-08-27T01:15:00,2,23866795,180681
OK,36,92,879,36,2014-08-27T01:20:00,1,23867185,180681
OK,36,92,879,36,2014-08-27T01:30:00,0,23868004,180681
OK,36,92,879,36,2014-08-27T01:35:00,0,23868452,180681
OK,36,92,879,36,2014-08-27T01:40:00,0,23868900,180681
OK,65,50,879,65,2014-08-27T01:50:00,1,23869673,180681
OK,65,50,879,65,2014-08-27T01:55:00,0,23870122,180681
OK,65,50,879,65,2014-08-27T02:00:00,0,23870546,180681
OK,56,59,879,56,2014-08-27T02:10:00,2,23871292,180681
OK,48,69,879,48,2014-08-27T02:15:00,2,23871741,180681
OK,46,72,879,46,2014-08-27T02:20:00,0,23872173,180681
OK,46,72,879,46,2014-08-27T02:25:00,0,23872605,180681
OK,46,72,879,46,2014-08-27T02:30:00,0,23873054,180681
OK,71,46,879,71,2014-08-27T02:35:00,1,23873502,180681
OK,55,60,879,55,2014-08-27T02:40:00,2,23873836,180681
OK,39,84,879,39,2014-08-27T02:45:00,1,23874285,180681
OK,77,43,879,77,2014-08-27T02:50:00,2,23874708,180681
OK,78,42,879,78,2014-08-27T02:55:00,3,23875150,180681
OK,66,50,879,66,2014-08-27T03:00:00,3,23875591,180681
OK,51,64,879,51,2014-08-27T03:05:00,7,23876034,180681
OK,51,64,879,51,2014-08-27T03:10:00,7,23876465,180681
OK,53,62,879,53,2014-08-27T03:15:00,2,23876834,180681
OK,61,54,879,61,2014-08-27T03:20:00,3,23877282,180681
OK,60,55,879,60,2014-08-27T03:25:00,2,23877731,180681
OK,48,69,879,48,2014-08-27T03:30:00,2,23878180,180681
OK,48,69,879,48,2014-08-27T03:35:00,3,23878492,180681
OK,48,69,879,48,2014-08-27T03:40:00,1,23878940,180681
OK,52,63,879,52,2014-08-27T03:45:00,5,23879389,180681
OK,52,63,879,52,2014-08-27T03:50:00,7,23879837,180681
OK,59,56,879,59,2014-08-27T03:55:00,3,23880286,180681
OK,64,51,879,64,2014-08-27T04:00:00,4,23880734,180681
OK,63,52,879,63,2014-08-27T04:05:00,5,23881183,180681
OK,54,61,879,54,2014-08-27T04:10:00,9,23881632,180681
OK,54,61,879,54,2014-08-27T04:15:00,5,23882081,180681
OK,67,49,879,67,2014-08-27T04:20:00,3,23882441,180681
OK,64,51,879,64,2014-08-27T04:25:00,6,23882888,180681
OK,47,70,879,47,2014-08-27T04:30:00,10,23883337,180681
OK,47,70,879,47,2014-08-27T04:35:00,9,23883786,180681
OK,60,55,879,60,2014-08-27T04:40:00,13,23884152,180681
OK,66,50,879,66,2014-08-27T04:45:00,11,23884601,180681
OK,69,48,879,69,2014-08-27T04:50:00,19,23885049,180681
OK,67,49,879,67,2014-08-27T04:55:00,22,23885498,180681
OK,56,59,879,56,2014-08-27T05:00:00,17,23885947,180681
OK,55,60,879,55,2014-08-27T05:05:00,23,23886286,180681
OK,72,46,879,72,2014-08-27T05:10:00,25,23886735,180681
OK,72,46,879,72,2014-08-27T05:15:00,27,23887184,180681
OK,70,47,879,70,2014-08-27T05:20:00,26,23887633,180681
OK,73,45,879,73,2014-08-27T05:25:00,24,23888082,180681
OK,82,40,879,82,2014-08-27T05:30:00,32,23888531,180681
OK,85,38,879,85,2014-08-27T05:35:00,34,23888980,180681
OK,91,36,879,91,2014-08-27T05:40:00,29,23889428,180681
OK,91,36,879,91,2014-08-27T05:45:00,39,23889809,180681
OK,97,34,879,97,2014-08-27T05:50:00,47,23890254,180681
OK,107,30,879,107,2014-08-27T05:55:00,37,23890703,180681
OK,89,37,879,89,2014-08-27T06:00:00,18,23891118,180681
OK,90,36,879,90,2014-08-27T06:05:00,23,23891567,180681
OK,92,36,879,92,2014-08-27T06:10:00,29,23892016,180681
OK,99,33,879,99,2014-08-27T06:20:00,41,23892760,180681
OK,81,40,879,81,2014-08-27T06:25:00,41,23893209,180681
OK,76,43,879,76,2014-08-27T06:30:00,32,23893658,180681
OK,79,41,879,79,2014-08-27T06:35:00,29,23894107,180681
OK,80,41,879,80,2014-08-27T06:40:00,27,23894556,180681
OK,67,49,879,67,2014-08-27T06:45:00,27,23894957,180681
OK,75,44,879,75,2014-08-27T06:55:00,27,23895505,180681
OK,63,52,879,63,2014-08-27T07:00:00,26,23895935,180681
OK,62,53,879,62,2014-08-27T07:05:00,28,23896384,180681
OK,68,48,879,68,2014-08-27T07:10:00,19,23896833,180681
OK,62,53,879,62,2014-08-27T07:15:00,11,23897282,180681
OK,61,54,879,61,2014-08-27T07:20:00,18,23897731,180681
OK,67,49,879,67,2014-08-27T07:25:00,21,23898180,180681
OK,64,51,879,64,2014-08-27T07:30:00,19,23898629,180681
OK,57,58,879,57,2014-08-27T07:35:00,16,23899078,180681
OK,58,57,879,58,2014-08-27T07:40:00,22,23899527,180681
OK,67,49,879,67,2014-08-27T07:45:00,25,23899976,180681
OK,61,54,879,61,2014-08-27T07:50:00,17,23900425,180681
OK,60,55,879,60,2014-08-27T07:55:00,14,23900874,180681
OK,75,44,879,75,2014-08-27T08:00:00,21,23901323,180681
OK,75,44,879,75,2014-08-27T08:05:00,23,23901772,180681
OK,65,50,879,65,2014-08-27T08:10:00,7,23902221,180681
OK,60,55,879,60,2014-08-27T08:15:00,20,23902603,180681
OK,62,53,879,62,2014-08-27T08:20:00,22,23903052,180681
OK,64,51,879,64,2014-08-27T08:25:00,15,23903501,180681
OK,61,54,879,61,2014-08-27T08:30:00,19,23903950,180681
OK,66,50,879,66,2014-08-27T08:35:00,26,23904334,180681
OK,66,50,879,66,2014-08-27T08:40:00,19,23904783,180681
OK,73,45,879,73,2014-08-27T08:45:00,17,23905232,180681
OK,68,48,879,68,2014-08-27T08:50:00,18,23905559,180681
OK,64,51,879,64,2014-08-27T08:55:00,12,23906008,180681
OK,63,52,879,63,2014-08-27T09:00:00,19,23906457,180681
OK,63,52,879,63,2014-08-27T09:05:00,21,23906906,180681
OK,61,54,879,61,2014-08-27T09:10:00,30,23907355,180681
OK,66,50,879,66,2014-08-27T09:15:00,23,23907804,180681
OK,62,53,879,62,2014-08-27T09:20:00,14,23908253,180681
OK,58,57,879,58,2014-08-27T09:25:00,20,23908702,180681
OK,64,51,879,64,2014-08-27T09:30:00,16,23909151,180681
OK,67,49,879,67,2014-08-27T09:35:00,16,23909536,180681
OK,78,42,879,78,2014-08-27T09:40:00,16,23909985,180681
OK,68,48,879,68,2014-08-27T09:45:00,17,23910433,180681
OK,78,42,879,78,2014-08-27T09:50:00,30,23910860,180681
OK,79,41,879,79,2014-08-27T09:55:00,27,23911309,180681
OK,68,48,879,68,2014-08-27T10:00:00,15,23911758,180681
OK,67,49,879,67,2014-08-27T10:05:00,15,23912207,180681
OK,67,49,879,67,2014-08-27T10:10:00,19,23912656,180681
OK,75,44,879,75,2014-08-27T10:15:00,25,23913105,180681
OK,76,43,879,76,2014-08-27T10:20:00,25,23913554,180681
OK,76,43,879,76,2014-08-27T10:25:00,17,23914003,180681
OK,77,43,879,77,2014-08-27T10:30:00,15,23914369,180681
OK,77,43,879,77,2014-08-27T10:35:00,19,23914818,180681
OK,69,48,879,69,2014-08-27T10:40:00,19,23915267,180681
OK,63,52,879,63,2014-08-27T10:45:00,24,23915713,180681
OK,65,50,879,65,2014-08-27T10:50:00,21,23916162,180681
OK,51,64,879,51,2014-08-27T10:55:00,17,23916611,180681
OK,50,66,879,50,2014-08-27T11:00:00,16,23917059,180681
OK,63,52,879,63,2014-08-27T11:05:00,15,23917426,180681
OK,70,47,879,70,2014-08-27T11:10:00,15,23917875,180681
OK,73,45,879,73,2014-08-27T11:15:00,21,23918324,180681
OK,73,45,879,73,2014-08-27T11:20:00,22,23918646,180681
OK,64,51,879,64,2014-08-27T11:25:00,20,23919095,180681
OK,57,58,879,57,2014-08-27T11:30:00,30,23919544,180681
OK,66,50,879,66,2014-08-27T11:35:00,30,23919992,180681
OK,60,55,879,60,2014-08-27T11:40:00,29,23920441,180681
OK,62,53,879,62,2014-08-27T11:45:00,35,23920793,180681
OK,72,46,879,72,2014-08-27T11:50:00,26,23921242,180681
OK,65,50,879,65,2014-08-27T11:55:00,21,23921691,180681
OK,70,47,879,70,2014-08-27T12:00:00,22,23922066,180681
OK,71,46,879,71,2014-08-27T12:05:00,18,23922515,180681
OK,63,52,879,63,2014-08-27T12:10:00,26,23922964,180681
OK,70,47,879,70,2014-08-27T12:15:00,30,23923343,180681
OK,78,42,879,78,2014-08-27T12:20:00,40,23923792,180681
OK,82,40,879,82,2014-08-27T12:25:00,42,23924238,180681
OK,72,46,879,72,2014-08-27T12:30:00,40,23924687,180681
OK,66,50,879,66,2014-08-27T12:35:00,46,23925135,180681
OK,72,46,879,72,2014-08-27T12:40:00,46,23925582,180681
OK,77,43,879,77,2014-08-27T12:50:00,37,23926031,180681
OK,72,46,879,72,2014-08-27T12:55:00,23,23926480,180681
OK,74,44,879,74,2014-08-27T13:00:00,16,23926929,180681
OK,72,46,879,72,2014-08-27T13:05:00,18,23927377,180681
OK,76,43,879,76,2014-08-27T13:10:00,29,23927717,180681
OK,84,39,879,84,2014-08-27T13:15:00,29,23928166,180681
OK,76,43,879,76,2014-08-27T13:20:00,26,23928612,180681
OK,71,46,879,71,2014-08-27T13:25:00,32,23929061,180681
OK,75,44,879,75,2014-08-27T13:30:00,28,23929394,180681
OK,83,39,879,83,2014-08-27T13:35:00,23,23929843,180681
OK,87,38,879,87,2014-08-27T13:40:00,29,23930290,180681
OK,87,38,879,87,2014-08-27T13:45:00,28,23930635,180681
OK,74,44,879,74,2014-08-27T13:50:00,23,23931084,180681
OK,73,45,879,73,2014-08-27T13:55:00,22,23931533,180681
OK,86,38,879,86,2014-08-27T14:00:00,22,23931975,180681
OK,93,35,879,93,2014-08-27T14:05:00,26,23932424,180681
OK,92,36,879,92,2014-08-27T14:10:00,23,23932760,180681
OK,105,31,879,105,2014-08-27T14:15:00,26,23933209,180681
OK,102,32,879,102,2014-08-27T14:20:00,35,23933651,180681
OK,89,37,879,89,2014-08-27T14:25:00,33,23934100,180681
OK,85,38,879,85,2014-08-27T14:30:00,17,23934534,180681
OK,81,40,879,81,2014-08-27T14:35:00,18,23934983,180681
OK,79,41,879,79,2014-08-27T14:40:00,28,23935432,180681
OK,86,38,879,86,2014-08-27T14:45:00,34,23935753,180681
OK,90,36,879,90,2014-08-27T14:50:00,28,23936202,180681
OK,80,41,879,80,2014-08-27T14:55:00,28,23936651,180681
OK,70,47,879,70,2014-08-27T15:00:00,25,23937029,180681
OK,58,57,879,58,2014-08-27T15:05:00,20,23937478,180681
OK,56,59,879,56,2014-08-27T15:10:00,14,23937907,180681
OK,63,52,879,63,2014-08-27T15:15:00,16,23938356,180681
OK,69,48,879,69,2014-08-27T15:20:00,34,23938800,180681
OK,71,46,879,71,2014-08-27T15:25:00,30,23939151,180681
OK,62,53,879,62,2014-08-27T15:30:00,14,23939600,180681
OK,60,55,879,60,2014-08-27T15:35:00,18,23940049,180681
OK,59,56,879,59,2014-08-27T15:40:00,17,23940376,180681
OK,67,49,879,67,2014-08-27T15:45:00,11,23940825,180681
OK,46,72,879,46,2014-08-27T15:50:00,11,23941274,180681
OK,56,59,879,56,2014-08-27T15:55:00,12,23941723,180681
OK,67,49,879,67,2014-08-27T16:00:00,12,23942172,180681
OK,67,49,879,67,2014-08-27T16:05:00,8,23942621,180681
OK,56,59,879,56,2014-08-27T16:10:00,13,23943070,180681
OK,56,59,879,56,2014-08-27T16:15:00,11,23943371,180681
OK,69,48,879,69,2014-08-27T16:20:00,15,23943820,180681
OK,69,48,879,69,2014-08-27T16:25:00,17,23944268,180681
OK,62,53,879,62,2014-08-27T16:30:00,8,23944717,180681
OK,59,56,879,59,2014-08-27T16:35:00,12,23945166,180681
OK,59,56,879,59,2014-08-27T16:40:00,14,23945615,180681
OK,55,60,879,55,2014-08-27T16:45:00,10,23946064,180681
OK,48,69,879,48,2014-08-27T16:50:00,8,23946513,180681
OK,59,56,879,59,2014-08-27T16:55:00,6,23946962,180681
OK,51,64,879,51,2014-08-27T17:00:00,4,23947410,180681
OK,58,57,879,58,2014-08-27T17:05:00,6,23947859,180681
OK,62,53,879,62,2014-08-27T17:10:00,10,23948296,180681
OK,51,64,879,51,2014-08-27T17:15:00,8,23948618,180681
OK,45,73,879,45,2014-08-27T17:20:00,5,23949067,180681
OK,45,73,879,45,2014-08-27T17:25:00,2,23949516,180681
OK,47,70,879,47,2014-08-27T17:30:00,3,23949963,180681
OK,47,70,879,47,2014-08-27T17:35:00,5,23950412,180681
OK,47,70,879,47,2014-08-27T17:40:00,4,23950861,180681
OK,50,66,879,50,2014-08-27T17:45:00,6,23951310,180681
OK,51,64,879,51,2014-08-27T17:50:00,7,23951759,180681
OK,63,52,879,63,2014-08-27T17:55:00,4,23952207,180681
OK,49,67,879,49,2014-08-27T18:00:00,3,23952656,180681
OK,71,46,879,71,2014-08-27T18:05:00,4,23953098,180681
OK,57,58,879,57,2014-08-27T18:10:00,7,23953547,180681
OK,58,57,879,58,2014-08-27T18:15:00,8,23953984,180681
OK,73,45,879,73,2014-08-27T18:20:00,6,23954426,180681
OK,64,51,879,64,2014-08-27T18:25:00,6,23954874,180681
OK,47,70,879,47,2014-08-27T18:30:00,7,23955317,180681
OK,47,70,879,47,2014-08-27T18:35:00,8,23955757,180681
OK,61,54,879,61,2014-08-27T18:40:00,4,23956199,180681
OK,77,43,879,77,2014-08-27T18:45:00,3,23956532,180681
OK,62,53,879,62,2014-08-27T18:50:00,1,23956981,180681
OK,58,57,879,58,2014-08-27T18:55:00,6,23957430,180681
OK,58,57,879,58,2014-08-27T19:00:00,5,23957868,180681
OK,45,73,879,45,2014-08-27T19:05:00,2,23958317,180681
OK,54,61,879,54,2014-08-27T19:10:00,8,23958645,180681
OK,59,56,879,59,2014-08-27T19:15:00,6,23959094,180681
OK,74,44,879,74,2014-08-27T19:20:00,2,23959515,180681
OK,62,53,879,62,2014-08-27T19:25:00,4,23959964,180681
OK,59,56,879,59,2014-08-27T19:30:00,5,23960405,180681
OK,61,54,879,61,2014-08-27T19:40:00,5,23960853,180681
OK,49,67,879,49,2014-08-27T19:50:00,3,23961302,180681
OK,44,75,879,44,2014-08-27T19:55:00,10,23961751,180681
OK,45,73,879,45,2014-08-27T20:00:00,11,23962191,180681
OK,53,62,879,53,2014-08-27T20:05:00,6,23962593,180681
OK,57,58,879,57,2014-08-27T20:10:00,6,23962977,180681
OK,71,46,879,71,2014-08-27T20:15:00,6,23963426,180681
OK,91,36,879,91,2014-08-27T20:20:00,3,23963846,180681
OK,70,47,879,70,2014-08-27T20:25:00,2,23964295,180681
OK,47,70,879,47,2014-08-27T20:30:00,3,23964736,180681
OK,66,50,879,66,2014-08-27T20:35:00,2,23965184,180681
OK,41,80,879,41,2014-08-27T20:40:00,0,23965599,180681
OK,41,80,879,41,2014-08-27T20:45:00,0,23966048,180681
OK,41,80,879,41,2014-08-27T20:50:00,0,23966483,180681
OK,42,78,879,42,2014-08-27T20:55:00,2,23966932,180681
OK,35,94,879,35,2014-08-27T21:00:00,0,23967340,180681
OK,52,63,879,52,2014-08-27T21:05:00,0,23967707,180681
OK,69,48,879,69,2014-08-27T21:10:00,1,23968156,180681
OK,69,48,879,69,2014-08-27T21:15:00,1,23968599,180681
OK,66,50,879,66,2014-08-27T21:25:00,3,23969366,180681
OK,51,64,879,51,2014-08-27T21:30:00,4,23969815,180681
OK,46,72,879,46,2014-08-27T21:35:00,2,23970262,180681
OK,52,63,879,52,2014-08-27T21:40:00,2,23970711,180681
OK,70,47,879,70,2014-08-27T21:50:00,0,23971424,180681
OK,37,89,879,37,2014-08-27T21:55:00,1,23971873,180681
OK,37,89,879,37,2014-08-27T22:00:00,0,23972299,180681
OK,37,89,879,37,2014-08-27T22:05:00,0,23972748,180681
OK,37,89,879,37,2014-08-27T22:10:00,0,23973197,180681
OK,37,89,879,37,2014-08-27T22:15:00,0,23973574,180681
OK,37,89,879,37,2014-08-27T22:20:00,0,23974023,180681
OK,37,89,879,37,2014-08-27T22:25:00,0,23974464,180681
OK,37,89,879,37,2014-08-27T22:30:00,0,23974809,180681
OK,37,89,879,37,2014-08-27T22:35:00,0,23975448,180681
OK,37,89,879,37,2014-08-27T22:45:00,0,23975896,180681
OK,37,89,879,37,2014-08-27T22:50:00,0,23976345,180681
OK,69,48,879,69,2014-08-27T23:00:00,2,23976987,180681
OK,68,48,879,68,2014-08-27T23:10:00,0,23977850,180681
OK,72,46,879,72,2014-08-27T23:15:00,1,23978505,180681
OK,72,46,879,72,2014-08-27T23:25:00,0,23978954,180681
OK,46,72,879,46,2014-08-27T23:30:00,2,23979365,180681
OK,54,61,879,54,2014-08-27T23:35:00,1,23979804,180681
OK,54,61,879,54,2014-08-27T23:40:00,0,23980253,180681
OK,54,61,879,54,2014-08-27T23:45:00,0,23980669,180681
OK,54,61,879,54,2014-08-27T23:50:00,0,23981118,180681
OK,54,61,879,54,2014-08-27T23:55:00,0,23981564,180681
OK,54,61,879,54,2014-08-28T00:00:00,0,23981965,180681
OK,56,59,879,56,2014-08-28T00:25:00,0,23982891,180681
OK,35,94,879,35,2014-08-28T00:30:00,1,23983340,180681
OK,35,94,879,35,2014-08-28T00:35:00,0,23983789,180681
OK,35,94,879,35,2014-08-28T00:40:00,0,23984238,180681
OK,35,94,879,35,2014-08-28T00:45:00,0,23984670,180681
OK,35,94,879,35,2014-08-28T00:50:00,0,23985115,180681
OK,42,78,879,42,2014-08-28T00:55:00,0,23985564,180681
OK,80,41,879,80,2014-08-28T01:00:00,1,23985917,180681
OK,80,41,879,80,2014-08-28T01:05:00,0,23986295,180681
OK,80,41,879,80,2014-08-28T01:10:00,0,23986744,180681
OK,80,41,879,80,2014-08-28T01:20:00,0,23987511,180681
OK,37,89,879,37,2014-08-28T01:25:00,0,23987960,180681
OK,48,69,879,48,2014-08-28T01:35:00,1,23988396,180681
OK,62,53,879,62,2014-08-28T01:40:00,1,23988844,180681
OK,68,48,879,68,2014-08-28T01:45:00,1,23989259,180681
OK,68,48,879,68,2014-08-28T01:50:00,0,23989674,180681
OK,68,48,879,68,2014-08-28T01:55:00,0,23990122,180681
OK,68,48,879,68,2014-08-28T02:00:00,0,23990546,180681
OK,49,67,879,49,2014-08-28T02:05:00,0,23990995,180681
OK,49,67,879,49,2014-08-28T02:10:00,0,23991420,180681
OK,69,48,879,69,2014-08-28T02:15:00,1,23991861,180681
OK,44,75,879,44,2014-08-28T02:20:00,1,23992310,180681
OK,54,61,879,54,2014-08-28T02:30:00,1,23993110,180681
OK,54,61,879,54,2014-08-28T02:35:00,1,23993558,180681
OK,43,77,879,43,2014-08-28T02:40:00,1,23993979,180681
OK,68,48,879,68,2014-08-28T02:45:00,2,23994428,180681
OK,73,45,879,73,2014-08-28T02:50:00,2,23994859,180681
OK,65,50,879,65,2014-08-28T02:55:00,2,23995308,180681
OK,52,63,879,52,2014-08-28T03:00:00,2,23995753,180681
OK,57,58,879,57,2014-08-28T03:05:00,3,23996202,180681
OK,63,52,879,63,2014-08-28T03:10:00,2,23996648,180681
OK,65,50,879,65,2014-08-28T03:15:00,1,23996999,180681
OK,65,50,879,65,2014-08-28T03:20:00,1,23997448,180681
OK,65,50,879,65,2014-08-28T03:25:00,0,23997897,180681
OK,65,50,879,65,2014-08-28T03:30:00,0,23998332,180681
OK,65,50,879,65,2014-08-28T03:35:00,0,23998780,180681
OK,68,48,879,68,2014-08-28T03:40:00,2,23999204,180681
OK,69,48,879,69,2014-08-28T03:45:00,3,23999652,180681
OK,74,44,879,74,2014-08-28T03:50:00,0,24000012,180681
OK,74,44,879,74,2014-08-28T03:55:00,0,24000461,180681
OK,60,55,879,60,2014-08-28T04:00:00,1,24000889,180681
OK,50,66,879,50,2014-08-28T04:05:00,3,24001335,180681
OK,43,77,879,43,2014-08-28T04:10:00,1,24001784,180681
OK,46,72,879,46,2014-08-28T04:15:00,6,24002233,180681
OK,46,72,879,46,2014-08-28T04:20:00,8,24002675,180681
OK,51,64,879,51,2014-08-28T04:25:00,3,24003124,180681
OK,50,66,879,50,2014-08-28T04:30:00,5,24003561,180681
OK,62,53,879,62,2014-08-28T04:35:00,7,24004010,180681
OK,77,43,879,77,2014-08-28T04:40:00,18,24004458,180681
OK,73,45,879,73,2014-08-28T04:45:00,18,24004907,180681
OK,62,53,879,62,2014-08-28T04:50:00,18,24005348,180681
OK,69,48,879,69,2014-08-28T04:55:00,29,24005797,180681
OK,67,49,879,67,2014-08-28T05:00:00,28,24006246,180681
OK,67,49,879,67,2014-08-28T05:05:00,24,24006695,180681
OK,70,47,879,70,2014-08-28T05:10:00,30,24007144,180681
OK,72,46,879,72,2014-08-28T05:15:00,32,24007592,180681
OK,80,41,879,80,2014-08-28T05:20:00,30,24008035,180681
OK,81,40,879,81,2014-08-28T05:25:00,29,24008361,180681
OK,80,41,879,80,2014-08-28T05:30:00,29,24008810,180681
OK,77,43,879,77,2014-08-28T05:35:00,31,24009259,180681
OK,72,46,879,72,2014-08-28T05:40:00,28,24009708,180681
OK,101,32,879,101,2014-08-28T05:45:00,29,24010157,180681
OK,114,29,879,114,2014-08-28T05:50:00,29,24010479,180681
OK,112,29,879,112,2014-08-28T05:55:00,19,24010928,180681
OK,81,40,879,81,2014-08-28T06:00:00,25,24011368,180681
OK,100,33,879,100,2014-08-28T06:05:00,25,24011720,180681
OK,71,46,879,71,2014-08-28T06:10:00,28,24012169,180681
OK,73,45,879,73,2014-08-28T06:15:00,39,24012618,180681
OK,75,44,879,75,2014-08-28T06:20:00,33,24013060,180681
OK,57,58,879,57,2014-08-28T06:25:00,18,24013509,180681
OK,77,43,879,77,2014-08-28T06:30:00,24,24013958,180681
OK,79,41,879,79,2014-08-28T06:35:00,22,24014407,180681
OK,74,44,879,74,2014-08-28T06:40:00,23,24014736,180681
OK,74,44,879,74,2014-08-28T06:45:00,30,24015185,180681
OK,90,36,879,90,2014-08-28T06:50:00,28,24015634,180681
OK,76,43,879,76,2014-08-28T06:55:00,32,24016083,180681
OK,58,57,879,58,2014-08-28T07:00:00,21,24016532,180681
OK,55,60,879,55,2014-08-28T07:10:00,28,24016900,180681
OK,55,60,879,55,2014-08-28T07:15:00,25,24017349,180681
OK,67,49,879,67,2014-08-28T07:20:00,17,24017714,180681
OK,53,62,879,53,2014-08-28T07:25:00,20,24018163,180681
OK,59,56,879,59,2014-08-28T07:30:00,24,24018612,180681
OK,78,42,879,78,2014-08-28T07:35:00,19,24019061,180681
OK,56,59,879,56,2014-08-28T07:40:00,22,24019510,180681
OK,58,57,879,58,2014-08-28T07:45:00,23,24019959,180681
OK,72,46,879,72,2014-08-28T07:50:00,21,24020408,180681
OK,76,43,879,76,2014-08-28T07:55:00,20,24020857,180681
OK,82,40,879,82,2014-08-28T08:00:00,19,24021306,180681
OK,66,50,879,66,2014-08-28T08:05:00,20,24021754,180681
OK,62,53,879,62,2014-08-28T08:10:00,20,24022202,180681
OK,58,57,879,58,2014-08-28T08:15:00,23,24022570,180681
OK,58,57,879,58,2014-08-28T08:20:00,17,24023019,180681
OK,64,51,879,64,2014-08-28T08:25:00,12,24023468,180681
OK,74,44,879,74,2014-08-28T08:30:00,11,24023917,180681
OK,50,66,879,50,2014-08-28T08:40:00,13,24024366,180681
OK,76,43,879,76,2014-08-28T08:45:00,25,24024815,180681
OK,78,42,879,78,2014-08-28T08:50:00,21,24025163,180681
OK,71,46,879,71,2014-08-28T08:55:00,20,24025612,180681
OK,78,42,879,78,2014-08-28T09:00:00,16,24026061,180681
OK,59,56,879,59,2014-08-28T09:05:00,16,24026380,180681
OK,59,56,879,59,2014-08-28T09:10:00,20,24026829,180681
OK,66,50,879,66,2014-08-28T09:15:00,19,24027278,180681
OK,63,52,879,63,2014-08-28T09:20:00,20,24027727,180681
OK,69,48,879,69,2014-08-28T09:25:00,23,24028176,180681
OK,81,40,879,81,2014-08-28T09:30:00,21,24028625,180681
OK,75,44,879,75,2014-08-28T09:40:00,23,24029074,180681
OK,70,47,879,70,2014-08-28T09:45:00,27,24029523,180681
OK,66,50,879,66,2014-08-28T09:50:00,25,24029972,180681
OK,64,51,879,64,2014-08-28T09:55:00,22,24030421,180681
OK,63,52,879,63,2014-08-28T10:00:00,25,24030870,180681
OK,56,59,879,56,2014-08-28T10:05:00,19,24031319,180681
OK,66,50,879,66,2014-08-28T10:10:00,28,24031768,180681
OK,65,50,879,65,2014-08-28T10:15:00,27,24032083,180681
OK,54,61,879,54,2014-08-28T10:20:00,17,24032532,180681
OK,61,54,879,61,2014-08-28T10:25:00,19,24032981,180681
OK,61,54,879,61,2014-08-28T10:30:00,22,24033429,180681
OK,63,52,879,63,2014-08-28T10:35:00,24,24033878,180681
OK,65,50,879,65,2014-08-28T10:40:00,21,24034221,180681
OK,62,53,879,62,2014-08-28T10:45:00,25,24034670,180681
OK,70,47,879,70,2014-08-28T10:50:00,27,24035119,180681
OK,64,51,879,64,2014-08-28T10:55:00,30,24035479,180681
OK,75,44,879,75,2014-08-28T11:00:00,27,24035928,180681
OK,64,51,879,64,2014-08-28T11:10:00,22,24036354,180681
OK,71,46,879,71,2014-08-28T11:15:00,18,24036803,180681
OK,53,62,879,53,2014-08-28T11:20:00,27,24037252,180681
OK,54,61,879,54,2014-08-28T11:25:00,30,24037701,180681
OK,85,38,879,85,2014-08-28T11:35:00,12,24038332,180681
OK,54,61,879,54,2014-08-28T11:40:00,19,24038781,180681
OK,57,58,879,57,2014-08-28T11:45:00,25,24039230,180681
OK,82,40,879,82,2014-08-28T11:50:00,21,24039555,180681
OK,80,41,879,80,2014-08-28T11:55:00,26,24040004,180681
OK,68,48,879,68,2014-08-28T12:00:00,29,24040453,180681
OK,59,56,879,59,2014-08-28T12:05:00,33,24040902,180681
OK,59,56,879,59,2014-08-28T12:10:00,31,24041238,180681
OK,62,53,879,62,2014-08-28T12:15:00,21,24041687,180681
OK,71,46,879,71,2014-08-28T12:20:00,19,24042136,180681
OK,74,44,879,74,2014-08-28T12:25:00,20,24042470,180681
OK,74,44,879,74,2014-08-28T12:30:00,23,24042919,180681
OK,70,47,879,70,2014-08-28T12:35:00,22,24043298,180681
OK,68,48,879,68,2014-08-28T12:40:00,28,24043747,180681
OK,80,41,879,80,2014-08-28T12:45:00,35,24044196,180681
OK,86,38,879,86,2014-08-28T12:50:00,26,24044644,180681
OK,69,48,879,69,2014-08-28T12:55:00,19,24045093,180681
OK,70,47,879,70,2014-08-28T13:00:00,23,24045535,180681
OK,78,42,879,78,2014-08-28T13:05:00,19,24045884,180681
OK,68,48,879,68,2014-08-28T13:10:00,22,24046333,180681
OK,80,41,879,80,2014-08-28T13:15:00,30,24046782,180681
OK,75,44,879,75,2014-08-28T13:20:00,32,24047228,180681
OK,73,45,879,73,2014-08-28T13:25:00,34,24047677,180681
OK,73,45,879,73,2014-08-28T13:30:00,44,24048113,180681
OK,69,48,879,69,2014-08-28T13:35:00,38,24048562,180681
OK,68,48,879,68,2014-08-28T13:40:00,25,24048991,180681
OK,85,38,879,85,2014-08-28T13:45:00,27,24049440,180681
OK,84,39,879,84,2014-08-28T13:50:00,28,24049884,180681
OK,72,46,879,72,2014-08-28T13:55:00,23,24050331,180681
OK,70,47,879,70,2014-08-28T14:00:00,29,24050780,180681
OK,70,47,879,70,2014-08-28T14:05:00,25,24051223,180681
OK,95,34,879,95,2014-08-28T14:10:00,27,24051671,180681
OK,83,39,879,83,2014-08-28T14:15:00,30,24052120,180681
OK,63,52,879,63,2014-08-28T14:20:00,27,24052545,180681
OK,69,48,879,69,2014-08-28T14:25:00,30,24052994,180681
OK,73,45,879,73,2014-08-28T14:30:00,25,24053436,180681
OK,75,44,879,75,2014-08-28T14:35:00,24,24053885,180681
OK,81,40,879,81,2014-08-28T14:40:00,24,24054331,180681
OK,82,40,879,82,2014-08-28T14:45:00,24,24054780,180681
OK,64,51,879,64,2014-08-28T14:50:00,20,24055117,180681
OK,72,46,879,72,2014-08-28T14:55:00,16,24055566,180681
OK,51,64,879,51,2014-08-28T15:00:00,19,24055995,180681
OK,51,64,879,51,2014-08-28T15:05:00,22,24056444,180681
OK,52,63,879,52,2014-08-28T15:10:00,17,24056887,180681
OK,67,49,879,67,2014-08-28T15:15:00,16,24057336,180681
OK,76,43,879,76,2014-08-28T15:20:00,22,24057750,180681
OK,74,44,879,74,2014-08-28T15:25:00,24,24058199,180681
OK,66,50,879,66,2014-08-28T15:30:00,20,24058645,180681
OK,69,48,879,69,2014-08-28T15:35:00,17,24058968,180681
OK,78,42,879,78,2014-08-28T15:40:00,15,24059417,180681
OK,68,48,879,68,2014-08-28T15:45:00,20,24059856,180681
OK,68,48,879,68,2014-08-28T15:50:00,19,24060301,180681
OK,68,48,879,68,2014-08-28T15:55:00,16,24060741,180681
OK,68,48,879,68,2014-08-28T16:00:00,10,24061184,180681
OK,68,48,879,68,2014-08-28T16:05:00,11,24061633,180681
OK,57,58,879,57,2014-08-28T16:10:00,12,24061957,180681
OK,50,66,879,50,2014-08-28T16:15:00,12,24062406,180681
OK,49,67,879,49,2014-08-28T16:20:00,12,24062851,180681
OK,60,55,879,60,2014-08-28T16:25:00,14,24063288,180681
OK,67,49,879,67,2014-08-28T16:30:00,10,24063705,180681
OK,56,59,879,56,2014-08-28T16:35:00,9,24064154,180681
OK,64,51,879,64,2014-08-28T16:40:00,7,24064590,180681
OK,57,58,879,57,2014-08-28T16:45:00,8,24065035,180681
OK,62,53,879,62,2014-08-28T16:50:00,9,24065483,180681
OK,77,43,879,77,2014-08-28T16:55:00,1,24065829,180681
OK,67,49,879,67,2014-08-28T17:00:00,9,24066278,180681
OK,67,49,879,67,2014-08-28T17:05:00,11,24066727,180681
OK,54,61,879,54,2014-08-28T17:10:00,6,24067170,180681
OK,59,56,879,59,2014-08-28T17:15:00,5,24067619,180681
OK,70,47,879,70,2014-08-28T17:20:00,5,24068040,180681
OK,62,53,879,62,2014-08-28T17:25:00,8,24068488,180681
OK,73,45,879,73,2014-08-28T17:30:00,8,24068917,180681
OK,56,59,879,56,2014-08-28T17:35:00,2,24069366,180681
OK,75,44,879,75,2014-08-28T17:40:00,3,24069814,180681
OK,44,75,879,44,2014-08-28T17:45:00,6,24070247,180681
OK,65,50,879,65,2014-08-28T17:50:00,6,24070694,180681
OK,70,47,879,70,2014-08-28T17:55:00,4,24071142,180681
OK,52,63,879,52,2014-08-28T18:00:00,8,24071577,180681
OK,60,55,879,60,2014-08-28T18:05:00,9,24072025,180681
OK,48,69,879,48,2014-08-28T18:10:00,2,24072361,180681
OK,51,64,879,51,2014-08-28T18:15:00,2,24072810,180681
OK,47,70,879,47,2014-08-28T18:20:00,4,24073250,180681
OK,55,60,879,55,2014-08-28T18:25:00,5,24073693,180681
OK,63,52,879,63,2014-08-28T18:30:00,4,24074140,180681
OK,65,50,879,65,2014-08-28T18:35:00,3,24074587,180681
OK,61,54,879,61,2014-08-28T18:40:00,0,24074941,180681
OK,56,59,879,56,2014-08-28T18:45:00,6,24075390,180681
OK,51,64,879,51,2014-08-28T18:50:00,8,24075839,180681
OK,47,70,879,47,2014-08-28T19:00:00,9,24076559,180681
OK,48,69,879,48,2014-08-28T19:05:00,8,24077008,180681
OK,53,62,879,53,2014-08-28T19:10:00,10,24077457,180681
OK,53,62,879,53,2014-08-28T19:15:00,10,24077872,180681
OK,52,63,879,52,2014-08-28T19:20:00,16,24078311,180681
OK,52,63,879,52,2014-08-28T19:25:00,17,24078760,180681
OK,57,58,879,57,2014-08-28T19:30:00,7,24079186,180681
OK,59,56,879,59,2014-08-28T19:35:00,4,24079635,180681
OK,55,60,879,55,2014-08-28T19:40:00,5,24080078,180681
OK,64,51,879,64,2014-08-28T19:45:00,10,24080526,180681
OK,64,51,879,64,2014-08-28T19:50:00,8,24080927,180681
OK,57,58,879,57,2014-08-28T19:55:00,3,24081376,180681
OK,55,60,879,55,2014-08-28T20:00:00,6,24081814,180681
OK,80,41,879,80,2014-08-28T20:10:00,3,24082544,180681
OK,61,54,879,61,2014-08-28T20:15:00,4,24082993,180681
OK,43,77,879,43,2014-08-28T20:20:00,5,24083441,180681
OK,42,78,879,42,2014-08-28T20:25:00,7,24083888,180681
OK,42,78,879,42,2014-08-28T20:30:00,3,24084282,180681
OK,67,49,879,67,2014-08-28T20:35:00,2,24084731,180681
OK,95,34,879,95,2014-08-28T20:40:00,3,24085167,180681
OK,144,23,879,144,2014-08-28T20:45:00,1,24085610,180681
OK,43,77,879,43,2014-08-28T20:50:00,1,24086050,180681
OK,41,80,879,41,2014-08-28T20:55:00,1,24086409,180681
OK,45,73,879,45,2014-08-28T21:00:00,5,24086858,180681
OK,39,84,879,39,2014-08-28T21:05:00,3,24087307,180681
OK,70,47,879,70,2014-08-28T21:10:00,3,24087745,180681
OK,70,47,879,70,2014-08-28T21:15:00,3,24088190,180681
OK,64,51,879,64,2014-08-28T21:20:00,0,24088630,180681
OK,62,53,879,62,2014-08-28T21:25:00,2,24089079,180681
OK,60,55,879,60,2014-08-28T21:35:00,3,24089833,180681
OK,73,45,879,73,2014-08-28T21:40:00,1,24090282,180681
OK,45,73,879,45,2014-08-28T21:45:00,2,24090730,180681
OK,47,70,879,47,2014-08-28T21:50:00,3,24091150,180681
OK,40,82,879,40,2014-08-28T21:55:00,2,24091599,180681
OK,40,82,879,40,2014-08-28T22:00:00,0,24092024,180681
OK,40,82,879,40,2014-08-28T22:05:00,1,24092456,180681
OK,75,44,879,75,2014-08-28T22:10:00,5,24092905,180681
OK,49,67,879,49,2014-08-28T22:15:00,1,24093351,180681
OK,49,67,879,49,2014-08-28T22:20:00,0,24093661,180681
OK,42,78,879,42,2014-08-28T22:25:00,1,24094110,180681
OK,51,64,879,51,2014-08-28T22:30:00,5,24094546,180681
OK,52,63,879,52,2014-08-28T22:35:00,4,24094950,180681
OK,78,42,879,78,2014-08-28T22:40:00,1,24095394,180681
OK,60,55,879,60,2014-08-28T22:50:00,1,24096150,180681
OK,43,77,879,43,2014-08-28T22:55:00,1,24096599,180681
OK,43,77,879,43,2014-08-28T23:00:00,0,24097017,180681
OK,43,77,879,43,2014-08-28T23:05:00,0,24097466,180681
OK,43,77,879,43,2014-08-28T23:10:00,0,24097896,180681
OK,43,77,879,43,2014-08-28T23:15:00,0,24098343,180681
OK,49,67,879,49,2014-08-28T23:20:00,1,24098790,180681
OK,49,67,879,49,2014-08-28T23:25:00,0,24099237,180681
OK,55,60,879,55,2014-08-28T23:30:00,1,24099686,180681
OK,33,100,879,33,2014-08-28T23:35:00,1,24100084,180681
OK,79,41,879,79,2014-08-28T23:40:00,1,24100533,180681
OK,79,41,879,79,2014-08-28T23:45:00,1,24100982,180681
OK,79,41,879,79,2014-08-28T23:50:00,0,24101422,180681
OK,79,41,879,79,2014-08-28T23:55:00,0,24101869,180681
OK,79,41,879,79,2014-08-29T00:05:00,0,24102684,180681
OK,79,41,879,79,2014-08-29T00:20:00,0,24103570,180681
OK,79,41,879,79,2014-08-29T00:25:00,0,24103889,180681
OK,79,41,879,79,2014-08-29T00:30:00,0,24104326,180681
OK,31,106,879,31,2014-08-29T00:35:00,1,24104775,180681
OK,71,46,879,71,2014-08-29T00:40:00,2,24105212,180681
OK,56,59,879,56,2014-08-29T00:45:00,1,24105661,180681
OK,56,59,879,56,2014-08-29T00:50:00,1,24106109,180681
OK,56,59,879,56,2014-08-29T00:55:00,0,24106463,180681
OK,56,59,879,56,2014-08-29T01:00:00,0,24106912,180681
OK,41,80,879,41,2014-08-29T01:05:00,1,24107333,180681
OK,49,67,879,49,2014-08-29T01:15:00,0,24108112,180681
OK,49,67,879,49,2014-08-29T01:20:00,0,24108561,180681
OK,47,70,879,47,2014-08-29T01:25:00,1,24109005,180681
OK,48,69,879,48,2014-08-29T01:30:00,2,24109454,180681
OK,59,56,879,59,2014-08-29T01:40:00,2,24110222,180681
OK,59,56,879,59,2014-08-29T01:45:00,2,24110671,180681
OK,80,41,879,80,2014-08-29T01:50:00,0,24111115,180681
OK,47,70,879,47,2014-08-29T01:55:00,1,24111558,180681
OK,33,100,879,33,2014-08-29T02:00:00,1,24111998,180681
OK,60,55,879,60,2014-08-29T02:05:00,2,24112447,180681
OK,87,38,879,87,2014-08-29T02:10:00,0,24112879,180681
OK,87,38,879,87,2014-08-29T02:20:00,0,24113626,180681
OK,87,38,879,87,2014-08-29T02:25:00,0,24114075,180681
OK,33,100,879,33,2014-08-29T02:30:00,1,24114480,180681
OK,63,52,879,63,2014-08-29T02:40:00,1,24115247,180681
OK,63,52,879,63,2014-08-29T02:45:00,2,24115696,180681
OK,71,46,879,71,2014-08-29T02:50:00,2,24116127,180681
OK,50,66,879,50,2014-08-29T02:55:00,2,24116576,180681
OK,54,61,879,54,2014-08-29T03:00:00,1,24116996,180681
OK,30,110,879,30,2014-08-29T03:05:00,1,24117353,180681
OK,30,110,879,30,2014-08-29T03:10:00,1,24117802,180681
OK,47,70,879,47,2014-08-29T03:15:00,3,24118251,180681
OK,53,62,879,53,2014-08-29T03:20:00,1,24118699,180681
OK,53,62,879,53,2014-08-29T03:25:00,0,24119140,180681
OK,65,50,879,65,2014-08-29T03:30:00,2,24119586,180681
OK,65,50,879,65,2014-08-29T03:35:00,2,24120035,180681
OK,63,52,879,63,2014-08-29T03:40:00,3,24120465,180681
OK,60,55,879,60,2014-08-29T03:45:00,6,24120914,180681
OK,80,41,879,80,2014-08-29T03:50:00,4,24121362,180681
OK,93,35,879,93,2014-08-29T03:55:00,1,24121675,180681
OK,61,54,879,61,2014-08-29T04:00:00,2,24122124,180681
OK,58,57,879,58,2014-08-29T04:05:00,5,24122569,180681
OK,53,62,879,53,2014-08-29T04:10:00,10,24123017,180681
OK,52,63,879,52,2014-08-29T04:15:00,13,24123466,180681
OK,62,53,879,62,2014-08-29T04:20:00,12,24123831,180681
OK,76,43,879,76,2014-08-29T04:25:00,8,24124280,180681
OK,61,54,879,61,2014-08-29T04:30:00,11,24124725,180681
OK,53,62,879,53,2014-08-29T04:35:00,19,24125174,180681
OK,48,69,879,48,2014-08-29T04:40:00,20,24125620,180681
OK,49,67,879,49,2014-08-29T04:45:00,19,24126069,180681
OK,52,63,879,52,2014-08-29T04:50:00,19,24126516,180681
OK,47,70,879,47,2014-08-29T04:55:00,18,24126871,180681
OK,58,57,879,58,2014-08-29T05:00:00,14,24127320,180681
OK,57,58,879,57,2014-08-29T05:10:00,24,24128052,180681
OK,57,58,879,57,2014-08-29T05:15:00,26,24128501,180681
OK,64,51,879,64,2014-08-29T05:20:00,24,24128947,180681
OK,69,48,879,69,2014-08-29T05:25:00,27,24129396,180681
OK,80,41,879,80,2014-08-29T05:30:00,29,24129813,180681
OK,77,43,879,77,2014-08-29T05:35:00,26,24130196,180681
OK,77,43,879,77,2014-08-29T05:40:00,19,24130645,180681
OK,71,46,879,71,2014-08-29T05:45:00,29,24131091,180681
OK,77,43,879,77,2014-08-29T05:50:00,31,24131447,180681
OK,87,38,879,87,2014-08-29T05:55:00,25,24131896,180681
OK,76,43,879,76,2014-08-29T06:00:00,28,24132328,180681
OK,68,48,879,68,2014-08-29T06:05:00,48,24132777,180681
OK,78,42,879,78,2014-08-29T06:10:00,35,24133201,180681
OK,91,36,879,91,2014-08-29T06:15:00,35,24133650,180681
OK,85,38,879,85,2014-08-29T06:20:00,36,24134095,180681
OK,75,44,879,75,2014-08-29T06:25:00,37,24134544,180681
OK,76,43,879,76,2014-08-29T06:30:00,29,24134978,180681
OK,56,59,879,56,2014-08-29T06:35:00,26,24135426,180681
OK,56,59,879,56,2014-08-29T06:40:00,26,24135866,180681
OK,69,48,879,69,2014-08-29T06:45:00,25,24136241,180681
OK,58,57,879,58,2014-08-29T06:50:00,18,24136690,180681
OK,52,63,879,52,2014-08-29T06:55:00,16,24137127,180681
OK,53,62,879,53,2014-08-29T07:00:00,18,24137476,180681
OK,53,62,879,53,2014-08-29T07:05:00,15,24137925,180681
OK,45,73,879,45,2014-08-29T07:10:00,14,24138363,180681
OK,51,64,879,51,2014-08-29T07:15:00,20,24138809,180681
OK,53,62,879,53,2014-08-29T07:20:00,20,24139149,180681
OK,54,61,879,54,2014-08-29T07:25:00,27,24139598,180681
OK,66,50,879,66,2014-08-29T07:35:00,11,24140347,180681
OK,71,46,879,71,2014-08-29T07:40:00,21,24140796,180681
OK,67,49,879,67,2014-08-29T07:45:00,26,24141245,180681
OK,52,63,879,52,2014-08-29T07:50:00,20,24141669,180681
OK,54,61,879,54,2014-08-29T07:55:00,21,24142118,180681
OK,54,61,879,54,2014-08-29T08:00:00,26,24142556,180681
OK,54,61,879,54,2014-08-29T08:05:00,19,24143004,180681
OK,60,55,879,60,2014-08-29T08:10:00,14,24143374,180681
OK,61,54,879,61,2014-08-29T08:15:00,17,24143823,180681
OK,69,48,879,69,2014-08-29T08:20:00,28,24144260,180681
OK,70,47,879,70,2014-08-29T08:25:00,25,24144709,180681
OK,56,59,879,56,2014-08-29T08:30:00,24,24145042,180681
OK,63,52,879,63,2014-08-29T08:35:00,26,24145491,180681
OK,62,53,879,62,2014-08-29T08:40:00,19,24145926,180681
OK,54,61,879,54,2014-08-29T08:45:00,20,24146263,180681
OK,70,47,879,70,2014-08-29T08:55:00,22,24146934,180681
OK,80,41,879,80,2014-08-29T09:00:00,22,24147383,180681
OK,86,38,879,86,2014-08-29T09:05:00,19,24147832,180681
OK,84,39,879,84,2014-08-29T09:10:00,22,24148226,180681
OK,60,55,879,60,2014-08-29T09:15:00,21,24148675,180681
OK,63,52,879,63,2014-08-29T09:20:00,18,24149026,180681
OK,74,44,879,74,2014-08-29T09:25:00,20,24149475,180681
OK,65,50,879,65,2014-08-29T09:30:00,26,24149914,180681
OK,65,50,879,65,2014-08-29T09:35:00,32,24150363,180681
OK,66,50,879,66,2014-08-29T09:40:00,35,24150812,180681
OK,66,50,879,66,2014-08-29T09:45:00,33,24151261,180681
OK,59,56,879,59,2014-08-29T09:50:00,25,24151686,180681
OK,61,54,879,61,2014-08-29T09:55:00,29,24152135,180681
OK,61,54,879,61,2014-08-29T10:00:00,20,24152583,180681
OK,64,51,879,64,2014-08-29T10:05:00,18,24153031,180681
OK,56,59,879,56,2014-08-29T10:10:00,21,24153480,180681
OK,72,46,879,72,2014-08-29T10:15:00,21,24153929,180681
OK,74,44,879,74,2014-08-29T10:20:00,19,24154375,180681
OK,62,53,879,62,2014-08-29T10:25:00,27,24154824,180681
OK,62,53,879,62,2014-08-29T10:30:00,32,24155149,180681
OK,76,43,879,76,2014-08-29T10:35:00,32,24155598,180681
OK,75,44,879,75,2014-08-29T10:40:00,23,24156041,180681
OK,74,44,879,74,2014-08-29T10:45:00,24,24156490,180681
OK,58,57,879,58,2014-08-29T10:50:00,35,24156923,180681
OK,58,57,879,58,2014-08-29T10:55:00,39,24157372,180681
OK,58,57,879,58,2014-08-29T11:00:00,32,24157818,180681
OK,63,52,879,63,2014-08-29T11:05:00,27,24158267,180681
OK,62,53,879,62,2014-08-29T11:10:00,19,24158715,180681
OK,66,50,879,66,2014-08-29T11:15:00,30,24159150,180681
OK,73,45,879,73,2014-08-29T11:20:00,33,24159599,180681
OK,72,46,879,72,2014-08-29T11:25:00,32,24159960,180681
OK,57,58,879,57,2014-08-29T11:30:00,29,24160409,180681
OK,59,56,879,59,2014-08-29T11:35:00,27,24160851,180681
OK,64,51,879,64,2014-08-29T11:40:00,19,24161300,180681
OK,64,51,879,64,2014-08-29T11:45:00,26,24161749,180681
OK,64,51,879,64,2014-08-29T11:50:00,29,24162174,180681
OK,65,50,879,65,2014-08-29T11:55:00,23,24162623,180681
OK,78,42,879,78,2014-08-29T12:00:00,26,24163057,180681
OK,73,45,879,73,2014-08-29T12:05:00,26,24163506,180681
OK,64,51,879,64,2014-08-29T12:10:00,19,24163949,180681
OK,70,47,879,70,2014-08-29T12:15:00,23,24164398,180681
OK,99,33,879,99,2014-08-29T12:20:00,28,24164846,180681
OK,109,30,879,109,2014-08-29T12:25:00,18,24165293,180681
OK,108,30,879,108,2014-08-29T12:30:00,3,24165718,180681
OK,96,34,879,96,2014-08-29T12:35:00,34,24166167,180681
OK,119,27,879,119,2014-08-29T12:40:00,32,24166487,180681
OK,136,24,879,136,2014-08-29T12:45:00,33,24166936,180681
OK,135,24,879,135,2014-08-29T12:50:00,37,24167381,180681
OK,121,27,879,121,2014-08-29T12:55:00,42,24167819,180681
OK,118,28,879,118,2014-08-29T13:00:00,33,24168257,180681
OK,95,34,879,95,2014-08-29T13:10:00,32,24169017,180681
OK,81,40,879,81,2014-08-29T13:15:00,38,24169466,180681
OK,79,41,879,79,2014-08-29T13:20:00,41,24169915,180681
OK,88,37,879,88,2014-08-29T13:25:00,37,24170357,180681
OK,99,33,879,99,2014-08-29T13:30:00,33,24170805,180681
OK,123,26,879,123,2014-08-29T13:35:00,30,24171254,180681
OK,156,21,879,156,2014-08-29T13:40:00,30,24171685,180681
OK,163,20,879,163,2014-08-29T13:45:00,29,24172134,180681
OK,155,21,879,155,2014-08-29T13:50:00,36,24172556,180681
OK,115,28,879,115,2014-08-29T13:55:00,45,24173005,180681
OK,76,43,879,76,2014-08-29T14:00:00,37,24173437,180681
OK,64,51,879,64,2014-08-29T14:05:00,27,24173886,180681
OK,50,66,879,50,2014-08-29T14:10:00,21,24174331,180681
OK,62,53,879,62,2014-08-29T14:15:00,19,24174780,180681
OK,83,39,879,83,2014-08-29T14:20:00,21,24175228,180681
OK,82,40,879,82,2014-08-29T14:25:00,22,24175662,180681
OK,60,55,879,60,2014-08-29T14:35:00,27,24176395,180681
OK,69,48,879,69,2014-08-29T14:40:00,23,24176844,180681
OK,76,43,879,76,2014-08-29T14:45:00,13,24177293,180681
OK,55,60,879,55,2014-08-29T14:50:00,9,24177719,180681
OK,57,58,879,57,2014-08-29T14:55:00,14,24178168,180681
OK,66,50,879,66,2014-08-29T15:00:00,15,24178471,180681
OK,55,60,879,55,2014-08-29T15:05:00,15,24178920,180681
OK,51,64,879,51,2014-08-29T15:10:00,19,24179356,180681
OK,63,52,879,63,2014-08-29T15:15:00,26,24179678,180681
OK,64,51,879,64,2014-08-29T15:20:00,23,24180127,180681
OK,51,64,879,51,2014-08-29T15:25:00,17,24180572,180681
OK,51,64,879,51,2014-08-29T15:30:00,17,24181017,180681
OK,69,48,879,69,2014-08-29T15:35:00,11,24181440,180681
OK,63,52,879,63,2014-08-29T15:40:00,15,24181888,180681
OK,55,60,879,55,2014-08-29T15:50:00,18,24182636,180681
OK,65,50,879,65,2014-08-29T15:55:00,15,24183085,180681
OK,63,52,879,63,2014-08-29T16:00:00,15,24183532,180681
OK,46,72,879,46,2014-08-29T16:05:00,13,24183978,180681
OK,68,48,879,68,2014-08-29T16:10:00,13,24184408,180681
OK,76,43,879,76,2014-08-29T16:15:00,7,24184761,180681
OK,58,57,879,58,2014-08-29T16:20:00,19,24185209,180681
OK,54,61,879,54,2014-08-29T16:25:00,21,24185657,180681
OK,60,55,879,60,2014-08-29T16:30:00,9,24185971,180681
OK,49,67,879,49,2014-08-29T16:35:00,10,24186420,180681
OK,46,72,879,46,2014-08-29T16:40:00,8,24186848,180681
OK,50,66,879,50,2014-08-29T16:45:00,8,24187186,180681
OK,47,70,879,47,2014-08-29T16:50:00,7,24187635,180681
OK,77,43,879,77,2014-08-29T16:55:00,9,24188084,180681
OK,66,50,879,66,2014-08-29T17:00:00,13,24188510,180681
OK,50,66,879,50,2014-08-29T17:05:00,11,24188943,180681
OK,42,78,879,42,2014-08-29T17:10:00,4,24189391,180681
OK,54,61,879,54,2014-08-29T17:15:00,6,24189839,180681
OK,47,70,879,47,2014-08-29T17:20:00,6,24190277,180681
OK,46,72,879,46,2014-08-29T17:25:00,5,24190726,180681
OK,47,70,879,47,2014-08-29T17:30:00,8,24191161,180681
OK,47,70,879,47,2014-08-29T17:40:00,11,24191892,180681
OK,43,77,879,43,2014-08-29T17:45:00,11,24192341,180681
OK,42,78,879,42,2014-08-29T17:50:00,7,24192766,180681
OK,48,69,879,48,2014-08-29T17:55:00,11,24193215,180681
OK,49,67,879,49,2014-08-29T18:00:00,11,24193656,180681
OK,61,54,879,61,2014-08-29T18:05:00,3,24194096,180681
OK,51,64,879,51,2014-08-29T18:10:00,5,24194517,180681
OK,46,72,879,46,2014-08-29T18:15:00,3,24194962,180681
OK,44,75,879,44,2014-08-29T18:20:00,6,24195378,180681
OK,44,75,879,44,2014-08-29T18:25:00,7,24195826,180681
OK,45,73,879,45,2014-08-29T18:30:00,8,24196273,180681
OK,46,72,879,46,2014-08-29T18:35:00,6,24196718,180681
OK,45,73,879,45,2014-08-29T18:40:00,5,24197134,180681
OK,59,56,879,59,2014-08-29T18:50:00,4,24197909,180681
OK,61,54,879,61,2014-08-29T19:00:00,5,24198358,180681
OK,54,61,879,54,2014-08-29T19:05:00,10,24198807,180681
OK,48,69,879,48,2014-08-29T19:10:00,13,24199235,180681
OK,47,70,879,47,2014-08-29T19:15:00,8,24199684,180681
OK,57,58,879,57,2014-08-29T19:20:00,2,24200131,180681
OK,68,48,879,68,2014-08-29T19:25:00,1,24200580,180681
OK,42,78,879,42,2014-08-29T19:30:00,1,24201005,180681
OK,61,54,879,61,2014-08-29T19:35:00,4,24201450,180681
OK,88,37,879,88,2014-08-29T19:45:00,7,24202231,180681
OK,69,48,879,69,2014-08-29T19:50:00,3,24202680,180681
OK,69,48,879,69,2014-08-29T19:55:00,3,24203119,180681
OK,49,67,879,49,2014-08-29T20:00:00,4,24203471,180681
OK,54,61,879,54,2014-08-29T20:05:00,3,24203920,180681
OK,44,75,879,44,2014-08-29T20:10:00,2,24204316,180681
OK,44,75,879,44,2014-08-29T20:15:00,2,24204765,180681
OK,80,41,879,80,2014-08-29T20:20:00,2,24205212,180681
OK,69,48,879,69,2014-08-29T20:25:00,3,24205661,180681
OK,46,72,879,46,2014-08-29T20:30:00,3,24206065,180681
OK,48,69,879,48,2014-08-29T20:40:00,0,24206832,180681
OK,63,52,879,63,2014-08-29T20:45:00,5,24207281,180681
OK,47,70,879,47,2014-08-29T20:50:00,4,24207709,180681
OK,51,64,879,51,2014-08-29T20:55:00,5,24208158,180681
OK,48,69,879,48,2014-08-29T21:00:00,6,24208581,180681
OK,46,72,879,46,2014-08-29T21:05:00,5,24209029,180681
OK,56,59,879,56,2014-08-29T21:10:00,3,24209478,180681
OK,64,51,879,64,2014-08-29T21:15:00,6,24209927,180681
OK,58,57,879,58,2014-08-29T21:20:00,9,24210346,180681
OK,61,54,879,61,2014-08-29T21:25:00,12,24210717,180681
OK,59,56,879,59,2014-08-29T21:30:00,8,24211166,180681
OK,52,63,879,52,2014-08-29T21:35:00,0,24211611,180681
OK,55,60,879,55,2014-08-29T21:45:00,4,24212434,180681
OK,62,53,879,62,2014-08-29T21:50:00,8,24212883,180681
OK,65,50,879,65,2014-08-29T21:55:00,7,24213332,180681
OK,52,63,879,52,2014-08-29T22:05:00,11,24214071,180681
OK,52,63,879,52,2014-08-29T22:10:00,13,24214520,180681
OK,60,55,879,60,2014-08-29T22:15:00,9,24214969,180681
OK,50,66,879,50,2014-08-29T22:20:00,8,24215418,180681
OK,57,58,879,57,2014-08-29T22:25:00,6,24215867,180681
OK,60,55,879,60,2014-08-29T22:30:00,7,24216184,180681
OK,51,64,879,51,2014-08-29T22:35:00,7,24216633,180681
OK,55,60,879,55,2014-08-29T22:40:00,7,24217075,180681
OK,77,43,879,77,2014-08-29T22:45:00,7,24217424,180681
OK,50,66,879,50,2014-08-29T22:55:00,6,24218058,180681
OK,49,67,879,49,2014-08-29T23:00:00,5,24218507,180681
OK,49,67,879,49,2014-08-29T23:05:00,1,24218948,180681
OK,53,62,879,53,2014-08-29T23:15:00,6,24219698,180681
OK,48,69,879,48,2014-08-29T23:20:00,7,24220147,180681
OK,48,69,879,48,2014-08-29T23:25:00,3,24220584,180681
OK,42,78,879,42,2014-08-29T23:35:00,5,24221372,180681
OK,42,78,879,42,2014-08-29T23:40:00,5,24221821,180681
OK,70,47,879,70,2014-08-29T23:50:00,0,24222602,180681
OK,70,47,879,70,2014-08-29T23:55:00,0,24223051,180681
OK,45,73,879,45,2014-08-30T00:05:00,2,24223828,180681
OK,67,49,879,67,2014-08-30T00:15:00,1,24224911,180681
OK,61,54,879,61,2014-08-30T00:25:00,1,24225197,180681
OK,61,54,879,61,2014-08-30T00:30:00,0,24225646,180681
OK,43,77,879,43,2014-08-30T00:35:00,1,24226036,180681
OK,43,77,879,43,2014-08-30T00:40:00,0,24226485,180681
OK,43,77,879,43,2014-08-30T00:45:00,2,24226841,180681
OK,43,77,879,43,2014-08-30T00:50:00,1,24227290,180681
OK,54,61,879,54,2014-08-30T00:55:00,1,24227738,180681
OK,48,69,879,48,2014-08-30T01:00:00,2,24228121,180681
OK,48,69,879,48,2014-08-30T01:05:00,2,24228570,180681
OK,51,64,879,51,2014-08-30T01:10:00,1,24229013,180681
OK,67,49,879,67,2014-08-30T01:20:00,3,24229800,180681
OK,69,48,879,69,2014-08-30T01:25:00,2,24230249,180681
OK,69,48,879,69,2014-08-30T01:30:00,0,24230681,180681
OK,69,48,879,69,2014-08-30T01:35:00,0,24231130,180681
OK,69,48,879,69,2014-08-30T01:40:00,0,24231579,180681
OK,69,48,879,69,2014-08-30T01:45:00,0,24231994,180681
OK,49,67,879,49,2014-08-30T01:50:00,1,24232397,180681
OK,49,67,879,49,2014-08-30T01:55:00,0,24232846,180681
OK,44,75,879,44,2014-08-30T02:05:00,1,24233636,180681
OK,44,75,879,44,2014-08-30T02:10:00,3,24234085,180681
OK,38,87,879,38,2014-08-30T02:15:00,1,24234508,180681
OK,38,87,879,38,2014-08-30T02:20:00,0,24234950,180681
OK,37,89,879,37,2014-08-30T02:25:00,0,24235383,180681
OK,37,89,879,37,2014-08-30T02:30:00,0,24235832,180681
OK,37,89,879,37,2014-08-30T02:40:00,0,24236605,180681
OK,32,103,879,32,2014-08-30T02:45:00,1,24237054,180681
OK,48,69,879,48,2014-08-30T02:50:00,1,24237502,180681
OK,48,69,879,48,2014-08-30T03:00:00,2,24238267,180681
OK,41,80,879,41,2014-08-30T03:05:00,1,24238716,180681
OK,41,80,879,41,2014-08-30T03:10:00,0,24239153,180681
OK,41,80,879,41,2014-08-30T03:15:00,0,24239602,180681
OK,41,80,879,41,2014-08-30T03:20:00,0,24240049,180681
OK,47,70,879,47,2014-08-30T03:25:00,1,24240485,180681
OK,91,36,879,91,2014-08-30T03:30:00,3,24240824,180681
OK,92,36,879,92,2014-08-30T03:35:00,0,24241273,180681
OK,92,36,879,92,2014-08-30T03:40:00,0,24241722,180681
OK,52,63,879,52,2014-08-30T03:45:00,1,24242081,180681
OK,76,43,879,76,2014-08-30T03:50:00,1,24242530,180681
OK,76,43,879,76,2014-08-30T03:55:00,1,24242943,180681
OK,76,43,879,76,2014-08-30T04:00:00,0,24243391,180681
OK,76,43,879,76,2014-08-30T04:05:00,0,24243797,180681
OK,74,44,879,74,2014-08-30T04:10:00,1,24244244,180681
OK,74,44,879,74,2014-08-30T04:15:00,0,24244693,180681
OK,74,44,879,74,2014-08-30T04:20:00,0,24245134,180681
OK,48,69,879,48,2014-08-30T04:25:00,3,24245577,180681
OK,48,69,879,48,2014-08-30T04:30:00,3,24245997,180681
OK,45,73,879,45,2014-08-30T04:35:00,1,24246387,180681
OK,45,73,879,45,2014-08-30T04:40:00,0,24246836,180681
OK,45,73,879,45,2014-08-30T04:45:00,0,24247285,180681
OK,49,67,879,49,2014-08-30T04:50:00,2,24247712,180681
OK,45,73,879,45,2014-08-30T04:55:00,4,24248160,180681
OK,69,48,879,69,2014-08-30T05:05:00,2,24248933,180681
OK,53,62,879,53,2014-08-30T05:10:00,6,24249382,180681
OK,47,70,879,47,2014-08-30T05:15:00,9,24249830,180681
OK,58,57,879,58,2014-08-30T05:20:00,2,24250275,180681
OK,45,73,879,45,2014-08-30T05:25:00,1,24250717,180681
OK,59,56,879,59,2014-08-30T05:30:00,2,24251147,180681
OK,53,62,879,53,2014-08-30T05:35:00,2,24251594,180681
OK,58,57,879,58,2014-08-30T05:40:00,5,24252038,180681
OK,53,62,879,53,2014-08-30T05:45:00,5,24252487,180681
OK,37,89,879,37,2014-08-30T05:50:00,3,24252922,180681
OK,50,66,879,50,2014-08-30T05:55:00,5,24253367,180681
OK,74,44,879,74,2014-08-30T06:00:00,8,24253813,180681
OK,74,44,879,74,2014-08-30T06:05:00,6,24254225,180681
OK,56,59,879,56,2014-08-30T06:10:00,4,24254670,180681
OK,56,59,879,56,2014-08-30T06:15:00,4,24255119,180681
OK,53,62,879,53,2014-08-30T06:20:00,4,24255566,180681
OK,58,57,879,58,2014-08-30T06:25:00,5,24255899,180681
OK,38,87,879,38,2014-08-30T06:30:00,6,24256346,180681
OK,36,92,879,36,2014-08-30T06:35:00,5,24256795,180681
OK,47,70,879,47,2014-08-30T06:40:00,3,24257244,180681
OK,47,70,879,47,2014-08-30T06:45:00,3,24257690,180681
OK,53,62,879,53,2014-08-30T06:50:00,4,24258138,180681
OK,44,75,879,44,2014-08-30T06:55:00,8,24258578,180681
OK,43,77,879,43,2014-08-30T07:00:00,6,24259022,180681
OK,70,47,879,70,2014-08-30T07:05:00,3,24259456,180681
OK,66,50,879,66,2014-08-30T07:10:00,2,24259900,180681
OK,52,63,879,52,2014-08-30T07:15:00,7,24260346,180681
OK,54,61,879,54,2014-08-30T07:20:00,9,24260794,180681
OK,61,54,879,61,2014-08-30T07:25:00,6,24261240,180681
OK,43,77,879,43,2014-08-30T07:30:00,3,24261688,180681
OK,54,61,879,54,2014-08-30T07:35:00,1,24262106,180681
OK,62,53,879,62,2014-08-30T07:40:00,6,24262490,180681
OK,51,64,879,51,2014-08-30T07:45:00,14,24262938,180681
OK,48,69,879,48,2014-08-30T07:50:00,13,24263374,180681
OK,58,57,879,58,2014-08-30T07:55:00,14,24263823,180681
OK,56,59,879,56,2014-08-30T08:00:00,15,24264269,180681
OK,48,69,879,48,2014-08-30T08:05:00,9,24264718,180681
OK,47,70,879,47,2014-08-30T08:10:00,20,24265166,180681
OK,47,70,879,47,2014-08-30T08:15:00,17,24265598,180681
OK,50,66,879,50,2014-08-30T08:20:00,9,24266040,180681
OK,57,58,879,57,2014-08-30T08:25:00,10,24266489,180681
OK,63,52,879,63,2014-08-30T08:30:00,11,24266938,180681
OK,58,57,879,58,2014-08-30T08:35:00,12,24267381,180681
OK,58,57,879,58,2014-08-30T08:40:00,10,24267701,180681
OK,47,70,879,47,2014-08-30T08:45:00,10,24268150,180681
OK,46,72,879,46,2014-08-30T08:50:00,7,24268595,180681
OK,52,63,879,52,2014-08-30T08:55:00,11,24269044,180681
OK,65,50,879,65,2014-08-30T09:00:00,17,24269492,180681
OK,50,66,879,50,2014-08-30T09:05:00,13,24269941,180681
OK,49,67,879,49,2014-08-30T09:10:00,12,24270364,180681
OK,55,60,879,55,2014-08-30T09:15:00,14,24270806,180681
OK,47,70,879,47,2014-08-30T09:20:00,14,24271254,180681
OK,68,48,879,68,2014-08-30T09:25:00,19,24271677,180681
OK,68,48,879,68,2014-08-30T09:30:00,21,24272005,180681
OK,49,67,879,49,2014-08-30T09:35:00,15,24272454,180681
OK,49,67,879,49,2014-08-30T09:40:00,14,24272903,180681
OK,48,69,879,48,2014-08-30T09:45:00,21,24273352,180681
OK,45,73,879,45,2014-08-30T09:50:00,21,24273770,180681
OK,45,73,879,45,2014-08-30T09:55:00,12,24274140,180681
OK,65,50,879,65,2014-08-30T10:00:00,4,24274588,180681
OK,53,62,879,53,2014-08-30T10:05:00,11,24275034,180681
OK,54,61,879,54,2014-08-30T10:10:00,16,24275366,180681
OK,55,60,879,55,2014-08-30T10:15:00,13,24275815,180681
OK,54,61,879,54,2014-08-30T10:20:00,18,24276244,180681
OK,54,61,879,54,2014-08-30T10:25:00,16,24276564,180681
OK,51,64,879,51,2014-08-30T10:30:00,10,24277012,180681
OK,49,67,879,49,2014-08-30T10:35:00,10,24277453,180681
OK,49,67,879,49,2014-08-30T10:40:00,14,24277882,180681
OK,54,61,879,54,2014-08-30T10:45:00,21,24278331,180681
OK,63,52,879,63,2014-08-30T10:50:00,19,24278753,180681
OK,56,59,879,56,2014-08-30T10:55:00,12,24279202,180681
OK,53,62,879,53,2014-08-30T11:00:00,13,24279635,180681
OK,57,58,879,57,2014-08-30T11:05:00,13,24280083,180681
OK,50,66,879,50,2014-08-30T11:10:00,15,24280519,180681
OK,49,67,879,49,2014-08-30T11:15:00,19,24280966,180681
OK,56,59,879,56,2014-08-30T11:20:00,20,24281274,180681
OK,56,59,879,56,2014-08-30T11:25:00,12,24281723,180681
OK,52,63,879,52,2014-08-30T11:30:00,14,24282165,180681
OK,59,56,879,59,2014-08-30T11:35:00,21,24282614,180681
OK,57,58,879,57,2014-08-30T11:40:00,23,24283048,180681
OK,49,67,879,49,2014-08-30T11:45:00,20,24283497,180681
OK,62,53,879,62,2014-08-30T11:50:00,16,24283934,180681
OK,83,39,879,83,2014-08-30T11:55:00,14,24284383,180681
OK,57,58,879,57,2014-08-30T12:00:00,20,24284825,180681
OK,57,58,879,57,2014-08-30T12:05:00,16,24285263,180681
OK,81,40,879,81,2014-08-30T12:10:00,10,24285708,180681
OK,78,42,879,78,2014-08-30T12:15:00,12,24286071,180681
OK,75,44,879,75,2014-08-30T12:20:00,4,24286520,180681
OK,46,72,879,46,2014-08-30T12:25:00,8,24286969,180681
OK,54,61,879,54,2014-08-30T12:30:00,11,24287297,180681
OK,54,61,879,54,2014-08-30T12:35:00,11,24287746,180681
OK,56,59,879,56,2014-08-30T12:40:00,8,24288192,180681
OK,53,62,879,53,2014-08-30T12:45:00,12,24288615,180681
OK,51,64,879,51,2014-08-30T12:50:00,12,24288986,180681
OK,52,63,879,52,2014-08-30T12:55:00,13,24289435,180681
OK,69,48,879,69,2014-08-30T13:00:00,6,24289875,180681
OK,52,63,879,52,2014-08-30T13:10:00,13,24290627,180681
OK,49,67,879,49,2014-08-30T13:15:00,16,24291076,180681
OK,49,67,879,49,2014-08-30T13:20:00,17,24291515,180681
OK,52,63,879,52,2014-08-30T13:25:00,13,24291963,180681
OK,52,63,879,52,2014-08-30T13:30:00,13,24292378,180681
OK,58,57,879,58,2014-08-30T13:35:00,14,24292739,180681
OK,46,72,879,46,2014-08-30T13:40:00,11,24293187,180681
OK,69,48,879,69,2014-08-30T13:45:00,9,24293633,180681
OK,83,39,879,83,2014-08-30T13:50:00,10,24293962,180681
OK,62,53,879,62,2014-08-30T13:55:00,6,24294411,180681
OK,65,50,879,65,2014-08-30T14:00:00,6,24294848,180681
OK,49,67,879,49,2014-08-30T14:05:00,7,24295194,180681
OK,47,70,879,47,2014-08-30T14:10:00,9,24295640,180681
OK,59,56,879,59,2014-08-30T14:15:00,10,24296088,180681
OK,54,61,879,54,2014-08-30T14:25:00,9,24296829,180681
OK,49,67,879,49,2014-08-30T14:30:00,17,24297278,180681
OK,44,75,879,44,2014-08-30T14:35:00,15,24297727,180681
OK,50,66,879,50,2014-08-30T14:40:00,12,24298176,180681
OK,56,59,879,56,2014-08-30T14:45:00,12,24298625,180681
OK,52,63,879,52,2014-08-30T14:50:00,13,24299064,180681
OK,47,70,879,47,2014-08-30T14:55:00,12,24299506,180681
OK,50,66,879,50,2014-08-30T15:00:00,7,24299933,180681
OK,53,62,879,53,2014-08-30T15:05:00,13,24300381,180681
OK,53,62,879,53,2014-08-30T15:10:00,15,24300818,180681
OK,51,64,879,51,2014-08-30T15:15:00,15,24301267,180681
OK,47,70,879,47,2014-08-30T15:20:00,13,24301705,180681
OK,51,64,879,51,2014-08-30T15:25:00,12,24302135,180681
OK,59,56,879,59,2014-08-30T15:30:00,13,24302574,180681
OK,49,67,879,49,2014-08-30T15:35:00,16,24302924,180681
OK,46,72,879,46,2014-08-30T15:40:00,16,24303373,180681
OK,48,69,879,48,2014-08-30T15:45:00,13,24303819,180681
OK,53,62,879,53,2014-08-30T15:50:00,7,24304234,180681
OK,61,54,879,61,2014-08-30T15:55:00,6,24304681,180681
OK,48,69,879,48,2014-08-30T16:00:00,10,24305010,180681
OK,44,75,879,44,2014-08-30T16:05:00,8,24305459,180681
OK,59,56,879,59,2014-08-30T16:10:00,5,24305908,180681
OK,70,47,879,70,2014-08-30T16:15:00,10,24306240,180681
OK,82,40,879,82,2014-08-30T16:20:00,8,24306689,180681
OK,44,75,879,44,2014-08-30T16:25:00,5,24307138,180681
OK,45,73,879,45,2014-08-30T16:30:00,9,24307566,180681
OK,47,70,879,47,2014-08-30T16:35:00,11,24308015,180681
OK,47,70,879,47,2014-08-30T16:40:00,9,24308445,180681
OK,44,75,879,44,2014-08-30T16:50:00,8,24308894,180681
OK,50,66,879,50,2014-08-30T16:55:00,4,24309343,180681
OK,44,75,879,44,2014-08-30T17:00:00,4,24309767,180681
OK,44,75,879,44,2014-08-30T17:05:00,5,24310204,180681
OK,48,69,879,48,2014-08-30T17:15:00,5,24310964,180681
OK,48,69,879,48,2014-08-30T17:20:00,3,24311413,180681
OK,47,70,879,47,2014-08-30T17:25:00,3,24311848,180681
OK,45,73,879,45,2014-08-30T17:30:00,6,24312215,180681
OK,39,84,879,39,2014-08-30T17:35:00,9,24312664,180681
OK,34,97,879,34,2014-08-30T17:45:00,3,24313422,180681
OK,45,73,879,45,2014-08-30T17:50:00,5,24313871,180681
OK,69,48,879,69,2014-08-30T17:55:00,9,24314319,180681
OK,52,63,879,52,2014-08-30T18:00:00,6,24314766,180681
OK,43,77,879,43,2014-08-30T18:05:00,6,24315203,180681
OK,43,77,879,43,2014-08-30T18:10:00,7,24315651,180681
OK,50,66,879,50,2014-08-30T18:15:00,5,24316099,180681
OK,43,77,879,43,2014-08-30T18:20:00,3,24316510,180681
OK,43,77,879,43,2014-08-30T18:25:00,3,24316866,180681
OK,49,67,879,49,2014-08-30T18:30:00,3,24317315,180681
OK,49,67,879,49,2014-08-30T18:35:00,6,24317764,180681
OK,60,55,879,60,2014-08-30T18:40:00,6,24318196,180681
OK,56,59,879,56,2014-08-30T18:45:00,2,24318644,180681
OK,39,84,879,39,2014-08-30T18:50:00,1,24319082,180681
OK,55,60,879,55,2014-08-30T18:55:00,6,24319522,180681
OK,51,64,879,51,2014-08-30T19:00:00,12,24319969,180681
OK,64,51,879,64,2014-08-30T19:05:00,15,24320414,180681
OK,53,62,879,53,2014-08-30T19:15:00,6,24321166,180681
OK,45,73,879,45,2014-08-30T19:20:00,5,24321615,180681
OK,68,48,879,68,2014-08-30T19:25:00,2,24322064,180681
OK,52,63,879,52,2014-08-30T19:30:00,3,24322485,180681
OK,73,45,879,73,2014-08-30T19:35:00,4,24322924,180681
OK,72,46,879,72,2014-08-30T19:40:00,10,24323292,180681
OK,66,50,879,66,2014-08-30T19:45:00,8,24323740,180681
OK,47,70,879,47,2014-08-30T19:50:00,3,24324188,180681
OK,47,70,879,47,2014-08-30T20:00:00,7,24324962,180681
OK,48,69,879,48,2014-08-30T20:05:00,8,24325411,180681
OK,51,64,879,51,2014-08-30T20:15:00,8,24326158,180681
OK,51,64,879,51,2014-08-30T20:20:00,6,24326607,180681
OK,55,60,879,55,2014-08-30T20:25:00,4,24327047,180681
OK,55,60,879,55,2014-08-30T20:30:00,2,24327474,180681
OK,46,72,879,46,2014-08-30T20:35:00,2,24327920,180681
OK,39,84,879,39,2014-08-30T20:40:00,2,24328350,180681
OK,55,60,879,55,2014-08-30T20:45:00,6,24328799,180681
OK,47,70,879,47,2014-08-30T20:50:00,7,24329248,180681
OK,47,70,879,47,2014-08-30T20:55:00,5,24329651,180681
OK,53,62,879,53,2014-08-30T21:00:00,4,24330097,180681
OK,51,64,879,51,2014-08-30T21:05:00,5,24330530,180681
OK,51,64,879,51,2014-08-30T21:10:00,2,24330957,180681
OK,78,42,879,78,2014-08-30T21:15:00,1,24331335,180681
OK,44,75,879,44,2014-08-30T21:20:00,1,24331784,180681
OK,44,75,879,44,2014-08-30T21:25:00,1,24332205,180681
OK,50,66,879,50,2014-08-30T21:30:00,1,24332637,180681
OK,78,42,879,78,2014-08-30T21:35:00,8,24333009,180681
OK,75,44,879,75,2014-08-30T21:40:00,10,24333458,180681
OK,46,72,879,46,2014-08-30T21:45:00,4,24333903,180681
OK,58,57,879,58,2014-08-30T21:50:00,4,24334349,180681
OK,73,45,879,73,2014-08-30T21:55:00,3,24334772,180681
OK,87,38,879,87,2014-08-30T22:00:00,0,24335217,180681
OK,87,38,879,87,2014-08-30T22:05:00,0,24335599,180681
OK,59,56,879,59,2014-08-30T22:10:00,2,24336048,180681
OK,79,41,879,79,2014-08-30T22:15:00,2,24336495,180681
OK,88,37,879,88,2014-08-30T22:20:00,1,24336836,180681
OK,42,78,879,42,2014-08-30T22:25:00,5,24337285,180681
OK,48,69,879,48,2014-08-30T22:30:00,6,24337727,180681
OK,100,33,879,100,2014-08-30T22:35:00,2,24338041,180681
OK,153,21,879,153,2014-08-30T22:40:00,0,24338490,180681
OK,73,45,879,73,2014-08-30T22:45:00,1,24338885,180681
OK,70,47,879,70,2014-08-30T22:50:00,2,24339333,180681
OK,67,49,879,67,2014-08-30T22:55:00,1,24339782,180681
OK,67,49,879,67,2014-08-30T23:00:00,0,24340279,180681
OK,66,50,879,66,2014-08-30T23:20:00,3,24340898,180681
OK,66,50,879,66,2014-08-30T23:30:00,0,24341644,180681
OK,66,50,879,66,2014-08-30T23:35:00,0,24342093,180681
OK,66,50,879,66,2014-08-30T23:40:00,0,24342542,180681
OK,63,52,879,63,2014-08-30T23:50:00,1,24343676,180681
OK,33,100,879,33,2014-08-30T23:55:00,1,24344125,180681
OK,78,42,879,78,2014-08-31T00:05:00,2,24344574,180681
OK,62,53,879,62,2014-08-31T00:10:00,1,24345023,180681
OK,25,132,879,25,2014-08-31T00:15:00,1,24345472,180681
OK,25,132,879,25,2014-08-31T00:20:00,1,24345917,180681
OK,25,132,879,25,2014-08-31T00:25:00,0,24346364,180681
OK,45,73,879,45,2014-08-31T00:30:00,1,24346810,180681
OK,45,73,879,45,2014-08-31T00:35:00,1,24347259,180681
OK,45,73,879,45,2014-08-31T00:40:00,0,24347703,180681
OK,45,73,879,45,2014-08-31T00:45:00,0,24348131,180681
OK,45,73,879,45,2014-08-31T00:50:00,0,24348573,180681
OK,45,73,879,45,2014-08-31T00:55:00,0,24349004,180681
OK,45,73,879,45,2014-08-31T01:00:00,0,24349448,180681
OK,38,87,879,38,2014-08-31T01:05:00,1,24349874,180681
OK,44,75,879,44,2014-08-31T01:10:00,3,24350322,180681
OK,46,72,879,46,2014-08-31T01:15:00,2,24350771,180681
OK,38,87,879,38,2014-08-31T01:20:00,1,24351184,180681
OK,38,87,879,38,2014-08-31T01:25:00,0,24351632,180681
OK,35,94,879,35,2014-08-31T01:30:00,1,24352013,180681
OK,35,94,879,35,2014-08-31T01:35:00,0,24352462,180681
OK,35,94,879,35,2014-08-31T01:40:00,0,24352911,180681
OK,35,94,879,35,2014-08-31T01:45:00,0,24353356,180681
OK,35,94,879,35,2014-08-31T01:50:00,0,24353771,180681
OK,35,94,879,35,2014-08-31T01:55:00,0,24354174,180681
OK,35,94,879,35,2014-08-31T02:00:00,0,24354623,180681
OK,37,89,879,37,2014-08-31T02:05:00,1,24355069,180681
OK,84,39,879,84,2014-08-31T02:10:00,1,24355510,180681
OK,63,52,879,63,2014-08-31T02:15:00,1,24355955,180681
OK,42,78,879,42,2014-08-31T02:20:00,2,24356374,180681
OK,42,78,879,42,2014-08-31T02:25:00,0,24356817,180681
OK,42,78,879,42,2014-08-31T02:30:00,0,24357175,180681
OK,42,78,879,42,2014-08-31T02:35:00,0,24357619,180681
OK,42,78,879,42,2014-08-31T02:40:00,0,24358052,180681
OK,78,42,879,78,2014-08-31T02:45:00,1,24358470,180681
OK,50,66,879,50,2014-08-31T02:50:00,3,24358915,180681
OK,41,80,879,41,2014-08-31T02:55:00,1,24359340,180681
OK,73,45,879,73,2014-08-31T03:00:00,3,24359789,180681
OK,77,43,879,77,2014-08-31T03:05:00,2,24360231,180681
OK,73,45,879,73,2014-08-31T03:15:00,0,24361042,180681
OK,73,45,879,73,2014-08-31T03:20:00,0,24361491,180681
OK,73,45,879,73,2014-08-31T03:25:00,0,24361934,180681
OK,73,45,879,73,2014-08-31T03:30:00,0,24362381,180681
OK,36,92,879,36,2014-08-31T03:35:00,1,24362789,180681
OK,36,92,879,36,2014-08-31T03:40:00,1,24363216,180681
OK,36,92,879,36,2014-08-31T03:45:00,0,24363660,180681
OK,36,92,879,36,2014-08-31T03:50:00,0,24364085,180681
OK,40,82,879,40,2014-08-31T03:55:00,0,24364532,180681
OK,40,82,879,40,2014-08-31T04:00:00,0,24364969,180681
OK,98,33,879,98,2014-08-31T04:05:00,1,24365406,180681
OK,67,49,879,67,2014-08-31T04:15:00,1,24366188,180681
OK,71,46,879,71,2014-08-31T04:20:00,1,24366636,180681
OK,71,46,879,71,2014-08-31T04:25:00,0,24367085,180681
OK,29,114,879,29,2014-08-31T04:30:00,1,24367510,180681
OK,31,106,879,31,2014-08-31T04:35:00,2,24367958,180681
OK,41,80,879,41,2014-08-31T04:40:00,1,24368323,180681
OK,42,78,879,42,2014-08-31T04:45:00,1,24368772,180681
OK,42,78,879,42,2014-08-31T04:50:00,0,24369211,180681
OK,42,78,879,42,2014-08-31T05:00:00,0,24370016,180681
OK,30,110,879,30,2014-08-31T05:05:00,1,24370465,180681
OK,30,110,879,30,2014-08-31T05:10:00,1,24370866,180681
OK,52,63,879,52,2014-08-31T05:15:00,3,24371307,180681
OK,83,39,879,83,2014-08-31T05:20:00,2,24371756,180681
OK,83,39,879,83,2014-08-31T05:25:00,0,24372185,180681
OK,83,39,879,83,2014-08-31T05:30:00,0,24372634,180681
OK,57,58,879,57,2014-08-31T05:35:00,1,24373068,180681
OK,50,66,879,50,2014-08-31T05:40:00,2,24373501,180681
OK,46,72,879,46,2014-08-31T05:45:00,4,24373950,180681
OK,52,63,879,52,2014-08-31T05:50:00,1,24374395,180681
OK,33,100,879,33,2014-08-31T06:00:00,1,24375180,180681
OK,44,75,879,44,2014-08-31T06:10:00,1,24375969,180681
OK,46,72,879,46,2014-08-31T06:25:00,1,24376703,180681
OK,46,72,879,46,2014-08-31T06:30:00,1,24377152,180681
OK,47,70,879,47,2014-08-31T06:40:00,2,24377601,180681
OK,40,82,879,40,2014-08-31T06:45:00,1,24378050,180681
OK,53,62,879,53,2014-08-31T06:55:00,8,24378792,180681
OK,57,58,879,57,2014-08-31T07:00:00,6,24379241,180681
OK,51,64,879,51,2014-08-31T07:05:00,1,24379685,180681
OK,43,77,879,43,2014-08-31T07:10:00,5,24380097,180681
OK,43,77,879,43,2014-08-31T07:15:00,8,24380546,180681
OK,43,77,879,43,2014-08-31T07:20:00,5,24380938,180681
OK,44,75,879,44,2014-08-31T07:25:00,4,24381387,180681
OK,45,73,879,45,2014-08-31T07:30:00,3,24381836,180681
OK,63,52,879,63,2014-08-31T07:35:00,6,24382276,180681
OK,61,54,879,61,2014-08-31T07:40:00,9,24382639,180681
OK,53,62,879,53,2014-08-31T07:45:00,11,24383088,180681
OK,50,66,879,50,2014-08-31T07:50:00,15,24383523,180681
OK,46,72,879,46,2014-08-31T07:55:00,13,24383968,180681
OK,49,67,879,49,2014-08-31T08:05:00,12,24384722,180681
OK,71,46,879,71,2014-08-31T08:10:00,12,24385171,180681
OK,72,46,879,72,2014-08-31T08:15:00,12,24385617,180681
OK,53,62,879,53,2014-08-31T08:20:00,11,24386066,180681
OK,53,62,879,53,2014-08-31T08:25:00,13,24386515,180681
OK,53,62,879,53,2014-08-31T08:30:00,11,24386953,180681
OK,52,63,879,52,2014-08-31T08:35:00,15,24387395,180681
OK,58,57,879,58,2014-08-31T08:40:00,13,24387839,180681
OK,51,64,879,51,2014-08-31T08:45:00,13,24388278,180681
OK,46,72,879,46,2014-08-31T08:50:00,15,24388712,180681
OK,49,67,879,49,2014-08-31T08:55:00,11,24389161,180681
OK,70,47,879,70,2014-08-31T09:00:00,6,24389598,180681
OK,46,72,879,46,2014-08-31T09:05:00,8,24390046,180681
OK,48,69,879,48,2014-08-31T09:10:00,8,24390494,180681
OK,45,73,879,45,2014-08-31T09:20:00,10,24391227,180681
OK,45,73,879,45,2014-08-31T09:25:00,12,24391676,180681
OK,45,73,879,45,2014-08-31T09:30:00,16,24392117,180681
OK,47,70,879,47,2014-08-31T09:35:00,17,24392566,180681
OK,56,59,879,56,2014-08-31T09:40:00,9,24393013,180681
OK,44,75,879,44,2014-08-31T09:45:00,9,24393462,180681
OK,44,75,879,44,2014-08-31T09:50:00,13,24393895,180681
OK,46,72,879,46,2014-08-31T09:55:00,13,24394343,180681
OK,44,75,879,44,2014-08-31T10:00:00,16,24394773,180681
OK,44,75,879,44,2014-08-31T10:05:00,14,24395221,180681
OK,53,62,879,53,2014-08-31T10:10:00,18,24395657,180681
OK,52,63,879,52,2014-08-31T10:15:00,17,24396096,180681
OK,52,63,879,52,2014-08-31T10:20:00,10,24396542,180681
OK,53,62,879,53,2014-08-31T10:25:00,16,24396949,180681
OK,46,72,879,46,2014-08-31T10:30:00,14,24397397,180681
OK,48,69,879,48,2014-08-31T10:35:00,14,24397731,180681
OK,64,51,879,64,2014-08-31T10:40:00,13,24398180,180681
OK,64,51,879,64,2014-08-31T10:45:00,9,24398629,180681
OK,50,66,879,50,2014-08-31T10:50:00,8,24399042,180681
OK,49,67,879,49,2014-08-31T10:55:00,13,24399490,180681
OK,49,67,879,49,2014-08-31T11:00:00,13,24399904,180681
OK,47,70,879,47,2014-08-31T11:05:00,15,24400352,180681
OK,58,57,879,58,2014-08-31T11:10:00,12,24400780,180681
OK,50,66,879,50,2014-08-31T11:15:00,14,24401229,180681
OK,65,50,879,65,2014-08-31T11:20:00,16,24401677,180681
OK,70,47,879,70,2014-08-31T11:25:00,15,24402125,180681
OK,49,67,879,49,2014-08-31T11:30:00,19,24402533,180681
OK,55,60,879,55,2014-08-31T11:35:00,16,24402981,180681
OK,58,57,879,58,2014-08-31T11:40:00,9,24403404,180681
OK,47,70,879,47,2014-08-31T11:45:00,13,24403852,180681
OK,47,70,879,47,2014-08-31T11:50:00,16,24404301,180681
OK,55,60,879,55,2014-08-31T11:55:00,16,24404748,180681
OK,76,43,879,76,2014-08-31T12:00:00,16,24405195,180681
OK,50,66,879,50,2014-08-31T12:05:00,12,24405486,180681
OK,45,73,879,45,2014-08-31T12:10:00,5,24405935,180681
OK,39,84,879,39,2014-08-31T12:15:00,7,24406380,180681
OK,52,63,879,52,2014-08-31T12:20:00,12,24406824,180681
OK,52,63,879,52,2014-08-31T12:25:00,16,24407273,180681
OK,51,64,879,51,2014-08-31T12:30:00,13,24407704,180681
OK,59,56,879,59,2014-08-31T12:35:00,13,24408153,180681
OK,59,56,879,59,2014-08-31T12:40:00,11,24408574,180681
OK,70,47,879,70,2014-08-31T12:45:00,8,24408935,180681
OK,45,73,879,45,2014-08-31T12:50:00,10,24409383,180681
OK,52,63,879,52,2014-08-31T12:55:00,11,24409828,180681
OK,52,63,879,52,2014-08-31T13:00:00,17,24410276,180681
OK,50,66,879,50,2014-08-31T13:05:00,14,24410707,180681
OK,60,55,879,60,2014-08-31T13:10:00,11,24411132,180681
OK,60,55,879,60,2014-08-31T13:15:00,13,24411578,180681
OK,67,49,879,67,2014-08-31T13:20:00,9,24412001,180681
OK,48,69,879,48,2014-08-31T13:25:00,14,24412449,180681
OK,48,69,879,48,2014-08-31T13:30:00,12,24412892,180681
OK,58,57,879,58,2014-08-31T13:35:00,11,24413339,180681
OK,59,56,879,59,2014-08-31T13:40:00,9,24413777,180681
OK,64,51,879,64,2014-08-31T13:45:00,6,24414217,180681
OK,46,72,879,46,2014-08-31T13:50:00,13,24414649,180681
OK,43,77,879,43,2014-08-31T13:55:00,11,24415098,180681
OK,47,70,879,47,2014-08-31T14:00:00,8,24415541,180681
OK,45,73,879,45,2014-08-31T14:05:00,9,24415989,180681
OK,44,75,879,44,2014-08-31T14:10:00,9,24416433,180681
OK,57,58,879,57,2014-08-31T14:15:00,14,24416877,180681
OK,59,56,879,59,2014-08-31T14:20:00,14,24417307,180681
OK,53,62,879,53,2014-08-31T14:30:00,8,24418022,180681
OK,55,60,879,55,2014-08-31T14:35:00,8,24418471,180681
OK,55,60,879,55,2014-08-31T14:40:00,12,24418904,180681
OK,48,69,879,48,2014-08-31T14:45:00,12,24419337,180681
OK,47,70,879,47,2014-08-31T14:50:00,6,24419774,180681
OK,55,60,879,55,2014-08-31T14:55:00,7,24420222,180681
OK,55,60,879,55,2014-08-31T15:00:00,7,24420636,180681
OK,57,58,879,57,2014-08-31T15:05:00,8,24421085,180681
OK,50,66,879,50,2014-08-31T15:10:00,10,24421529,180681
OK,50,66,879,50,2014-08-31T15:15:00,12,24421978,180681
OK,59,56,879,59,2014-08-31T15:20:00,12,24422387,180681
OK,82,40,879,82,2014-08-31T15:25:00,8,24422836,180681
OK,77,43,879,77,2014-08-31T15:30:00,9,24423279,180681
OK,57,58,879,57,2014-08-31T15:35:00,14,24423722,180681
OK,54,61,879,54,2014-08-31T15:40:00,11,24424167,180681
OK,34,97,879,34,2014-08-31T15:45:00,4,24424602,180681
OK,70,47,879,70,2014-08-31T15:50:00,10,24425046,180681
OK,74,44,879,74,2014-08-31T15:55:00,12,24425495,180681
OK,44,75,879,44,2014-08-31T16:00:00,6,24425928,180681
OK,50,66,879,50,2014-08-31T16:05:00,7,24426377,180681
OK,50,66,879,50,2014-08-31T16:10:00,11,24426798,180681
OK,46,72,879,46,2014-08-31T16:15:00,9,24427247,180681
OK,51,64,879,51,2014-08-31T16:20:00,5,24427657,180681
OK,50,66,879,50,2014-08-31T16:25:00,8,24428105,180681
OK,50,66,879,50,2014-08-31T16:30:00,8,24428541,180681
OK,50,66,879,50,2014-08-31T16:35:00,8,24428969,180681
OK,46,72,879,46,2014-08-31T16:40:00,8,24429416,180681
OK,62,53,879,62,2014-08-31T16:45:00,9,24429832,180681
OK,44,75,879,44,2014-08-31T16:50:00,8,24430177,180681
OK,48,69,879,48,2014-08-31T16:55:00,6,24430626,180681
OK,53,62,879,53,2014-08-31T17:00:00,5,24430981,180681
OK,73,45,879,73,2014-08-31T17:05:00,2,24431427,180681
OK,61,54,879,61,2014-08-31T17:10:00,7,24431862,180681
OK,52,63,879,52,2014-08-31T17:15:00,10,24432309,180681
OK,55,60,879,55,2014-08-31T17:20:00,6,24432731,180681
OK,57,58,879,57,2014-08-31T17:25:00,8,24433172,180681
OK,60,55,879,60,2014-08-31T17:30:00,5,24433621,180681
OK,46,72,879,46,2014-08-31T17:35:00,1,24434070,180681
OK,77,43,879,77,2014-08-31T17:40:00,7,24434497,180681
OK,54,61,879,54,2014-08-31T17:45:00,9,24434871,180681
OK,49,67,879,49,2014-08-31T17:50:00,3,24435320,180681
OK,46,72,879,46,2014-08-31T18:00:00,9,24436073,180681
OK,46,72,879,46,2014-08-31T18:05:00,5,24436522,180681
OK,48,69,879,48,2014-08-31T18:10:00,4,24436953,180681
OK,52,63,879,52,2014-08-31T18:15:00,4,24437387,180681
OK,49,67,879,49,2014-08-31T18:20:00,4,24437835,180681
OK,44,75,879,44,2014-08-31T18:25:00,2,24438278,180681
OK,51,64,879,51,2014-08-31T18:30:00,0,24438694,180681
OK,56,59,879,56,2014-08-31T18:40:00,9,24439485,180681
OK,47,70,879,47,2014-08-31T18:45:00,7,24439934,180681
OK,44,75,879,44,2014-08-31T18:50:00,3,24440344,180681
OK,62,53,879,62,2014-08-31T18:55:00,2,24440734,180681
OK,65,50,879,65,2014-08-31T19:00:00,5,24441183,180681
OK,65,50,879,65,2014-08-31T19:05:00,7,24441631,180681
OK,69,48,879,69,2014-08-31T19:10:00,5,24442073,180681
OK,51,64,879,51,2014-08-31T19:15:00,10,24442506,180681
OK,52,63,879,52,2014-08-31T19:20:00,8,24442949,180681
OK,51,64,879,51,2014-08-31T19:25:00,3,24443386,180681
OK,44,75,879,44,2014-08-31T19:30:00,3,24443835,180681
OK,44,75,879,44,2014-08-31T19:35:00,6,24444187,180681
OK,45,73,879,45,2014-08-31T19:40:00,5,24444636,180681
OK,44,75,879,44,2014-08-31T19:45:00,4,24445053,180681
OK,44,75,879,44,2014-08-31T19:50:00,3,24445502,180681
OK,61,54,879,61,2014-08-31T19:55:00,2,24445947,180681
OK,72,46,879,72,2014-08-31T20:00:00,1,24446391,180681
OK,72,46,879,72,2014-08-31T20:05:00,0,24446820,180681
OK,76,43,879,76,2014-08-31T20:10:00,2,24447267,180681
OK,68,48,879,68,2014-08-31T20:15:00,4,24447715,180681
OK,51,64,879,51,2014-08-31T20:20:00,1,24448092,180681
OK,51,64,879,51,2014-08-31T20:25:00,0,24448541,180681
OK,71,46,879,71,2014-08-31T20:30:00,3,24448969,180681
OK,71,46,879,71,2014-08-31T20:35:00,3,24449418,180681
OK,50,66,879,50,2014-08-31T20:40:00,2,24449859,180681
OK,49,67,879,49,2014-08-31T20:45:00,3,24450291,180681
OK,48,69,879,48,2014-08-31T20:50:00,4,24450735,180681
OK,44,75,879,44,2014-08-31T20:55:00,4,24451182,180681
OK,41,80,879,41,2014-08-31T21:00:00,1,24451611,180681
OK,80,41,879,80,2014-08-31T21:05:00,2,24452060,180681
OK,78,42,879,78,2014-08-31T21:10:00,4,24452497,180681
OK,42,78,879,42,2014-08-31T21:20:00,1,24453357,180681
OK,34,97,879,34,2014-08-31T21:30:00,1,24454201,180681
OK,31,106,879,31,2014-08-31T21:40:00,3,24455051,180681
OK,52,63,879,52,2014-08-31T21:50:00,0,24455878,180681
OK,40,82,879,40,2014-08-31T21:55:00,1,24456730,180681
OK,44,75,879,44,2014-08-31T22:05:00,1,24457176,180681
OK,44,75,879,44,2014-08-31T22:15:00,0,24458008,180681
OK,53,62,879,53,2014-08-31T22:20:00,1,24458457,180681
OK,53,62,879,53,2014-08-31T22:25:00,1,24459184,180681
OK,57,58,879,57,2014-08-31T22:30:00,1,24459494,180681
OK,57,58,879,57,2014-08-31T22:40:00,0,24459934,180681
OK,57,58,879,57,2014-08-31T22:45:00,0,24460383,180681
OK,26,127,879,26,2014-08-31T22:50:00,1,24460819,180681
OK,26,127,879,26,2014-08-31T22:55:00,0,24461681,180681
OK,66,50,879,66,2014-08-31T23:05:00,5,24462130,180681
OK,71,46,879,71,2014-08-31T23:10:00,4,24462978,180681
OK,76,43,879,76,2014-08-31T23:15:00,0,24463426,180681
OK,76,43,879,76,2014-08-31T23:20:00,0,24463789,180681
OK,81,40,879,81,2014-08-31T23:25:00,1,24464232,180681
OK,81,40,879,81,2014-08-31T23:30:00,1,24464681,180681
OK,44,75,879,44,2014-08-31T23:35:00,0,24465064,180681
OK,44,75,879,44,2014-08-31T23:40:00,0,24465506,180681
OK,44,75,879,44,2014-08-31T23:50:00,0,24465955,180681
OK,44,75,879,44,2014-08-31T23:55:00,0,24466778,180681
OK,44,75,879,44,2014-09-01T00:00:00,0,24467114,180681
OK,36,92,879,36,2014-09-01T00:20:00,3,24468240,180681
OK,70,47,879,70,2014-09-01T00:30:00,1,24468689,180681
OK,70,47,879,70,2014-09-01T00:35:00,0,24469138,180681
OK,70,47,879,70,2014-09-01T00:40:00,0,24469587,180681
OK,70,47,879,70,2014-09-01T00:45:00,0,24470019,180681
OK,45,73,879,45,2014-09-01T00:50:00,1,24470468,180681
OK,47,70,879,47,2014-09-01T01:00:00,1,24471296,180681
OK,47,70,879,47,2014-09-01T01:05:00,0,24471745,180681
OK,47,70,879,47,2014-09-01T01:15:00,0,24472547,180681
OK,47,70,879,47,2014-09-01T01:20:00,0,24472996,180681
OK,44,75,879,44,2014-09-01T01:25:00,1,24473445,180681
OK,44,75,879,44,2014-09-01T01:30:00,1,24473863,180681
OK,44,75,879,44,2014-09-01T01:40:00,0,24474643,180681
OK,55,60,879,55,2014-09-01T01:45:00,0,24475092,180681
OK,56,59,879,56,2014-09-01T01:50:00,2,24475541,180681
OK,53,62,879,53,2014-09-01T01:55:00,1,24475984,180681
OK,53,62,879,53,2014-09-01T02:00:00,0,24476376,180681
OK,53,62,879,53,2014-09-01T02:05:00,0,24476825,180681
OK,53,62,879,53,2014-09-01T02:10:00,0,24477273,180681
OK,53,62,879,53,2014-09-01T02:15:00,0,24477703,180681
OK,53,62,879,53,2014-09-01T02:20:00,0,24478151,180681
OK,53,62,879,53,2014-09-01T02:25:00,0,24478599,180681
OK,42,78,879,42,2014-09-01T02:35:00,0,24479389,180681
OK,44,75,879,44,2014-09-01T02:40:00,1,24479838,180681
OK,46,72,879,46,2014-09-01T02:45:00,3,24480274,180681
OK,46,72,879,46,2014-09-01T02:50:00,4,24480723,180681
OK,39,84,879,39,2014-09-01T03:00:00,1,24481494,180681
OK,39,84,879,39,2014-09-01T03:05:00,1,24481943,180681
OK,39,84,879,39,2014-09-01T03:10:00,0,24482391,180681
OK,76,43,879,76,2014-09-01T03:15:00,2,24482771,180681
OK,61,54,879,61,2014-09-01T03:20:00,9,24483220,180681
OK,84,39,879,84,2014-09-01T03:25:00,5,24483669,180681
OK,55,60,879,55,2014-09-01T03:30:00,0,24484117,180681
OK,55,60,879,55,2014-09-01T03:35:00,0,24484448,180681
OK,55,60,879,55,2014-09-01T03:40:00,0,24484897,180681
OK,59,56,879,59,2014-09-01T03:50:00,3,24485629,180681
OK,60,55,879,60,2014-09-01T03:55:00,5,24486078,180681
OK,80,41,879,80,2014-09-01T04:00:00,8,24486526,180681
OK,74,44,879,74,2014-09-01T04:05:00,7,24486964,180681
OK,68,48,879,68,2014-09-01T04:10:00,7,24487411,180681
OK,56,59,879,56,2014-09-01T04:15:00,9,24487852,180681
OK,55,60,879,55,2014-09-01T04:20:00,12,24488286,180681
OK,44,75,879,44,2014-09-01T04:25:00,10,24488735,180681
OK,46,72,879,46,2014-09-01T04:30:00,13,24489144,180681
OK,70,47,879,70,2014-09-01T04:35:00,13,24489593,180681
OK,50,66,879,50,2014-09-01T04:40:00,9,24490040,180681
OK,64,51,879,64,2014-09-01T04:45:00,14,24490397,180681
OK,51,64,879,51,2014-09-01T04:50:00,27,24490846,180681
OK,72,46,879,72,2014-09-01T05:00:00,26,24491572,180681
OK,70,47,879,70,2014-09-01T05:05:00,25,24492021,180681
OK,74,44,879,74,2014-09-01T05:10:00,29,24492470,180681
OK,73,45,879,73,2014-09-01T05:15:00,30,24492919,180681
OK,66,50,879,66,2014-09-01T05:20:00,36,24493367,180681
OK,78,42,879,78,2014-09-01T05:25:00,43,24493701,180681
OK,77,43,879,77,2014-09-01T05:30:00,32,24494150,180681
OK,78,42,879,78,2014-09-01T05:35:00,33,24494599,180681
OK,92,36,879,92,2014-09-01T05:40:00,40,24494905,180681
OK,93,35,879,93,2014-09-01T05:45:00,41,24495354,180681
OK,98,33,879,98,2014-09-01T05:50:00,31,24495799,180681
OK,121,27,879,121,2014-09-01T05:55:00,21,24496144,180681
OK,119,27,879,119,2014-09-01T06:00:00,38,24496593,180681
OK,75,44,879,75,2014-09-01T06:10:00,39,24497304,180681
OK,82,40,879,82,2014-09-01T06:15:00,37,24497753,180681
OK,83,39,879,83,2014-09-01T06:20:00,25,24498161,180681
OK,75,44,879,75,2014-09-01T06:30:00,31,24498881,180681
OK,79,41,879,79,2014-09-01T06:35:00,26,24499330,180681
OK,77,43,879,77,2014-09-01T06:40:00,21,24499775,180681
OK,67,49,879,67,2014-09-01T06:45:00,32,24500143,180681
OK,72,46,879,72,2014-09-01T06:50:00,39,24500592,180681
OK,73,45,879,73,2014-09-01T06:55:00,29,24501033,180681
OK,59,56,879,59,2014-09-01T07:00:00,21,24501371,180681
OK,59,56,879,59,2014-09-01T07:05:00,24,24501820,180681
OK,50,66,879,50,2014-09-01T07:10:00,20,24502247,180681
OK,49,67,879,49,2014-09-01T07:15:00,15,24502696,180681
OK,56,59,879,56,2014-09-01T07:20:00,23,24503145,180681
OK,71,46,879,71,2014-09-01T07:25:00,25,24503594,180681
OK,69,48,879,69,2014-09-01T07:30:00,31,24503964,180681
OK,66,50,879,66,2014-09-01T07:35:00,28,24504413,180681
OK,69,48,879,69,2014-09-01T07:40:00,20,24504827,180681
OK,72,46,879,72,2014-09-01T07:45:00,22,24505276,180681
OK,74,44,879,74,2014-09-01T07:50:00,23,24505724,180681
OK,66,50,879,66,2014-09-01T07:55:00,24,24506172,180681
OK,54,61,879,54,2014-09-01T08:00:00,23,24506618,180681
OK,64,51,879,64,2014-09-01T08:05:00,24,24507062,180681
OK,69,48,879,69,2014-09-01T08:10:00,24,24507499,180681
OK,59,56,879,59,2014-09-01T08:15:00,30,24507842,180681
OK,57,58,879,57,2014-09-01T08:20:00,29,24508291,180681
OK,57,58,879,57,2014-09-01T08:25:00,19,24508740,180681
OK,58,57,879,58,2014-09-01T08:30:00,19,24509189,180681
OK,60,55,879,60,2014-09-01T08:35:00,29,24509634,180681
OK,61,54,879,61,2014-09-01T08:40:00,33,24510083,180681
OK,68,48,879,68,2014-09-01T08:45:00,31,24510532,180681
OK,69,48,879,69,2014-09-01T08:50:00,26,24510971,180681
OK,66,50,879,66,2014-09-01T08:55:00,26,24511327,180681
OK,67,49,879,67,2014-09-01T09:00:00,29,24511776,180681
OK,60,55,879,60,2014-09-01T09:05:00,24,24512225,180681
OK,60,55,879,60,2014-09-01T09:10:00,19,24512555,180681
OK,53,62,879,53,2014-09-01T09:15:00,24,24513004,180681
OK,50,66,879,50,2014-09-01T09:20:00,28,24513433,180681
OK,57,58,879,57,2014-09-01T09:25:00,25,24513786,180681
OK,57,58,879,57,2014-09-01T09:30:00,23,24514235,180681
OK,68,48,879,68,2014-09-01T09:40:00,34,24514958,180681
OK,65,50,879,65,2014-09-01T09:45:00,22,24515407,180681
OK,54,61,879,54,2014-09-01T09:50:00,21,24515846,180681
OK,57,58,879,57,2014-09-01T09:55:00,23,24516264,180681
OK,67,49,879,67,2014-09-01T10:00:00,18,24516713,180681
OK,73,45,879,73,2014-09-01T10:05:00,25,24517051,180681
OK,68,48,879,68,2014-09-01T10:10:00,34,24517500,180681
OK,64,51,879,64,2014-09-01T10:20:00,30,24518248,180681
OK,50,66,879,50,2014-09-01T10:25:00,22,24518697,180681
OK,56,59,879,56,2014-09-01T10:30:00,20,24519107,180681
OK,75,44,879,75,2014-09-01T10:35:00,29,24519556,180681
OK,80,41,879,80,2014-09-01T10:40:00,30,24519996,180681
OK,61,54,879,61,2014-09-01T10:45:00,28,24520445,180681
OK,54,61,879,54,2014-09-01T10:50:00,29,24520880,180681
OK,51,64,879,51,2014-09-01T10:55:00,28,24521329,180681
OK,70,47,879,70,2014-09-01T11:00:00,34,24521748,180681
OK,72,46,879,72,2014-09-01T11:05:00,28,24522197,180681
OK,59,56,879,59,2014-09-01T11:10:00,16,24522646,180681
OK,74,44,879,74,2014-09-01T11:15:00,23,24523074,180681
OK,81,40,879,81,2014-09-01T11:20:00,20,24523502,180681
OK,65,50,879,65,2014-09-01T11:30:00,32,24524276,180681
OK,65,50,879,65,2014-09-01T11:35:00,27,24524725,180681
OK,61,54,879,61,2014-09-01T11:40:00,22,24525166,180681
OK,63,52,879,63,2014-09-01T11:45:00,21,24525589,180681
OK,65,50,879,65,2014-09-01T11:50:00,21,24526030,180681
OK,70,47,879,70,2014-09-01T11:55:00,24,24526479,180681
OK,71,46,879,71,2014-09-01T12:00:00,9,24526927,180681
OK,81,40,879,81,2014-09-01T12:05:00,17,24527375,180681
OK,81,40,879,81,2014-09-01T12:10:00,21,24527798,180681
OK,63,52,879,63,2014-09-01T12:15:00,26,24528244,180681
OK,62,53,879,62,2014-09-01T12:20:00,24,24528677,180681
OK,77,43,879,77,2014-09-01T12:25:00,25,24529126,180681
OK,76,43,879,76,2014-09-01T12:30:00,31,24529815,180681
OK,78,42,879,78,2014-09-01T12:40:00,26,24530259,180681
OK,71,46,879,71,2014-09-01T12:45:00,23,24530708,180681
OK,70,47,879,70,2014-09-01T12:50:00,17,24531054,180681
OK,68,48,879,68,2014-09-01T12:55:00,25,24531503,180681
OK,67,49,879,67,2014-09-01T13:05:00,29,24532255,180681
OK,73,45,879,73,2014-09-01T13:10:00,26,24532704,180681
OK,79,41,879,79,2014-09-01T13:15:00,21,24533153,180681
OK,63,52,879,63,2014-09-01T13:25:00,28,24533946,180681
OK,72,46,879,72,2014-09-01T13:30:00,32,24534395,180681
OK,95,34,879,95,2014-09-01T13:40:00,29,24535186,180681
OK,86,38,879,86,2014-09-01T13:45:00,37,24535635,180681
OK,79,41,879,79,2014-09-01T13:50:00,38,24536083,180681
OK,79,41,879,79,2014-09-01T13:55:00,36,24536531,180681
OK,66,50,879,66,2014-09-01T14:00:00,24,24536964,180681
OK,76,43,879,76,2014-09-01T14:05:00,22,24537413,180681
OK,78,42,879,78,2014-09-01T14:10:00,30,24537861,180681
OK,74,44,879,74,2014-09-01T14:15:00,29,24538305,180681
OK,78,42,879,78,2014-09-01T14:20:00,35,24538744,180681
OK,80,41,879,80,2014-09-01T14:25:00,44,24539189,180681
OK,89,37,879,89,2014-09-01T14:30:00,31,24539597,180681
OK,89,37,879,89,2014-09-01T14:35:00,14,24540045,180681
OK,71,46,879,71,2014-09-01T14:45:00,30,24540801,180681
OK,66,50,879,66,2014-09-01T14:50:00,28,24541249,180681
OK,76,43,879,76,2014-09-01T15:00:00,21,24542020,180681
OK,75,44,879,75,2014-09-01T15:05:00,16,24542469,180681
OK,81,40,879,81,2014-09-01T15:10:00,12,24542905,180681
OK,73,45,879,73,2014-09-01T15:15:00,9,24543354,180681
OK,73,45,879,73,2014-09-01T15:20:00,14,24543789,180681
OK,73,45,879,73,2014-09-01T15:25:00,20,24544238,180681
OK,68,48,879,68,2014-09-01T15:30:00,16,24544655,180681
OK,63,52,879,63,2014-09-01T15:35:00,15,24545103,180681
OK,62,53,879,62,2014-09-01T15:40:00,18,24545414,180681
OK,69,48,879,69,2014-09-01T15:45:00,23,24545863,180681
OK,77,43,879,77,2014-09-01T15:50:00,23,24546309,180681
OK,63,52,879,63,2014-09-01T15:55:00,14,24546669,180681
OK,76,43,879,76,2014-09-01T16:00:00,8,24547118,180681
OK,72,46,879,72,2014-09-01T16:05:00,10,24547564,180681
OK,51,64,879,51,2014-09-01T16:10:00,9,24547995,180681
OK,47,70,879,47,2014-09-01T16:15:00,11,24548444,180681
OK,68,48,879,68,2014-09-01T16:25:00,13,24549190,180681
OK,54,61,879,54,2014-09-01T16:30:00,11,24549639,180681
OK,53,62,879,53,2014-09-01T16:35:00,7,24550088,180681
OK,56,59,879,56,2014-09-01T16:40:00,8,24550531,180681
OK,70,47,879,70,2014-09-01T16:45:00,9,24550977,180681
OK,59,56,879,59,2014-09-01T16:50:00,11,24551415,180681
OK,61,54,879,61,2014-09-01T16:55:00,8,24551861,180681
OK,70,47,879,70,2014-09-01T17:00:00,8,24552190,180681
OK,68,48,879,68,2014-09-01T17:05:00,13,24552639,180681
OK,68,48,879,68,2014-09-01T17:10:00,11,24553088,180681
OK,56,59,879,56,2014-09-01T17:15:00,13,24553535,180681
OK,65,50,879,65,2014-09-01T17:20:00,10,24553860,180681
OK,70,47,879,70,2014-09-01T17:25:00,7,24554309,180681
OK,49,67,879,49,2014-09-01T17:35:00,7,24555047,180681
OK,67,49,879,67,2014-09-01T17:40:00,5,24555496,180681
OK,50,66,879,50,2014-09-01T17:45:00,5,24555935,180681
OK,51,64,879,51,2014-09-01T17:50:00,9,24556384,180681
OK,49,67,879,49,2014-09-01T18:00:00,5,24557138,180681
OK,46,72,879,46,2014-09-01T18:05:00,7,24557587,180681
OK,46,72,879,46,2014-09-01T18:10:00,5,24558015,180681
OK,59,56,879,59,2014-09-01T18:15:00,5,24558462,180681
OK,64,51,879,64,2014-09-01T18:20:00,4,24558906,180681
OK,56,59,879,56,2014-09-01T18:25:00,5,24559354,180681
OK,48,69,879,48,2014-09-01T18:35:00,4,24559981,180681
OK,51,64,879,51,2014-09-01T18:40:00,7,24560430,180681
OK,51,64,879,51,2014-09-01T18:45:00,6,24560878,180681
OK,67,49,879,67,2014-09-01T18:50:00,6,24561327,180681
OK,55,60,879,55,2014-09-01T18:55:00,5,24561743,180681
OK,45,73,879,45,2014-09-01T19:00:00,7,24562189,180681
OK,76,43,879,76,2014-09-01T19:05:00,10,24562619,180681
OK,81,40,879,81,2014-09-01T19:10:00,9,24563050,180681
OK,50,66,879,50,2014-09-01T19:20:00,12,24563829,180681
OK,58,57,879,58,2014-09-01T19:25:00,8,24564278,180681
OK,52,63,879,52,2014-09-01T19:35:00,7,24565057,180681
OK,70,47,879,70,2014-09-01T19:40:00,4,24565506,180681
OK,79,41,879,79,2014-09-01T19:45:00,3,24565932,180681
OK,52,63,879,52,2014-09-01T19:50:00,5,24566365,180681
OK,47,70,879,47,2014-09-01T19:55:00,4,24566814,180681
OK,51,64,879,51,2014-09-01T20:00:00,4,24567229,180681
OK,62,53,879,62,2014-09-01T20:05:00,4,24567665,180681
OK,54,61,879,54,2014-09-01T20:10:00,5,24568082,180681
OK,52,63,879,52,2014-09-01T20:15:00,3,24568529,180681
OK,93,35,879,93,2014-09-01T20:20:00,1,24568955,180681
OK,93,35,879,93,2014-09-01T20:25:00,0,24569404,180681
OK,52,63,879,52,2014-09-01T20:30:00,4,24569790,180681
OK,56,59,879,56,2014-09-01T20:35:00,7,24570239,180681
OK,44,75,879,44,2014-09-01T20:45:00,6,24571036,180681
OK,49,67,879,49,2014-09-01T20:50:00,6,24571485,180681
OK,57,58,879,57,2014-09-01T20:55:00,4,24571934,180681
OK,74,44,879,74,2014-09-01T21:00:00,2,24572379,180681
OK,84,39,879,84,2014-09-01T21:05:00,4,24572796,180681
OK,57,58,879,57,2014-09-01T21:10:00,2,24573237,180681
OK,56,59,879,56,2014-09-01T21:15:00,5,24573680,180681
OK,42,78,879,42,2014-09-01T21:20:00,2,24574125,180681
OK,51,64,879,51,2014-09-01T21:25:00,2,24574574,180681
OK,60,55,879,60,2014-09-01T21:30:00,4,24575015,180681
OK,75,44,879,75,2014-09-01T21:40:00,2,24575833,180681
OK,105,31,879,105,2014-09-01T21:45:00,1,24576282,180681
OK,50,66,879,50,2014-09-01T21:50:00,3,24576731,180681
OK,44,75,879,44,2014-09-01T21:55:00,1,24577490,180681
OK,44,75,879,44,2014-09-01T22:05:00,0,24577939,180681
OK,83,39,879,83,2014-09-01T22:10:00,2,24578387,180681
OK,44,75,879,44,2014-09-01T22:15:00,2,24578810,180681
OK,42,78,879,42,2014-09-01T22:20:00,0,24579255,180681
OK,42,78,879,42,2014-09-01T22:25:00,0,24579702,180681
OK,42,78,879,42,2014-09-01T22:30:00,0,24580116,180681
OK,42,78,879,42,2014-09-01T22:40:00,0,24580888,180681
OK,42,78,879,42,2014-09-01T22:45:00,0,24581337,180681
OK,64,51,879,64,2014-09-01T22:55:00,1,24582120,180681
OK,37,89,879,37,2014-09-01T23:00:00,1,24582569,180681
OK,50,66,879,50,2014-09-01T23:05:00,3,24583018,180681
OK,47,70,879,47,2014-09-01T23:10:00,2,24583465,180681
OK,47,70,879,47,2014-09-01T23:20:00,0,24584176,180681
OK,47,70,879,47,2014-09-01T23:25:00,0,24584623,180681
OK,47,70,879,47,2014-09-01T23:30:00,0,24585020,180681
OK,47,70,879,47,2014-09-01T23:40:00,2,24585795,180681
OK,64,51,879,64,2014-09-01T23:45:00,5,24586244,180681
OK,65,50,879,65,2014-09-01T23:50:00,0,24586680,180681
OK,76,43,879,76,2014-09-01T23:55:00,0,24587129,180681
OK,76,43,879,76,2014-09-02T00:00:00,0,24587815,180681
OK,76,43,879,76,2014-09-02T00:05:00,0,24588222,180681
OK,76,43,879,76,2014-09-02T00:25:00,0,24589245,180681
OK,76,43,879,76,2014-09-02T00:30:00,0,24589694,180681
OK,76,43,879,76,2014-09-02T00:35:00,0,24590132,180681
OK,76,43,879,76,2014-09-02T00:40:00,0,24590946,180681
OK,76,43,879,76,2014-09-02T00:50:00,0,24591395,180681
OK,48,69,879,48,2014-09-02T01:00:00,1,24592225,180681
OK,47,70,879,47,2014-09-02T01:05:00,2,24592673,180681
OK,47,70,879,47,2014-09-02T01:10:00,2,24593121,180681
OK,48,69,879,48,2014-09-02T01:15:00,1,24593909,180681
OK,48,69,879,48,2014-09-02T01:25:00,0,24594354,180681
OK,68,48,879,68,2014-09-02T01:30:00,1,24594802,180681
OK,36,92,879,36,2014-09-02T01:40:00,1,24595679,180681
OK,36,92,879,36,2014-09-02T01:45:00,0,24596128,180681
OK,36,92,879,36,2014-09-02T01:50:00,0,24596576,180681
OK,36,92,879,36,2014-09-02T01:55:00,0,24597024,180681
OK,36,92,879,36,2014-09-02T02:05:00,0,24597848,180681
OK,36,92,879,36,2014-09-02T02:10:00,0,24598296,180681
OK,36,92,879,36,2014-09-02T02:15:00,0,24598743,180681
OK,36,92,879,36,2014-09-02T02:20:00,0,24599179,180681
OK,36,92,879,36,2014-09-02T02:25:00,0,24599628,180681
OK,36,92,879,36,2014-09-02T02:30:00,0,24600065,180681
OK,58,57,879,58,2014-09-02T02:35:00,2,24600513,180681
OK,57,58,879,57,2014-09-02T02:40:00,5,24600962,180681
OK,41,80,879,41,2014-09-02T02:45:00,2,24601407,180681
OK,53,62,879,53,2014-09-02T02:50:00,3,24601837,180681
OK,48,69,879,48,2014-09-02T02:55:00,2,24602285,180681
OK,46,72,879,46,2014-09-02T03:00:00,1,24602730,180681
OK,46,72,879,46,2014-09-02T03:05:00,0,24603177,180681
OK,45,73,879,45,2014-09-02T03:10:00,3,24603624,180681
OK,45,73,879,45,2014-09-02T03:15:00,3,24604071,180681
OK,53,62,879,53,2014-09-02T03:20:00,3,24604519,180681
OK,48,69,879,48,2014-09-02T03:25:00,2,24604958,180681
OK,59,56,879,59,2014-09-02T03:30:00,5,24605403,180681
OK,52,63,879,52,2014-09-02T03:35:00,4,24605792,180681
OK,59,56,879,59,2014-09-02T03:40:00,5,24606241,180681
OK,59,56,879,59,2014-09-02T03:50:00,1,24606972,180681
OK,61,54,879,61,2014-09-02T03:55:00,4,24607421,180681
OK,66,50,879,66,2014-09-02T04:00:00,4,24607870,180681
OK,64,51,879,64,2014-09-02T04:05:00,6,24608307,180681
OK,63,52,879,63,2014-09-02T04:10:00,4,24608750,180681
OK,47,70,879,47,2014-09-02T04:15:00,4,24609187,180681
OK,57,58,879,57,2014-09-02T04:20:00,11,24609633,180681
OK,53,62,879,53,2014-09-02T04:25:00,12,24610065,180681
OK,52,63,879,52,2014-09-02T04:30:00,6,24610514,180681
OK,57,58,879,57,2014-09-02T04:35:00,9,24610962,180681
OK,64,51,879,64,2014-09-02T04:40:00,15,24611398,180681
OK,55,60,879,55,2014-09-02T04:45:00,19,24611847,180681
OK,72,46,879,72,2014-09-02T04:50:00,32,24612293,180681
OK,76,43,879,76,2014-09-02T04:55:00,43,24612737,180681
OK,72,46,879,72,2014-09-02T05:00:00,29,24613166,180681
OK,78,42,879,78,2014-09-02T05:05:00,31,24613615,180681
OK,102,32,879,102,2014-09-02T05:10:00,27,24614052,180681
OK,106,31,879,106,2014-09-02T05:15:00,25,24614501,180681
OK,116,28,879,116,2014-09-02T05:20:00,31,24614831,180681
OK,117,28,879,117,2014-09-02T05:25:00,39,24615280,180681
OK,99,33,879,99,2014-09-02T05:30:00,47,24615729,180681
OK,91,36,879,91,2014-09-02T05:35:00,41,24616076,180681
OK,101,32,879,101,2014-09-02T05:40:00,23,24616525,180681
OK,123,26,879,123,2014-09-02T05:45:00,49,24616962,180681
OK,127,26,879,127,2014-09-02T05:50:00,64,24617305,180681
OK,144,23,879,144,2014-09-02T05:55:00,50,24617754,180681
OK,141,23,879,141,2014-09-02T06:00:00,41,24618190,180681
OK,111,29,879,111,2014-09-02T06:05:00,36,24618639,180681
OK,120,27,879,120,2014-09-02T06:10:00,32,24619083,180681
OK,102,32,879,102,2014-09-02T06:15:00,21,24619531,180681
OK,68,48,879,68,2014-09-02T06:20:00,35,24619969,180681
OK,68,48,879,68,2014-09-02T06:25:00,35,24620311,180681
OK,90,36,879,90,2014-09-02T06:30:00,36,24620760,180681
OK,93,35,879,93,2014-09-02T06:40:00,24,24621510,180681
OK,87,38,879,87,2014-09-02T06:45:00,29,24621959,180681
OK,98,33,879,98,2014-09-02T06:50:00,33,24622407,180681
OK,98,33,879,98,2014-09-02T06:55:00,30,24622854,180681
OK,67,49,879,67,2014-09-02T07:00:00,29,24623289,180681
OK,74,44,879,74,2014-09-02T07:05:00,40,24623738,180681
OK,68,48,879,68,2014-09-02T07:10:00,34,24624185,180681
OK,68,48,879,68,2014-09-02T07:15:00,26,24624625,180681
OK,56,59,879,56,2014-09-02T07:20:00,19,24625054,180681
OK,78,42,879,78,2014-09-02T07:30:00,21,24625803,180681
OK,76,43,879,76,2014-09-02T07:35:00,14,24626251,180681
OK,77,43,879,77,2014-09-02T07:40:00,28,24626574,180681
OK,79,41,879,79,2014-09-02T07:45:00,35,24627023,180681
OK,96,34,879,96,2014-09-02T07:50:00,23,24627469,180681
OK,78,42,879,78,2014-09-02T07:55:00,16,24627801,180681
OK,64,51,879,64,2014-09-02T08:00:00,14,24628250,180681
OK,62,53,879,62,2014-09-02T08:10:00,14,24628966,180681
OK,68,48,879,68,2014-09-02T08:15:00,18,24629415,180681
OK,75,44,879,75,2014-09-02T08:20:00,20,24629840,180681
OK,52,63,879,52,2014-09-02T08:25:00,18,24630289,180681
OK,74,44,879,74,2014-09-02T08:30:00,21,24630595,180681
OK,64,51,879,64,2014-09-02T08:35:00,23,24631044,180681
OK,61,54,879,61,2014-09-02T08:40:00,28,24631454,180681
OK,77,43,879,77,2014-09-02T08:45:00,27,24631811,180681
OK,71,46,879,71,2014-09-02T08:50:00,15,24632260,180681
OK,65,50,879,65,2014-09-02T08:55:00,16,24632708,180681
OK,77,43,879,77,2014-09-02T09:10:00,18,24633856,180681
OK,76,43,879,76,2014-09-02T09:15:00,19,24634305,180681
OK,53,62,879,53,2014-09-02T09:20:00,13,24634726,180681
OK,68,48,879,68,2014-09-02T09:30:00,23,24635497,180681
OK,69,48,879,69,2014-09-02T09:35:00,28,24635946,180681
OK,65,50,879,65,2014-09-02T09:40:00,25,24636359,180681
OK,73,45,879,73,2014-09-02T09:45:00,24,24636724,180681
OK,71,46,879,71,2014-09-02T09:50:00,19,24637173,180681
OK,60,55,879,60,2014-09-02T10:00:00,17,24637904,180681
OK,61,54,879,61,2014-09-02T10:05:00,24,24638353,180681
OK,73,45,879,73,2014-09-02T10:10:00,30,24638801,180681
OK,89,37,879,89,2014-09-02T10:15:00,25,24639107,180681
OK,83,39,879,83,2014-09-02T10:20:00,26,24639556,180681
OK,71,46,879,71,2014-09-02T10:25:00,25,24639999,180681
OK,90,36,879,90,2014-09-02T10:35:00,22,24640764,180681
OK,89,37,879,89,2014-09-02T10:40:00,24,24641213,180681
OK,94,35,879,94,2014-09-02T10:45:00,22,24641662,180681
OK,74,44,879,74,2014-09-02T10:50:00,15,24642091,180681
OK,65,50,879,65,2014-09-02T10:55:00,15,24642536,180681
OK,70,47,879,70,2014-09-02T11:00:00,20,24642975,180681
OK,62,53,879,62,2014-09-02T11:05:00,26,24643419,180681
OK,79,41,879,79,2014-09-02T11:15:00,16,24644186,180681
OK,85,38,879,85,2014-09-02T11:20:00,16,24644635,180681
OK,75,44,879,75,2014-09-02T11:25:00,18,24645052,180681
OK,82,40,879,82,2014-09-02T11:30:00,20,24645501,180681
OK,71,46,879,71,2014-09-02T11:40:00,20,24646268,180681
OK,69,48,879,69,2014-09-02T11:45:00,23,24646717,180681
OK,76,43,879,76,2014-09-02T11:50:00,20,24647166,180681
OK,66,50,879,66,2014-09-02T11:55:00,6,24647608,180681
OK,63,52,879,63,2014-09-02T12:00:00,21,24648029,180681
OK,71,46,879,71,2014-09-02T12:05:00,21,24648478,180681
OK,86,38,879,86,2014-09-02T12:10:00,23,24648916,180681
OK,117,28,879,117,2014-09-02T12:20:00,23,24649652,180681
OK,90,36,879,90,2014-09-02T12:25:00,30,24650101,180681
OK,82,40,879,82,2014-09-02T12:30:00,38,24650508,180681
OK,68,48,879,68,2014-09-02T12:35:00,41,24650957,180681
OK,67,49,879,67,2014-09-02T12:40:00,28,24651380,180681
OK,90,36,879,90,2014-09-02T12:45:00,18,24651829,180681
OK,92,36,879,92,2014-09-02T12:50:00,27,24652243,180681
OK,98,33,879,98,2014-09-02T12:55:00,41,24652692,180681
OK,74,44,879,74,2014-09-02T13:00:00,39,24653129,180681
OK,109,30,879,109,2014-09-02T13:10:00,29,24653911,180681
OK,110,30,879,110,2014-09-02T13:15:00,33,24654360,180681
OK,115,28,879,115,2014-09-02T13:20:00,31,24654793,180681
OK,103,32,879,103,2014-09-02T13:25:00,42,24655237,180681
OK,97,34,879,97,2014-09-02T13:30:00,42,24655685,180681
OK,87,38,879,87,2014-09-02T13:35:00,23,24656134,180681
OK,108,30,879,108,2014-09-02T13:45:00,38,24656911,180681
OK,99,33,879,99,2014-09-02T13:50:00,25,24657360,180681
OK,91,36,879,91,2014-09-02T14:00:00,33,24658146,180681
OK,92,36,879,92,2014-09-02T14:05:00,29,24658595,180681
OK,110,30,879,110,2014-09-02T14:10:00,25,24659044,180681
OK,108,30,879,108,2014-09-02T14:15:00,33,24659492,180681
OK,151,21,879,151,2014-09-02T14:25:00,35,24660234,180681
OK,210,15,879,210,2014-09-02T14:30:00,33,24660683,180681
OK,213,15,879,213,2014-09-02T14:35:00,31,24661130,180681
OK,157,21,879,157,2014-09-02T14:45:00,32,24661941,180681
OK,142,23,879,142,2014-09-02T14:50:00,23,24662390,180681
OK,100,33,879,100,2014-09-02T15:00:00,30,24663159,180681
OK,78,42,879,78,2014-09-02T15:05:00,27,24663608,180681
OK,64,51,879,64,2014-09-02T15:10:00,17,24664024,180681
OK,80,41,879,80,2014-09-02T15:15:00,17,24664445,180681
OK,83,39,879,83,2014-09-02T15:20:00,27,24664894,180681
OK,76,43,879,76,2014-09-02T15:30:00,21,24665689,180681
OK,80,41,879,80,2014-09-02T15:35:00,19,24666138,180681
OK,81,40,879,81,2014-09-02T15:40:00,22,24666574,180681
OK,96,34,879,96,2014-09-02T15:45:00,12,24667023,180681
OK,79,41,879,79,2014-09-02T15:50:00,6,24667470,180681
OK,80,41,879,80,2014-09-02T15:55:00,13,24667914,180681
OK,72,46,879,72,2014-09-02T16:00:00,17,24668320,180681
OK,54,61,879,54,2014-09-02T16:05:00,17,24668768,180681
OK,63,52,879,63,2014-09-02T16:10:00,26,24669198,180681
OK,64,51,879,64,2014-09-02T16:25:00,7,24669958,180681
OK,49,67,879,49,2014-09-02T16:40:00,12,24670645,180681
OK,50,66,879,50,2014-09-02T16:45:00,15,24671094,180681
OK,79,41,879,79,2014-09-02T16:50:00,13,24671531,180681
OK,76,43,879,76,2014-09-02T16:55:00,16,24671978,180681
OK,58,57,879,58,2014-09-02T17:00:00,12,24672427,180681
OK,56,59,879,56,2014-09-02T17:05:00,12,24672842,180681
OK,54,61,879,54,2014-09-02T17:10:00,10,24673230,180681
OK,61,54,879,61,2014-09-02T17:15:00,8,24673679,180681
OK,49,67,879,49,2014-09-02T17:25:00,4,24674445,180681
OK,79,41,879,79,2014-09-02T17:30:00,5,24674894,180681
OK,43,77,879,43,2014-09-02T17:40:00,12,24675652,180681
OK,48,69,879,48,2014-09-02T17:45:00,10,24676101,180681
OK,72,46,879,72,2014-09-02T17:50:00,6,24676512,180681
OK,67,49,879,67,2014-09-02T17:55:00,6,24676959,180681
OK,47,70,879,47,2014-09-02T18:00:00,9,24677397,180681
OK,49,67,879,49,2014-09-02T18:05:00,9,24677846,180681
OK,61,54,879,61,2014-09-02T18:15:00,7,24678630,180681
OK,52,63,879,52,2014-09-02T18:20:00,5,24679079,180681
OK,53,62,879,53,2014-09-02T18:30:00,4,24679877,180681
OK,59,56,879,59,2014-09-02T18:35:00,5,24680325,180681
OK,45,73,879,45,2014-09-02T18:45:00,5,24681110,180681
OK,50,66,879,50,2014-09-02T18:50:00,7,24681559,180681
OK,52,63,879,52,2014-09-02T18:55:00,7,24681994,180681
OK,52,63,879,52,2014-09-02T19:00:00,5,24682440,180681
OK,72,46,879,72,2014-09-02T19:05:00,5,24682724,180681
OK,67,49,879,67,2014-09-02T19:10:00,7,24683173,180681
OK,52,63,879,52,2014-09-02T19:15:00,8,24683622,180681
OK,55,60,879,55,2014-09-02T19:20:00,10,24684020,180681
OK,67,49,879,67,2014-09-02T19:30:00,7,24684814,180681
OK,73,45,879,73,2014-09-02T19:35:00,9,24685262,180681
OK,74,44,879,74,2014-09-02T19:40:00,8,24685678,180681
OK,72,46,879,72,2014-09-02T19:45:00,1,24686127,180681
OK,122,27,879,122,2014-09-02T19:50:00,4,24686571,180681
OK,120,27,879,120,2014-09-02T19:55:00,5,24686982,180681
OK,49,67,879,49,2014-09-02T20:00:00,1,24687407,180681
OK,42,78,879,42,2014-09-02T20:05:00,4,24687856,180681
OK,46,72,879,46,2014-09-02T20:10:00,5,24688279,180681
OK,67,49,879,67,2014-09-02T20:15:00,2,24688725,180681
OK,51,64,879,51,2014-09-02T20:20:00,4,24689126,180681
OK,65,50,879,65,2014-09-02T20:25:00,3,24689575,180681
OK,49,67,879,49,2014-09-02T20:30:00,7,24690005,180681
OK,49,67,879,49,2014-09-02T20:35:00,5,24690454,180681
OK,55,60,879,55,2014-09-02T20:40:00,4,24690902,180681
OK,67,49,879,67,2014-09-02T20:45:00,2,24691320,180681
OK,60,55,879,60,2014-09-02T20:55:00,4,24692116,180681
OK,53,62,879,53,2014-09-02T21:00:00,6,24692565,180681
OK,57,58,879,57,2014-09-02T21:05:00,4,24693012,180681
OK,47,70,879,47,2014-09-02T21:15:00,2,24693456,180681
OK,57,58,879,57,2014-09-02T21:20:00,4,24693905,180681
OK,47,70,879,47,2014-09-02T21:30:00,3,24694691,180681
OK,48,69,879,48,2014-09-02T21:35:00,1,24695139,180681
OK,48,69,879,48,2014-09-02T21:40:00,0,24695578,180681
OK,74,44,879,74,2014-09-02T21:45:00,4,24696013,180681
OK,49,67,879,49,2014-09-02T21:50:00,4,24696459,180681
OK,43,77,879,43,2014-09-02T22:00:00,0,24697222,180681
OK,43,77,879,43,2014-09-02T22:05:00,0,24697671,180681
OK,74,44,879,74,2014-09-02T22:10:00,1,24698120,180681
OK,74,44,879,74,2014-09-02T22:15:00,3,24698523,180681
OK,60,55,879,60,2014-09-02T22:25:00,1,24699312,180681
OK,60,55,879,60,2014-09-02T22:30:00,0,24699761,180681
OK,60,55,879,60,2014-09-02T22:35:00,2,24700093,180681
OK,52,63,879,52,2014-09-02T22:40:00,3,24700522,180681
OK,52,63,879,52,2014-09-02T22:50:00,0,24700971,180681
OK,55,60,879,55,2014-09-02T23:00:00,1,24701733,180681
OK,55,60,879,55,2014-09-02T23:05:00,1,24702182,180681
OK,46,72,879,46,2014-09-02T23:10:00,1,24702631,180681
OK,46,72,879,46,2014-09-02T23:20:00,0,24703080,180681
OK,46,72,879,46,2014-09-02T23:25:00,0,24703886,180681
OK,43,77,879,43,2014-09-02T23:30:00,1,24704328,180681
OK,43,77,879,43,2014-09-02T23:35:00,1,24704774,180681
OK,43,77,879,43,2014-09-02T23:40:00,0,24705213,180681
OK,43,77,879,43,2014-09-02T23:45:00,0,24705632,180681
OK,43,77,879,43,2014-09-02T23:50:00,3,24706080,180681
OK,43,77,879,43,2014-09-02T23:55:00,0,24706529,180681
OK,43,77,879,43,2014-09-03T00:00:00,0,24706719,180681
OK,80,41,879,80,2014-09-03T00:20:00,2,24707657,180681
OK,80,41,879,80,2014-09-03T00:30:00,0,24708345,180681
OK,39,84,879,39,2014-09-03T00:40:00,0,24709205,180681
OK,56,59,879,56,2014-09-03T00:45:00,1,24709654,180681
OK,56,59,879,56,2014-09-03T00:50:00,0,24710090,180681
OK,60,55,879,60,2014-09-03T00:55:00,0,24710512,180681
OK,60,55,879,60,2014-09-03T01:00:00,0,24710961,180681
OK,60,55,879,60,2014-09-03T01:05:00,0,24711394,180681
OK,60,55,879,60,2014-09-03T01:10:00,0,24711843,180681
OK,60,55,879,60,2014-09-03T01:20:00,0,24712654,180681
OK,60,55,879,60,2014-09-03T01:25:00,0,24713103,180681
OK,60,55,879,60,2014-09-03T01:30:00,0,24713906,180681
OK,60,55,879,60,2014-09-03T01:40:00,0,24714355,180681
OK,60,55,879,60,2014-09-03T01:50:00,0,24715160,180681
OK,60,55,879,60,2014-09-03T01:55:00,0,24715609,180681
OK,60,55,879,60,2014-09-03T02:05:00,0,24716390,180681
OK,60,55,879,60,2014-09-03T02:10:00,0,24716838,180681
OK,57,58,879,57,2014-09-03T02:15:00,3,24717287,180681
OK,49,67,879,49,2014-09-03T02:20:00,1,24717720,180681
OK,59,56,879,59,2014-09-03T02:30:00,2,24718526,180681
OK,58,57,879,58,2014-09-03T02:35:00,1,24718974,180681
OK,56,59,879,56,2014-09-03T02:40:00,1,24719418,180681
OK,42,78,879,42,2014-09-03T02:45:00,1,24719867,180681
OK,69,48,879,69,2014-09-03T02:55:00,2,24720692,180681
OK,69,48,879,69,2014-09-03T03:00:00,0,24721141,180681
OK,43,77,879,43,2014-09-03T03:10:00,3,24721921,180681
OK,52,63,879,52,2014-09-03T03:15:00,4,24722370,180681
OK,48,69,879,48,2014-09-03T03:20:00,2,24722807,180681
OK,62,53,879,62,2014-09-03T03:25:00,3,24723250,180681
OK,57,58,879,57,2014-09-03T03:35:00,7,24723999,180681
OK,57,58,879,57,2014-09-03T03:40:00,3,24724448,180681
OK,75,44,879,75,2014-09-03T03:50:00,9,24725218,180681
OK,79,41,879,79,2014-09-03T03:55:00,4,24725667,180681
OK,91,36,879,91,2014-09-03T04:05:00,9,24726441,180681
OK,70,47,879,70,2014-09-03T04:10:00,6,24726890,180681
OK,49,67,879,49,2014-09-03T04:20:00,9,24727644,180681
OK,65,50,879,65,2014-09-03T04:25:00,4,24728093,180681
OK,62,53,879,62,2014-09-03T04:30:00,7,24728540,180681
OK,58,57,879,58,2014-09-03T04:35:00,14,24728984,180681
OK,56,59,879,56,2014-09-03T04:40:00,25,24729431,180681
OK,54,61,879,54,2014-09-03T04:45:00,21,24729880,180681
OK,57,58,879,57,2014-09-03T04:50:00,14,24730308,180681
OK,68,48,879,68,2014-09-03T04:55:00,23,24730660,180681
OK,60,55,879,60,2014-09-03T05:00:00,21,24731109,180681
OK,82,40,879,82,2014-09-03T05:10:00,37,24731874,180681
OK,67,49,879,67,2014-09-03T05:15:00,39,24732323,180681
OK,70,47,879,70,2014-09-03T05:20:00,40,24732752,180681
OK,76,43,879,76,2014-09-03T05:25:00,44,24733201,180681
OK,83,39,879,83,2014-09-03T05:30:00,41,24733636,180681
OK,92,36,879,92,2014-09-03T05:35:00,33,24734083,180681
OK,116,28,879,116,2014-09-03T05:40:00,41,24734532,180681
OK,122,27,879,122,2014-09-03T05:45:00,39,24734954,180681
OK,125,26,879,125,2014-09-03T05:50:00,38,24735371,180681
OK,139,23,879,139,2014-09-03T05:55:00,42,24735820,180681
OK,133,24,879,133,2014-09-03T06:00:00,37,24736244,180681
OK,74,44,879,74,2014-09-03T06:10:00,33,24736997,180681
OK,82,40,879,82,2014-09-03T06:15:00,39,24737446,180681
OK,91,36,879,91,2014-09-03T06:20:00,40,24737834,180681
OK,111,29,879,111,2014-09-03T06:25:00,35,24738283,180681
OK,97,34,879,97,2014-09-03T06:30:00,39,24738696,180681
OK,99,33,879,99,2014-09-03T06:35:00,43,24739145,180681
OK,72,46,879,72,2014-09-03T06:45:00,22,24739574,180681
OK,71,46,879,71,2014-09-03T06:50:00,28,24740023,180681
OK,73,45,879,73,2014-09-03T06:55:00,30,24740471,180681
OK,73,45,879,73,2014-09-03T07:00:00,21,24740920,180681
OK,67,49,879,67,2014-09-03T07:10:00,27,24741683,180681
OK,79,41,879,79,2014-09-03T07:15:00,19,24742132,180681
OK,62,53,879,62,2014-09-03T07:20:00,17,24742581,180681
OK,66,50,879,66,2014-09-03T07:25:00,14,24742970,180681
OK,65,50,879,65,2014-09-03T07:30:00,18,24743412,180681
OK,68,48,879,68,2014-09-03T07:35:00,24,24743861,180681
OK,72,46,879,72,2014-09-03T07:45:00,29,24744649,180681
OK,70,47,879,70,2014-09-03T07:50:00,27,24745098,180681
OK,75,44,879,75,2014-09-03T07:55:00,30,24745547,180681
OK,70,47,879,70,2014-09-03T08:00:00,31,24745957,180681
OK,81,40,879,81,2014-09-03T08:10:00,25,24746718,180681
OK,76,43,879,76,2014-09-03T08:15:00,27,24747167,180681
OK,63,52,879,63,2014-09-03T08:20:00,19,24747571,180681
OK,58,57,879,58,2014-09-03T08:25:00,12,24748015,180681
OK,58,57,879,58,2014-09-03T08:30:00,14,24748464,180681
OK,65,50,879,65,2014-09-03T08:35:00,23,24748913,180681
OK,65,50,879,65,2014-09-03T08:40:00,23,24749347,180681
OK,72,46,879,72,2014-09-03T08:45:00,21,24749792,180681
OK,71,46,879,71,2014-09-03T08:50:00,22,24750232,180681
OK,67,49,879,67,2014-09-03T08:55:00,18,24750681,180681
OK,70,47,879,70,2014-09-03T09:00:00,16,24751107,180681
OK,71,46,879,71,2014-09-03T09:05:00,22,24751449,180681
OK,72,46,879,72,2014-09-03T09:10:00,18,24751897,180681
OK,71,46,879,71,2014-09-03T09:20:00,29,24752601,180681
OK,69,48,879,69,2014-09-03T09:25:00,31,24753050,180681
OK,65,50,879,65,2014-09-03T09:30:00,25,24753474,180681
OK,66,50,879,66,2014-09-03T09:35:00,16,24753923,180681
OK,70,47,879,70,2014-09-03T09:40:00,15,24754265,180681
OK,66,50,879,66,2014-09-03T09:45:00,15,24754714,180681
OK,64,51,879,64,2014-09-03T09:50:00,25,24755114,180681
OK,74,44,879,74,2014-09-03T09:55:00,28,24755563,180681
OK,75,44,879,75,2014-09-03T10:05:00,26,24756352,180681
OK,79,41,879,79,2014-09-03T10:10:00,28,24756801,180681
OK,70,47,879,70,2014-09-03T10:15:00,28,24757250,180681
OK,72,46,879,72,2014-09-03T10:20:00,19,24757656,180681
OK,62,53,879,62,2014-09-03T10:25:00,20,24758105,180681
OK,62,53,879,62,2014-09-03T10:30:00,25,24758530,180681
OK,69,48,879,69,2014-09-03T10:35:00,17,24758979,180681
OK,73,45,879,73,2014-09-03T10:40:00,15,24759397,180681
OK,69,48,879,69,2014-09-03T10:45:00,18,24759767,180681
OK,62,53,879,62,2014-09-03T10:50:00,17,24760216,180681
OK,71,46,879,71,2014-09-03T10:55:00,27,24760665,180681
OK,72,46,879,72,2014-09-03T11:00:00,27,24761099,180681
OK,70,47,879,70,2014-09-03T11:10:00,31,24761866,180681
OK,64,51,879,64,2014-09-03T11:15:00,20,24762315,180681
OK,71,46,879,71,2014-09-03T11:20:00,16,24762759,180681
OK,78,42,879,78,2014-09-03T11:30:00,19,24763533,180681
OK,59,56,879,59,2014-09-03T11:40:00,18,24764269,180681
OK,60,55,879,60,2014-09-03T11:45:00,14,24764718,180681
OK,78,42,879,78,2014-09-03T11:50:00,5,24765137,180681
OK,98,33,879,98,2014-09-03T11:55:00,12,24765586,180681
OK,71,46,879,71,2014-09-03T12:05:00,23,24766354,180681
OK,75,44,879,75,2014-09-03T12:10:00,20,24766803,180681
OK,91,36,879,91,2014-09-03T12:15:00,30,24767244,180681
OK,93,35,879,93,2014-09-03T12:25:00,35,24768001,180681
OK,74,44,879,74,2014-09-03T12:35:00,29,24768796,180681
OK,79,41,879,79,2014-09-03T12:40:00,30,24769245,180681
OK,84,39,879,84,2014-09-03T12:45:00,25,24769687,180681
OK,81,40,879,81,2014-09-03T12:50:00,15,24770131,180681
OK,77,43,879,77,2014-09-03T12:55:00,18,24770580,180681
OK,77,43,879,77,2014-09-03T13:00:00,26,24770996,180681
OK,73,45,879,73,2014-09-03T13:05:00,27,24771445,180681
OK,110,30,879,110,2014-09-03T13:15:00,33,24772253,180681
OK,114,29,879,114,2014-09-03T13:25:00,37,24773046,180681
OK,133,24,879,133,2014-09-03T13:35:00,35,24773849,180681
OK,106,31,879,106,2014-09-03T13:40:00,22,24774298,180681
OK,88,37,879,88,2014-09-03T13:45:00,33,24774747,180681
OK,104,31,879,104,2014-09-03T13:50:00,37,24775165,180681
OK,108,30,879,108,2014-09-03T13:55:00,32,24775613,180681
OK,80,41,879,80,2014-09-03T14:05:00,18,24776412,180681
OK,99,33,879,99,2014-09-03T14:15:00,30,24777245,180681
OK,96,34,879,96,2014-09-03T14:25:00,33,24778019,180681
OK,96,34,879,96,2014-09-03T14:35:00,28,24778825,180681
OK,85,38,879,85,2014-09-03T14:40:00,29,24779274,180681
OK,82,40,879,82,2014-09-03T14:45:00,25,24779719,180681
OK,72,46,879,72,2014-09-03T14:55:00,29,24780529,180681
OK,88,37,879,88,2014-09-03T15:00:00,30,24780978,180681
OK,89,37,879,89,2014-09-03T15:05:00,27,24781427,180681
OK,81,40,879,81,2014-09-03T15:10:00,26,24781863,180681
OK,67,49,879,67,2014-09-03T15:20:00,23,24782670,180681
OK,68,48,879,68,2014-09-03T15:25:00,22,24783119,180681
OK,61,54,879,61,2014-09-03T15:30:00,16,24783558,180681
OK,69,48,879,69,2014-09-03T15:35:00,12,24784002,180681
OK,57,58,879,57,2014-09-03T15:40:00,15,24784435,180681
OK,62,53,879,62,2014-09-03T15:45:00,16,24784884,180681
OK,76,43,879,76,2014-09-03T15:50:00,22,24785315,180681
OK,77,43,879,77,2014-09-03T15:55:00,21,24785763,180681
OK,75,44,879,75,2014-09-03T16:05:00,6,24786554,180681
OK,63,52,879,63,2014-09-03T16:15:00,15,24787370,180681
OK,58,57,879,58,2014-09-03T16:20:00,5,24787819,180681
OK,72,46,879,72,2014-09-03T16:30:00,5,24788596,180681
OK,60,55,879,60,2014-09-03T16:40:00,6,24789045,180681
OK,46,72,879,46,2014-09-03T16:50:00,11,24789832,180681
OK,59,56,879,59,2014-09-03T17:00:00,11,24790627,180681
OK,60,55,879,60,2014-09-03T17:05:00,9,24791076,180681
OK,74,44,879,74,2014-09-03T17:10:00,14,24791516,180681
OK,78,42,879,78,2014-09-03T17:15:00,11,24791965,180681
OK,54,61,879,54,2014-09-03T17:20:00,5,24792411,180681
OK,53,62,879,53,2014-09-03T17:25:00,8,24792860,180681
OK,50,66,879,50,2014-09-03T17:30:00,6,24793215,180681
OK,47,70,879,47,2014-09-03T17:35:00,5,24793664,180681
OK,58,57,879,58,2014-09-03T17:45:00,8,24794467,180681
OK,54,61,879,54,2014-09-03T17:55:00,8,24795247,180681
OK,48,69,879,48,2014-09-03T18:00:00,9,24795696,180681
OK,47,70,879,47,2014-09-03T18:10:00,5,24796488,180681
OK,49,67,879,49,2014-09-03T18:15:00,6,24796937,180681
OK,64,51,879,64,2014-09-03T18:20:00,4,24797384,180681
OK,69,48,879,69,2014-09-03T18:25:00,3,24797833,180681
OK,60,55,879,60,2014-09-03T18:30:00,4,24798257,180681
OK,50,66,879,50,2014-09-03T18:35:00,8,24798706,180681
OK,48,69,879,48,2014-09-03T18:40:00,5,24799152,180681
OK,50,66,879,50,2014-09-03T18:45:00,3,24799585,180681
OK,79,41,879,79,2014-09-03T18:50:00,2,24800028,180681
OK,51,64,879,51,2014-09-03T18:55:00,5,24800472,180681
OK,64,51,879,64,2014-09-03T19:05:00,5,24801268,180681
OK,52,63,879,52,2014-09-03T19:10:00,6,24801717,180681
OK,57,58,879,57,2014-09-03T19:15:00,7,24802163,180681
OK,58,57,879,58,2014-09-03T19:20:00,10,24802612,180681
OK,62,53,879,62,2014-09-03T19:25:00,11,24803060,180681
OK,70,47,879,70,2014-09-03T19:30:00,8,24803505,180681
OK,70,47,879,70,2014-09-03T19:35:00,7,24803903,180681
OK,57,58,879,57,2014-09-03T19:40:00,7,24804350,180681
OK,57,58,879,57,2014-09-03T19:50:00,2,24805136,180681
OK,48,69,879,48,2014-09-03T19:55:00,4,24805585,180681
OK,46,72,879,46,2014-09-03T20:05:00,1,24806375,180681
OK,46,72,879,46,2014-09-03T20:10:00,0,24806824,180681
OK,60,55,879,60,2014-09-03T20:15:00,1,24807272,180681
OK,48,69,879,48,2014-09-03T20:20:00,1,24807698,180681
OK,64,51,879,64,2014-09-03T20:25:00,3,24808146,180681
OK,58,57,879,58,2014-09-03T20:35:00,4,24808571,180681
OK,58,57,879,58,2014-09-03T20:40:00,4,24809020,180681
OK,57,58,879,57,2014-09-03T20:50:00,4,24809469,180681
OK,65,50,879,65,2014-09-03T20:55:00,6,24809918,180681
OK,52,63,879,52,2014-09-03T21:05:00,1,24810698,180681
OK,58,57,879,58,2014-09-03T21:10:00,6,24811147,180681
OK,52,63,879,52,2014-09-03T21:20:00,2,24811911,180681
OK,60,55,879,60,2014-09-03T21:25:00,2,24812360,180681
OK,59,56,879,59,2014-09-03T21:30:00,1,24812786,180681
OK,58,57,879,58,2014-09-03T21:40:00,3,24813598,180681
OK,66,50,879,66,2014-09-03T21:45:00,4,24814047,180681
OK,50,66,879,50,2014-09-03T21:50:00,5,24814496,180681
OK,41,80,879,41,2014-09-03T21:55:00,3,24814945,180681
OK,59,56,879,59,2014-09-03T22:05:00,1,24815801,180681
OK,70,47,879,70,2014-09-03T22:10:00,2,24816250,180681
OK,67,49,879,67,2014-09-03T22:20:00,2,24816988,180681
OK,39,84,879,39,2014-09-03T22:25:00,1,24817437,180681
OK,41,80,879,41,2014-09-03T22:30:00,1,24817886,180681
OK,58,57,879,58,2014-09-03T22:40:00,2,24818675,180681
OK,55,60,879,55,2014-09-03T22:45:00,3,24819487,180681
OK,48,69,879,48,2014-09-03T22:50:00,3,24819935,180681
OK,46,72,879,46,2014-09-03T22:55:00,2,24820323,180681
OK,56,59,879,56,2014-09-03T23:00:00,0,24820706,180681
OK,35,94,879,35,2014-09-03T23:05:00,2,24821155,180681
OK,36,92,879,36,2014-09-03T23:10:00,3,24821604,180681
OK,64,51,879,64,2014-09-03T23:20:00,0,24822053,180681
OK,67,49,879,67,2014-09-03T23:25:00,1,24822500,180681
OK,67,49,879,67,2014-09-03T23:35:00,0,24823293,180681
OK,67,49,879,67,2014-09-03T23:40:00,0,24824018,180681
OK,67,49,879,67,2014-09-03T23:45:00,0,24824360,180681
OK,67,49,879,67,2014-09-03T23:50:00,0,24824802,180681
OK,67,49,879,67,2014-09-03T23:55:00,0,24825249,180681
OK,67,49,879,67,2014-09-04T00:00:00,0,24825432,180681
OK,67,49,879,67,2014-09-04T00:20:00,0,24826116,180681
OK,67,49,879,67,2014-09-04T00:25:00,0,24826788,180681
OK,55,60,879,55,2014-09-04T00:35:00,2,24827237,180681
OK,40,82,879,40,2014-09-04T00:40:00,0,24827686,180681
OK,40,82,879,40,2014-09-04T00:45:00,0,24828486,180681
OK,48,69,879,48,2014-09-04T00:55:00,0,24828928,180681
OK,48,69,879,48,2014-09-04T01:00:00,0,24829376,180681
OK,48,69,879,48,2014-09-04T01:05:00,0,24830202,180681
OK,67,49,879,67,2014-09-04T01:15:00,1,24830649,180681
OK,67,49,879,67,2014-09-04T01:20:00,0,24831098,180681
OK,67,49,879,67,2014-09-04T01:30:00,0,24831927,180681
OK,67,49,879,67,2014-09-04T01:40:00,0,24832755,180681
OK,67,49,879,67,2014-09-04T01:45:00,0,24833204,180681
OK,67,49,879,67,2014-09-04T01:50:00,0,24833988,180681
OK,40,82,879,40,2014-09-04T01:55:00,1,24834432,180681
OK,40,82,879,40,2014-09-04T02:05:00,0,24834878,180681
OK,40,82,879,40,2014-09-04T02:15:00,0,24835720,180681
OK,49,67,879,49,2014-09-04T02:20:00,1,24836169,180681
OK,49,67,879,49,2014-09-04T02:25:00,0,24836614,180681
OK,49,67,879,49,2014-09-04T02:30:00,0,24837062,180681
OK,49,67,879,49,2014-09-04T02:35:00,0,24837473,180681
OK,53,62,879,53,2014-09-04T02:40:00,2,24837896,180681
OK,65,50,879,65,2014-09-04T02:45:00,3,24838344,180681
OK,57,58,879,57,2014-09-04T02:55:00,0,24839132,180681
OK,51,64,879,51,2014-09-04T03:00:00,2,24839581,180681
OK,56,59,879,56,2014-09-04T03:05:00,3,24840029,180681
OK,65,50,879,65,2014-09-04T03:10:00,8,24840474,180681
OK,74,44,879,74,2014-09-04T03:15:00,6,24840923,180681
OK,38,87,879,38,2014-09-04T03:20:00,2,24841371,180681
OK,35,94,879,35,2014-09-04T03:30:00,0,24842122,180681
OK,74,44,879,74,2014-09-04T03:35:00,3,24842571,180681
OK,39,84,879,39,2014-09-04T03:45:00,3,24843372,180681
OK,47,70,879,47,2014-09-04T03:50:00,6,24843821,180681
OK,58,57,879,58,2014-09-04T04:00:00,4,24844605,180681
OK,84,39,879,84,2014-09-04T04:05:00,4,24845054,180681
OK,54,61,879,54,2014-09-04T04:10:00,6,24845486,180681
OK,67,49,879,67,2014-09-04T04:20:00,5,24846269,180681
OK,59,56,879,59,2014-09-04T04:25:00,4,24846718,180681
OK,54,61,879,54,2014-09-04T04:30:00,13,24847127,180681
OK,45,73,879,45,2014-09-04T04:35:00,14,24847565,180681
OK,58,57,879,58,2014-09-04T04:45:00,23,24848325,180681
OK,78,42,879,78,2014-09-04T04:50:00,25,24848774,180681
OK,71,46,879,71,2014-09-04T04:55:00,23,24849215,180681
OK,61,54,879,61,2014-09-04T05:00:00,23,24849643,180681
OK,57,58,879,57,2014-09-04T05:05:00,29,24850079,180681
OK,60,55,879,60,2014-09-04T05:10:00,27,24850528,180681
OK,79,41,879,79,2014-09-04T05:15:00,27,24850977,180681
OK,79,41,879,79,2014-09-04T05:20:00,42,24851422,180681
OK,86,38,879,86,2014-09-04T05:25:00,46,24851871,180681
OK,91,36,879,91,2014-09-04T05:30:00,28,24852287,180681
OK,75,44,879,75,2014-09-04T05:35:00,32,24852736,180681
OK,68,48,879,68,2014-09-04T05:40:00,31,24853171,180681
OK,121,27,879,121,2014-09-04T05:50:00,38,24853941,180681
OK,104,31,879,104,2014-09-04T05:55:00,32,24854390,180681
OK,82,40,879,82,2014-09-04T06:05:00,28,24855143,180681
OK,79,41,879,79,2014-09-04T06:15:00,50,24855919,180681
OK,74,44,879,74,2014-09-04T06:25:00,29,24856717,180681
OK,90,36,879,90,2014-09-04T06:30:00,30,24857166,180681
OK,97,34,879,97,2014-09-04T06:35:00,35,24857615,180681
OK,72,46,879,72,2014-09-04T06:40:00,40,24858045,180681
OK,69,48,879,69,2014-09-04T06:45:00,27,24858494,180681
OK,76,43,879,76,2014-09-04T06:55:00,35,24859271,180681
OK,69,48,879,69,2014-09-04T07:05:00,17,24860094,180681
OK,54,61,879,54,2014-09-04T07:10:00,28,24860543,180681
OK,54,61,879,54,2014-09-04T07:15:00,31,24860904,180681
OK,53,62,879,53,2014-09-04T07:20:00,20,24861353,180681
OK,54,61,879,54,2014-09-04T07:25:00,23,24861800,180681
OK,60,55,879,60,2014-09-04T07:30:00,12,24862240,180681
OK,60,55,879,60,2014-09-04T07:35:00,19,24862689,180681
OK,61,54,879,61,2014-09-04T07:45:00,27,24863449,180681
OK,67,49,879,67,2014-09-04T07:50:00,28,24863898,180681
OK,55,60,879,55,2014-09-04T07:55:00,23,24864243,180681
OK,59,56,879,59,2014-09-04T08:00:00,29,24864692,180681
OK,66,50,879,66,2014-09-04T08:05:00,37,24865079,180681
OK,67,49,879,67,2014-09-04T08:10:00,30,24865528,180681
OK,54,61,879,54,2014-09-04T08:15:00,17,24865977,180681
OK,60,55,879,60,2014-09-04T08:20:00,22,24866399,180681
OK,57,58,879,57,2014-09-04T08:25:00,30,24866848,180681
OK,55,60,879,55,2014-09-04T08:30:00,27,24867254,180681
OK,64,51,879,64,2014-09-04T08:35:00,22,24867703,180681
OK,69,48,879,69,2014-09-04T08:40:00,23,24868152,180681
OK,57,58,879,57,2014-09-04T08:45:00,29,24868599,180681
OK,54,61,879,54,2014-09-04T08:50:00,34,24869012,180681
OK,50,66,879,50,2014-09-04T09:00:00,20,24869771,180681
OK,57,58,879,57,2014-09-04T09:10:00,22,24870521,180681
OK,61,54,879,61,2014-09-04T09:15:00,18,24870970,180681
OK,82,40,879,82,2014-09-04T09:20:00,14,24871380,180681
OK,86,38,879,86,2014-09-04T09:25:00,11,24871825,180681
OK,52,63,879,52,2014-09-04T09:30:00,12,24872273,180681
OK,56,59,879,56,2014-09-04T09:35:00,17,24872721,180681
OK,52,63,879,52,2014-09-04T09:40:00,25,24873162,180681
OK,49,67,879,49,2014-09-04T09:45:00,31,24873610,180681
OK,49,67,879,49,2014-09-04T09:50:00,33,24874055,180681
OK,51,64,879,51,2014-09-04T09:55:00,32,24874504,180681
OK,53,62,879,53,2014-09-04T10:05:00,21,24875251,180681
OK,54,61,879,54,2014-09-04T10:15:00,32,24876019,180681
OK,78,42,879,78,2014-09-04T10:25:00,15,24876815,180681
OK,71,46,879,71,2014-09-04T10:35:00,32,24877549,180681
OK,57,58,879,57,2014-09-04T10:45:00,19,24878313,180681
OK,64,51,879,64,2014-09-04T10:50:00,23,24878762,180681
OK,62,53,879,62,2014-09-04T11:00:00,15,24879524,180681
OK,69,48,879,69,2014-09-04T11:05:00,18,24879973,180681
OK,73,45,879,73,2014-09-04T11:10:00,26,24880315,180681
OK,67,49,879,67,2014-09-04T11:15:00,18,24880764,180681
OK,68,48,879,68,2014-09-04T11:20:00,22,24881198,180681
OK,68,48,879,68,2014-09-04T11:25:00,29,24881647,180681
OK,69,48,879,69,2014-09-04T11:30:00,23,24882095,180681
OK,64,51,879,64,2014-09-04T11:35:00,15,24882542,180681
OK,69,48,879,69,2014-09-04T11:45:00,32,24883318,180681
OK,66,50,879,66,2014-09-04T11:50:00,28,24883767,180681
OK,61,54,879,61,2014-09-04T11:55:00,27,24884216,180681
OK,52,63,879,52,2014-09-04T12:00:00,39,24884621,180681
OK,52,63,879,52,2014-09-04T12:05:00,45,24885070,180681
OK,53,62,879,53,2014-09-04T12:10:00,27,24885504,180681
OK,86,38,879,86,2014-09-04T12:15:00,17,24885952,180681
OK,88,37,879,88,2014-09-04T12:20:00,25,24886385,180681
OK,61,54,879,61,2014-09-04T12:25:00,32,24886791,180681
OK,54,61,879,54,2014-09-04T12:35:00,28,24887579,180681
OK,81,40,879,81,2014-09-04T12:45:00,16,24888368,180681
OK,78,42,879,78,2014-09-04T12:55:00,25,24889175,180681
OK,79,41,879,79,2014-09-04T13:00:00,33,24889624,180681
OK,81,40,879,81,2014-09-04T13:05:00,22,24890069,180681
OK,55,60,879,55,2014-09-04T13:10:00,31,24890498,180681
OK,54,61,879,54,2014-09-04T13:15:00,48,24890947,180681
OK,93,35,879,93,2014-09-04T13:25:00,39,24891694,180681
OK,79,41,879,79,2014-09-04T13:35:00,37,24892488,180681
OK,72,46,879,72,2014-09-04T13:45:00,29,24893317,180681
OK,72,46,879,72,2014-09-04T13:50:00,32,24893766,180681
OK,64,51,879,64,2014-09-04T13:55:00,36,24894215,180681
OK,63,52,879,63,2014-09-04T14:00:00,33,24894622,180681
OK,73,45,879,73,2014-09-04T14:05:00,26,24895070,180681
OK,57,58,879,57,2014-09-04T14:15:00,33,24895856,180681
OK,63,52,879,63,2014-09-04T14:20:00,43,24896305,180681
OK,70,47,879,70,2014-09-04T14:25:00,37,24896748,180681
OK,73,45,879,73,2014-09-04T14:30:00,21,24897153,180681
OK,64,51,879,64,2014-09-04T14:40:00,24,24897947,180681
OK,66,50,879,66,2014-09-04T14:50:00,19,24898709,180681
OK,67,49,879,67,2014-09-04T14:55:00,16,24899158,180681
OK,76,43,879,76,2014-09-04T15:00:00,13,24899580,180681
OK,74,44,879,74,2014-09-04T15:05:00,35,24900029,180681
OK,60,55,879,60,2014-09-04T15:10:00,28,24900445,180681
OK,52,63,879,52,2014-09-04T15:15:00,18,24900894,180681
OK,53,62,879,53,2014-09-04T15:25:00,23,24901700,180681
OK,63,52,879,63,2014-09-04T15:30:00,17,24902149,180681
OK,56,59,879,56,2014-09-04T15:35:00,8,24902595,180681
OK,58,57,879,58,2014-09-04T15:40:00,11,24903037,180681
OK,56,59,879,56,2014-09-04T15:45:00,10,24903484,180681
OK,51,64,879,51,2014-09-04T15:50:00,18,24903932,180681
OK,54,61,879,54,2014-09-04T15:55:00,20,24904372,180681
OK,62,53,879,62,2014-09-04T16:00:00,11,24904819,180681
OK,51,64,879,51,2014-09-04T16:05:00,9,24905241,180681
OK,50,66,879,50,2014-09-04T16:10:00,8,24905688,180681
OK,45,73,879,45,2014-09-04T16:15:00,6,24906137,180681
OK,50,66,879,50,2014-09-04T16:20:00,8,24906580,180681
OK,50,66,879,50,2014-09-04T16:30:00,12,24907360,180681
OK,72,46,879,72,2014-09-04T16:35:00,10,24907809,180681
OK,45,73,879,45,2014-09-04T16:45:00,5,24908579,180681
OK,47,70,879,47,2014-09-04T16:50:00,8,24909028,180681
OK,59,56,879,59,2014-09-04T16:55:00,13,24909477,180681
OK,59,56,879,59,2014-09-04T17:05:00,10,24910277,180681
OK,54,61,879,54,2014-09-04T17:10:00,9,24910726,180681
OK,49,67,879,49,2014-09-04T17:15:00,7,24911164,180681
OK,42,78,879,42,2014-09-04T18:00:00,6,24911611,180681
OK,62,53,879,62,2014-09-04T18:10:00,8,24912060,180681
OK,49,67,879,49,2014-09-04T18:20:00,3,24912862,180681
OK,49,67,879,49,2014-09-04T18:25:00,7,24913311,180681
OK,71,46,879,71,2014-09-04T18:30:00,11,24913737,180681
OK,73,45,879,73,2014-09-04T18:35:00,7,24914186,180681
OK,55,60,879,55,2014-09-04T18:40:00,4,24914612,180681
OK,67,49,879,67,2014-09-04T18:50:00,12,24915389,180681
OK,67,49,879,67,2014-09-04T19:00:00,0,24916209,180681
OK,54,61,879,54,2014-09-04T19:10:00,4,24916977,180681
OK,53,62,879,53,2014-09-04T19:20:00,5,24917748,180681
OK,57,58,879,57,2014-09-04T19:25:00,7,24918196,180681
OK,58,57,879,58,2014-09-04T19:30:00,5,24918643,180681
OK,60,55,879,60,2014-09-04T19:35:00,2,24919052,180681
OK,50,66,879,50,2014-09-04T19:45:00,6,24919852,180681
OK,50,66,879,50,2014-09-04T19:50:00,7,24920301,180681
OK,50,66,879,50,2014-09-04T19:55:00,5,24920750,180681
OK,59,56,879,59,2014-09-04T20:00:00,8,24921198,180681
OK,49,67,879,49,2014-09-04T20:10:00,6,24921952,180681
OK,49,67,879,49,2014-09-04T20:15:00,5,24922401,180681
OK,48,69,879,48,2014-09-04T20:20:00,6,24922849,180681
OK,48,69,879,48,2014-09-04T20:30:00,2,24923636,180681
OK,50,66,879,50,2014-09-04T20:40:00,4,24924419,180681
OK,51,64,879,51,2014-09-04T20:45:00,3,24924866,180681
OK,60,55,879,60,2014-09-04T20:50:00,5,24925267,180681
OK,70,47,879,70,2014-09-04T20:55:00,3,24925716,180681
OK,46,72,879,46,2014-09-04T21:05:00,1,24926429,180681
OK,51,64,879,51,2014-09-04T21:10:00,2,24926878,180681
OK,67,49,879,67,2014-09-04T21:15:00,1,24927321,180681
OK,67,49,879,67,2014-09-04T21:20:00,0,24927762,180681
OK,63,52,879,63,2014-09-04T21:25:00,1,24928211,180681
OK,51,64,879,51,2014-09-04T21:30:00,3,24928654,180681
OK,47,70,879,47,2014-09-04T21:35:00,6,24929102,180681
OK,47,70,879,47,2014-09-04T21:45:00,2,24929890,180681
OK,37,89,879,37,2014-09-04T21:50:00,0,24930652,180681
OK,40,82,879,40,2014-09-04T21:55:00,2,24931100,180681
OK,57,58,879,57,2014-09-04T22:05:00,1,24931545,180681
OK,57,58,879,57,2014-09-04T22:10:00,1,24931994,180681
OK,51,64,879,51,2014-09-04T22:15:00,2,24932407,180681
OK,53,62,879,53,2014-09-04T22:25:00,2,24933212,180681
OK,58,57,879,58,2014-09-04T22:35:00,2,24934040,180681
OK,58,57,879,58,2014-09-04T22:45:00,0,24934806,180681
OK,36,92,879,36,2014-09-04T22:50:00,1,24935255,180681
OK,51,64,879,51,2014-09-04T23:00:00,5,24936028,180681
OK,34,97,879,34,2014-09-04T23:05:00,2,24936474,180681
OK,78,42,879,78,2014-09-04T23:15:00,1,24937349,180681
OK,59,56,879,59,2014-09-04T23:20:00,2,24937798,180681
OK,40,82,879,40,2014-09-04T23:30:00,0,24938664,180681
OK,40,82,879,40,2014-09-04T23:35:00,0,24939526,180681
OK,40,82,879,40,2014-09-04T23:40:00,0,24939972,180681
OK,40,82,879,40,2014-09-04T23:45:00,0,24940344,180681
OK,40,82,879,40,2014-09-04T23:50:00,0,24940788,180681
OK,40,82,879,40,2014-09-05T00:00:00,0,24941234,180681
OK,40,82,879,40,2014-09-05T00:15:00,0,24942151,180681
OK,40,82,879,40,2014-09-05T00:20:00,0,24942596,180681
OK,40,82,879,40,2014-09-05T00:30:00,0,24943043,180681
OK,54,61,879,54,2014-09-05T00:40:00,1,24943873,180681
OK,54,61,879,54,2014-09-05T00:50:00,0,24944695,180681
OK,54,61,879,54,2014-09-05T00:55:00,0,24945144,180681
OK,45,73,879,45,2014-09-05T01:05:00,2,24945950,180681
OK,33,100,879,33,2014-09-05T01:15:00,1,24946775,180681
OK,33,100,879,33,2014-09-05T01:20:00,0,24947224,180681
OK,33,100,879,33,2014-09-05T01:25:00,0,24947665,180681
OK,33,100,879,33,2014-09-05T01:30:00,0,24948480,180681
OK,33,100,879,33,2014-09-05T01:35:00,0,24948904,180681
OK,33,100,879,33,2014-09-05T01:45:00,0,24949352,180681
OK,33,100,879,33,2014-09-05T01:55:00,0,24950191,180681
OK,70,47,879,70,2014-09-05T02:00:00,1,24950640,180681
OK,70,47,879,70,2014-09-05T02:05:00,1,24951089,180681
OK,63,52,879,63,2014-09-05T02:15:00,0,24951939,180681
OK,63,52,879,63,2014-09-05T02:20:00,0,24952388,180681
OK,51,64,879,51,2014-09-05T02:25:00,1,24952837,180681
OK,77,43,879,77,2014-09-05T02:30:00,1,24953267,180681
OK,68,48,879,68,2014-09-05T02:35:00,2,24953716,180681
OK,59,56,879,59,2014-09-05T02:40:00,3,24954164,180681
OK,62,53,879,62,2014-09-05T02:45:00,1,24954600,180681
OK,73,45,879,73,2014-09-05T02:50:00,2,24955038,180681
OK,55,60,879,55,2014-09-05T03:00:00,5,24955837,180681
OK,55,60,879,55,2014-09-05T03:05:00,5,24956286,180681
OK,77,43,879,77,2014-09-05T03:10:00,5,24956734,180681
OK,54,61,879,54,2014-09-05T03:20:00,5,24957524,180681
OK,66,50,879,66,2014-09-05T03:30:00,2,24958321,180681
OK,59,56,879,59,2014-09-05T03:40:00,5,24959120,180681
OK,57,58,879,57,2014-09-05T03:45:00,6,24959569,180681
OK,71,46,879,71,2014-09-05T03:50:00,3,24960017,180681
OK,75,44,879,75,2014-09-05T03:55:00,8,24960466,180681
OK,58,57,879,58,2014-09-05T04:00:00,12,24960891,180681
OK,66,50,879,66,2014-09-05T04:10:00,13,24961687,180681
OK,59,56,879,59,2014-09-05T04:20:00,9,24962463,180681
OK,51,64,879,51,2014-09-05T04:25:00,10,24962912,180681
OK,52,63,879,52,2014-09-05T04:30:00,18,24963357,180681
OK,66,50,879,66,2014-09-05T04:35:00,24,24963804,180681
OK,65,50,879,65,2014-09-05T04:40:00,21,24964224,180681
OK,72,46,879,72,2014-09-05T04:45:00,27,24964673,180681
OK,72,46,879,72,2014-09-05T04:50:00,29,24965121,180681
OK,70,47,879,70,2014-09-05T05:00:00,32,24966127,180681
OK,69,48,879,69,2014-09-05T05:10:00,29,24966935,180681
OK,78,42,879,78,2014-09-05T05:20:00,49,24967740,180681
OK,78,42,879,78,2014-09-05T05:30:00,18,24968610,180681
OK,86,38,879,86,2014-09-05T05:35:00,27,24969056,180681
OK,97,34,879,97,2014-09-05T05:40:00,32,24969492,180681
OK,118,28,879,118,2014-09-05T05:45:00,37,24969879,180681
OK,116,28,879,116,2014-09-05T05:50:00,45,24970325,180681
OK,90,36,879,90,2014-09-05T05:55:00,38,24970696,180681
OK,87,38,879,87,2014-09-05T06:00:00,26,24971142,180681
OK,79,41,879,79,2014-09-05T06:05:00,23,24971498,180681
OK,94,35,879,94,2014-09-05T06:15:00,39,24972392,180681
OK,86,38,879,86,2014-09-05T06:20:00,43,24972761,180681
OK,68,48,879,68,2014-09-05T06:25:00,29,24973204,180681
OK,69,48,879,69,2014-09-05T06:40:00,34,24974102,180681
OK,69,48,879,69,2014-09-05T06:50:00,27,24974911,180681
OK,63,52,879,63,2014-09-05T06:55:00,11,24975360,180681
OK,68,48,879,68,2014-09-05T07:00:00,21,24975809,180681
OK,58,57,879,58,2014-09-05T07:05:00,24,24976224,180681
OK,68,48,879,68,2014-09-05T07:15:00,21,24977020,180681
OK,65,50,879,65,2014-09-05T07:25:00,23,24977816,180681
OK,62,53,879,62,2014-09-05T07:35:00,13,24978637,180681
OK,54,61,879,54,2014-09-05T07:45:00,22,24979337,180681
OK,60,55,879,60,2014-09-05T07:50:00,21,24979786,180681
OK,55,60,879,55,2014-09-05T08:00:00,31,24980608,180681
OK,56,59,879,56,2014-09-05T08:10:00,23,24981388,180681
OK,84,39,879,84,2014-09-05T08:20:00,18,24982146,180681
OK,77,43,879,77,2014-09-05T08:30:00,18,24982935,180681
OK,68,48,879,68,2014-09-05T08:35:00,22,24983384,180681
OK,67,49,879,67,2014-09-05T08:45:00,17,24984178,180681
OK,71,46,879,71,2014-09-05T08:50:00,17,24984627,180681
OK,81,40,879,81,2014-09-05T09:00:00,20,24985419,180681
OK,69,48,879,69,2014-09-05T09:10:00,22,24986161,180681
OK,74,44,879,74,2014-09-05T09:15:00,29,24986610,180681
OK,52,63,879,52,2014-09-05T09:25:00,23,24987394,180681
OK,58,57,879,58,2014-09-05T09:35:00,19,24988208,180681
OK,69,48,879,69,2014-09-05T09:40:00,23,24988657,180681
OK,83,39,879,83,2014-09-05T09:45:00,25,24989078,180681
OK,72,46,879,72,2014-09-05T09:55:00,32,24989851,180681
OK,74,44,879,74,2014-09-05T10:00:00,40,24990300,180681
OK,75,44,879,75,2014-09-05T10:10:00,24,24991074,180681
OK,76,43,879,76,2014-09-05T10:15:00,27,24991523,180681
OK,78,42,879,78,2014-09-05T10:20:00,27,24991946,180681
OK,76,43,879,76,2014-09-05T10:25:00,35,24992393,180681
OK,68,48,879,68,2014-09-05T10:35:00,22,24993160,180681
OK,54,61,879,54,2014-09-05T10:40:00,20,24993609,180681
OK,58,57,879,58,2014-09-05T10:45:00,16,24994015,180681
OK,76,43,879,76,2014-09-05T10:55:00,28,24994827,180681
OK,75,44,879,75,2014-09-05T11:00:00,25,24995276,180681
OK,69,48,879,69,2014-09-05T11:10:00,31,24996061,180681
OK,91,36,879,91,2014-09-05T11:20:00,17,24996821,180681
OK,99,33,879,99,2014-09-05T11:25:00,20,24997270,180681
OK,65,50,879,65,2014-09-05T11:35:00,17,24998030,180681
OK,77,43,879,77,2014-09-05T11:45:00,33,24998866,180681
OK,76,43,879,76,2014-09-05T11:50:00,23,24999315,180681
OK,65,50,879,65,2014-09-05T11:55:00,20,24999762,180681
OK,75,44,879,75,2014-09-05T12:00:00,43,25000211,180681
OK,70,47,879,70,2014-09-05T12:05:00,48,25000658,180681
OK,70,47,879,70,2014-09-05T12:10:00,26,25001077,180681
OK,87,38,879,87,2014-09-05T12:15:00,22,25001520,180681
OK,90,36,879,90,2014-09-05T12:25:00,33,25002299,180681
OK,86,38,879,86,2014-09-05T12:35:00,24,25003110,180681
OK,96,34,879,96,2014-09-05T12:45:00,30,25003862,180681
OK,92,36,879,92,2014-09-05T12:50:00,30,25004311,180681
OK,89,37,879,89,2014-09-05T12:55:00,35,25004655,180681
OK,92,36,879,92,2014-09-05T13:00:00,37,25005086,180681
OK,85,38,879,85,2014-09-05T13:10:00,24,25005852,180681
OK,85,38,879,85,2014-09-05T13:15:00,26,25006663,180681
OK,100,33,879,100,2014-09-05T13:25:00,28,25007112,180681
OK,98,33,879,98,2014-09-05T13:30:00,30,25007561,180681
OK,88,37,879,88,2014-09-05T13:35:00,39,25008010,180681
OK,78,42,879,78,2014-09-05T13:40:00,40,25008459,180681
OK,106,31,879,106,2014-09-05T13:50:00,31,25009130,180681
OK,71,46,879,71,2014-09-05T14:00:00,27,25009925,180681
OK,79,41,879,79,2014-09-05T14:10:00,32,25010685,180681
OK,84,39,879,84,2014-09-05T14:15:00,34,25011134,180681
OK,74,44,879,74,2014-09-05T14:25:00,22,25011879,180681
OK,72,46,879,72,2014-09-05T14:35:00,22,25012678,180681
OK,75,44,879,75,2014-09-05T14:45:00,16,25013434,180681
OK,64,51,879,64,2014-09-05T14:55:00,20,25014208,180681
OK,62,53,879,62,2014-09-05T15:00:00,14,25014657,180681
OK,71,46,879,71,2014-09-05T15:05:00,21,25015364,180681
OK,66,50,879,66,2014-09-05T15:15:00,13,25016262,180681
OK,63,52,879,63,2014-09-05T15:25:00,12,25016710,180681
OK,56,59,879,56,2014-09-05T15:30:00,15,25017435,180681
OK,55,60,879,55,2014-09-05T15:35:00,16,25017884,180681
OK,65,50,879,65,2014-09-05T15:40:00,11,25018333,180681
OK,71,46,879,71,2014-09-05T15:45:00,11,25018778,180681
OK,64,51,879,64,2014-09-05T15:50:00,13,25019204,180681
OK,61,54,879,61,2014-09-05T15:55:00,11,25019596,180681
OK,66,50,879,66,2014-09-05T16:00:00,11,25020045,180681
OK,67,49,879,67,2014-09-05T16:05:00,8,25020430,180681
OK,58,57,879,58,2014-09-05T16:10:00,10,25020876,180681
OK,58,57,879,58,2014-09-05T16:15:00,15,25021236,180681
OK,62,53,879,62,2014-09-05T16:25:00,18,25022134,180681
OK,63,52,879,63,2014-09-05T16:30:00,13,25022579,180681
OK,63,52,879,63,2014-09-05T16:35:00,6,25023026,180681
OK,58,57,879,58,2014-09-05T16:40:00,7,25023405,180681
OK,42,78,879,42,2014-09-05T16:45:00,7,25023849,180681
OK,55,60,879,55,2014-09-05T16:50:00,7,25024223,180681
OK,53,62,879,53,2014-09-05T16:55:00,8,25024669,180681
OK,51,64,879,51,2014-09-05T17:00:00,9,25025036,180681
OK,55,60,879,55,2014-09-05T17:10:00,4,25025918,180681
OK,63,52,879,63,2014-09-05T17:15:00,7,25026364,180681
OK,63,52,879,63,2014-09-05T17:20:00,9,25026747,180681
OK,63,52,879,63,2014-09-05T17:25:00,5,25027186,180681
OK,67,49,879,67,2014-09-05T17:30:00,9,25027633,180681
OK,72,46,879,72,2014-09-05T17:35:00,8,25028060,180681
OK,66,50,879,66,2014-09-05T17:40:00,6,25028499,180681
OK,59,56,879,59,2014-09-05T17:45:00,6,25028941,180681
OK,55,60,879,55,2014-09-05T17:50:00,9,25029389,180681
OK,50,66,879,50,2014-09-05T17:55:00,11,25029838,180681
OK,45,73,879,45,2014-09-05T18:05:00,6,25030287,180681
OK,60,55,879,60,2014-09-05T18:15:00,6,25031088,180681
OK,67,49,879,67,2014-09-05T18:25:00,5,25031884,180681
OK,61,54,879,61,2014-09-05T18:35:00,7,25032694,180681
OK,50,66,879,50,2014-09-05T18:45:00,4,25033481,180681
OK,74,44,879,74,2014-09-05T18:50:00,5,25033930,180681
OK,72,46,879,72,2014-09-05T18:55:00,9,25034366,180681
OK,52,63,879,52,2014-09-05T19:05:00,6,25035176,180681
OK,48,69,879,48,2014-09-05T19:10:00,4,25035625,180681
OK,61,54,879,61,2014-09-05T19:15:00,2,25036041,180681
OK,49,67,879,49,2014-09-05T19:20:00,1,25036489,180681
OK,46,72,879,46,2014-09-05T19:25:00,5,25036916,180681
OK,55,60,879,55,2014-09-05T19:35:00,3,25037797,180681
OK,55,60,879,55,2014-09-05T19:40:00,7,25038245,180681
OK,46,72,879,46,2014-09-05T19:50:00,5,25039114,180681
OK,48,69,879,48,2014-09-05T19:55:00,3,25039903,180681
OK,59,56,879,59,2014-09-05T20:00:00,7,25040271,180681
OK,58,57,879,58,2014-09-05T20:05:00,8,25040710,180681
OK,59,56,879,59,2014-09-05T20:10:00,3,25041068,180681
OK,56,59,879,56,2014-09-05T20:20:00,4,25041505,180681
OK,45,73,879,45,2014-09-05T20:25:00,4,25041950,180681
OK,60,55,879,60,2014-09-05T20:30:00,3,25042744,180681
OK,46,72,879,46,2014-09-05T20:35:00,5,25043179,180681
OK,44,75,879,44,2014-09-05T20:40:00,6,25043628,180681
OK,66,50,879,66,2014-09-05T20:50:00,5,25044074,180681
OK,41,80,879,41,2014-09-05T21:00:00,1,25044960,180681
OK,58,57,879,58,2014-09-05T21:05:00,3,25045409,180681
OK,81,40,879,81,2014-09-05T21:15:00,1,25046170,180681
OK,45,73,879,45,2014-09-05T21:20:00,1,25046619,180681
OK,65,50,879,65,2014-09-05T21:25:00,2,25047066,180681
OK,69,48,879,69,2014-09-05T21:35:00,3,25047867,180681
OK,48,69,879,48,2014-09-05T21:45:00,4,25048662,180681
OK,47,70,879,47,2014-09-05T21:50:00,3,25049110,180681
OK,47,70,879,47,2014-09-05T22:00:00,0,25049981,180681
OK,49,67,879,49,2014-09-05T22:05:00,2,25050419,180681
OK,49,67,879,49,2014-09-05T22:10:00,2,25050868,180681
OK,48,69,879,48,2014-09-05T22:15:00,4,25051295,180681
OK,60,55,879,60,2014-09-05T22:20:00,6,25051744,180681
OK,62,53,879,62,2014-09-05T22:25:00,4,25052193,180681
OK,82,40,879,82,2014-09-05T22:35:00,0,25052964,180681
OK,82,40,879,82,2014-09-05T22:40:00,0,25053775,180681
OK,69,48,879,69,2014-09-05T22:45:00,4,25054199,180681
OK,46,72,879,46,2014-09-05T22:55:00,4,25054638,180681
OK,60,55,879,60,2014-09-05T23:00:00,1,25055086,180681
OK,45,73,879,45,2014-09-05T23:05:00,0,25055530,180681
OK,36,92,879,36,2014-09-05T23:10:00,1,25055979,180681
OK,43,77,879,43,2014-09-05T23:15:00,2,25056752,180681
OK,46,72,879,46,2014-09-05T23:20:00,2,25057110,180681
OK,38,87,879,38,2014-09-05T23:30:00,1,25057536,180681
OK,38,87,879,38,2014-09-05T23:35:00,0,25058283,180681
OK,38,87,879,38,2014-09-05T23:40:00,0,25058732,180681
OK,49,67,879,49,2014-09-05T23:50:00,1,25059180,180681
OK,44,75,879,44,2014-09-05T23:55:00,3,25059629,180681
OK,44,75,879,44,2014-09-06T00:05:00,2,25060438,180681
OK,44,75,879,44,2014-09-06T00:15:00,0,25061143,180681
OK,56,59,879,56,2014-09-06T00:25:00,0,25061592,180681
OK,41,80,879,41,2014-09-06T00:35:00,2,25062323,180681
OK,41,80,879,41,2014-09-06T00:40:00,2,25063157,180681
OK,41,80,879,41,2014-09-06T00:45:00,0,25063605,180681
OK,41,80,879,41,2014-09-06T00:50:00,0,25063979,180681
OK,41,80,879,41,2014-09-06T00:55:00,0,25064421,180681
OK,89,37,879,89,2014-09-06T01:00:00,1,25064786,180681
OK,89,37,879,89,2014-09-06T01:10:00,0,25065231,180681
OK,89,37,879,89,2014-09-06T01:15:00,0,25066097,180681
OK,89,37,879,89,2014-09-06T01:20:00,0,25066524,180681
OK,89,37,879,89,2014-09-06T01:25:00,0,25066938,180681
OK,89,37,879,89,2014-09-06T01:35:00,0,25067385,180681
OK,40,82,879,40,2014-09-06T01:40:00,2,25068249,180681
OK,44,75,879,44,2014-09-06T01:50:00,0,25068698,180681
OK,89,37,879,89,2014-09-06T02:00:00,2,25069488,180681
OK,55,60,879,55,2014-09-06T02:05:00,2,25069936,180681
OK,55,60,879,55,2014-09-06T02:10:00,0,25070778,180681
OK,45,73,879,45,2014-09-06T02:20:00,1,25071221,180681
OK,61,54,879,61,2014-09-06T02:25:00,2,25071668,180681
OK,78,42,879,78,2014-09-06T02:30:00,0,25072069,180681
OK,56,59,879,56,2014-09-06T02:40:00,1,25072882,180681
OK,49,67,879,49,2014-09-06T02:50:00,2,25073670,180681
OK,48,69,879,48,2014-09-06T02:55:00,2,25074118,180681
OK,43,77,879,43,2014-09-06T03:00:00,1,25074536,180681
OK,43,77,879,43,2014-09-06T03:10:00,0,25075363,180681
OK,48,69,879,48,2014-09-06T03:20:00,0,25076199,180681
OK,48,69,879,48,2014-09-06T03:30:00,0,25077040,180681
OK,48,69,879,48,2014-09-06T03:40:00,0,25077870,180681
OK,64,51,879,64,2014-09-06T03:45:00,2,25078319,180681
OK,68,48,879,68,2014-09-06T03:50:00,3,25078751,180681
OK,57,58,879,57,2014-09-06T04:00:00,1,25079569,180681
OK,41,80,879,41,2014-09-06T04:05:00,3,25080018,180681
OK,49,67,879,49,2014-09-06T04:10:00,3,25080466,180681
OK,49,67,879,49,2014-09-06T04:15:00,1,25080914,180681
OK,49,67,879,49,2014-09-06T04:25:00,0,25081699,180681
OK,38,87,879,38,2014-09-06T04:35:00,1,25082494,180681
OK,38,87,879,38,2014-09-06T04:50:00,3,25083168,180681
OK,43,77,879,43,2014-09-06T05:00:00,5,25083617,180681
OK,48,69,879,48,2014-09-06T05:10:00,7,25084250,180681
OK,40,82,879,40,2014-09-06T05:20:00,5,25084944,180681
OK,44,75,879,44,2014-09-06T05:25:00,7,25085393,180681
OK,49,67,879,49,2014-09-06T05:30:00,3,25085842,180681
OK,49,67,879,49,2014-09-06T05:40:00,6,25086609,180681
OK,43,77,879,43,2014-09-06T05:50:00,8,25087398,180681
OK,39,84,879,39,2014-09-06T06:00:00,3,25088160,180681
OK,47,70,879,47,2014-09-06T06:10:00,5,25088914,180681
OK,44,75,879,44,2014-09-06T06:15:00,6,25089362,180681
OK,46,72,879,46,2014-09-06T06:20:00,11,25089803,180681
OK,48,69,879,48,2014-09-06T06:25:00,10,25090252,180681
OK,46,72,879,46,2014-09-06T06:35:00,5,25091067,180681
OK,41,80,879,41,2014-09-06T06:40:00,7,25091516,180681
OK,52,63,879,52,2014-09-06T06:45:00,9,25091963,180681
OK,62,53,879,62,2014-09-06T06:50:00,5,25092412,180681
OK,81,40,879,81,2014-09-06T06:55:00,4,25092861,180681
OK,63,52,879,63,2014-09-06T07:00:00,10,25093293,180681
OK,46,72,879,46,2014-09-06T07:05:00,7,25093741,180681
OK,48,69,879,48,2014-09-06T07:15:00,5,25094510,180681
OK,52,63,879,52,2014-09-06T07:20:00,6,25094959,180681
OK,60,55,879,60,2014-09-06T07:25:00,12,25095408,180681
OK,78,42,879,78,2014-09-06T07:30:00,9,25095808,180681
OK,54,61,879,54,2014-09-06T07:35:00,10,25096257,180681
OK,52,63,879,52,2014-09-06T07:40:00,17,25096701,180681
OK,64,51,879,64,2014-09-06T07:45:00,17,25097150,180681
OK,81,40,879,81,2014-09-06T07:50:00,18,25097567,180681
OK,70,47,879,70,2014-09-06T07:55:00,12,25098016,180681
OK,48,69,879,48,2014-09-06T08:05:00,17,25098810,180681
OK,87,38,879,87,2014-09-06T08:15:00,8,25099622,180681
OK,62,53,879,62,2014-09-06T08:25:00,16,25100408,180681
OK,59,56,879,59,2014-09-06T08:30:00,14,25100857,180681
OK,81,40,879,81,2014-09-06T08:35:00,14,25101306,180681
OK,82,40,879,82,2014-09-06T08:40:00,10,25101754,180681
OK,69,48,879,69,2014-09-06T08:50:00,12,25102532,180681
OK,75,44,879,75,2014-09-06T09:00:00,18,25103342,180681
OK,56,59,879,56,2014-09-06T09:10:00,9,25104118,180681
OK,70,47,879,70,2014-09-06T09:15:00,11,25104567,180681
OK,56,59,879,56,2014-09-06T09:20:00,19,25105016,180681
OK,74,44,879,74,2014-09-06T09:30:00,12,25105830,180681
OK,52,63,879,52,2014-09-06T09:40:00,3,25106279,180681
OK,64,51,879,64,2014-09-06T09:50:00,8,25107085,180681
OK,73,45,879,73,2014-09-06T10:00:00,15,25107861,180681
OK,75,44,879,75,2014-09-06T10:05:00,20,25108310,180681
OK,73,45,879,73,2014-09-06T10:10:00,16,25108721,180681
OK,50,66,879,50,2014-09-06T10:15:00,15,25109170,180681
OK,69,48,879,69,2014-09-06T10:25:00,19,25109958,180681
OK,74,44,879,74,2014-09-06T10:30:00,13,25110407,180681
OK,51,64,879,51,2014-09-06T10:35:00,10,25110856,180681
OK,72,46,879,72,2014-09-06T10:40:00,18,25111292,180681
OK,73,45,879,73,2014-09-06T10:45:00,18,25111732,180681
OK,62,53,879,62,2014-09-06T10:50:00,18,25112181,180681
OK,59,56,879,59,2014-09-06T11:00:00,19,25112980,180681
OK,64,51,879,64,2014-09-06T11:10:00,17,25113775,180681
OK,61,54,879,61,2014-09-06T11:20:00,10,25114566,180681
OK,69,48,879,69,2014-09-06T11:30:00,14,25115305,180681
OK,63,52,879,63,2014-09-06T11:35:00,12,25115754,180681
OK,70,47,879,70,2014-09-06T11:40:00,15,25116200,180681
OK,59,56,879,59,2014-09-06T11:45:00,15,25116618,180681
OK,51,64,879,51,2014-09-06T11:50:00,13,25117057,180681
OK,69,48,879,69,2014-09-06T11:55:00,20,25117506,180681
OK,77,43,879,77,2014-09-06T12:00:00,23,25117955,180681
OK,61,54,879,61,2014-09-06T12:05:00,17,25118384,180681
OK,75,44,879,75,2014-09-06T12:15:00,10,25119199,180681
OK,50,66,879,50,2014-09-06T12:20:00,14,25119648,180681
OK,53,62,879,53,2014-09-06T12:25:00,20,25120097,180681
OK,53,62,879,53,2014-09-06T12:35:00,7,25120801,180681
OK,69,48,879,69,2014-09-06T12:40:00,9,25121250,180681
OK,70,47,879,70,2014-09-06T12:45:00,13,25121690,180681
OK,55,60,879,55,2014-09-06T12:50:00,12,25122139,180681
OK,54,61,879,54,2014-09-06T12:55:00,19,25122588,180681
OK,62,53,879,62,2014-09-06T13:00:00,19,25123000,180681
OK,72,46,879,72,2014-09-06T13:05:00,15,25123449,180681
OK,72,46,879,72,2014-09-06T13:10:00,13,25123863,180681
OK,55,60,879,55,2014-09-06T13:20:00,7,25124639,180681
OK,62,53,879,62,2014-09-06T13:30:00,14,25125445,180681
OK,72,46,879,72,2014-09-06T13:40:00,11,25126257,180681
OK,63,52,879,63,2014-09-06T13:50:00,5,25127011,180681
OK,68,48,879,68,2014-09-06T13:55:00,7,25127460,180681
OK,62,53,879,62,2014-09-06T14:05:00,18,25128219,180681
OK,54,61,879,54,2014-09-06T14:15:00,5,25129006,180681
OK,89,37,879,89,2014-09-06T14:25:00,6,25129801,180681
OK,48,69,879,48,2014-09-06T14:35:00,16,25130592,180681
OK,48,69,879,48,2014-09-06T14:40:00,9,25131041,180681
OK,53,62,879,53,2014-09-06T14:45:00,10,25131486,180681
OK,55,60,879,55,2014-09-06T14:55:00,13,25132267,180681
OK,49,67,879,49,2014-09-06T15:05:00,7,25132879,180681
OK,48,69,879,48,2014-09-06T15:15:00,10,25133326,180681
OK,56,59,879,56,2014-09-06T15:25:00,9,25134113,180681
OK,51,64,879,51,2014-09-06T15:30:00,16,25134562,180681
OK,50,66,879,50,2014-09-06T15:35:00,17,25135011,180681
OK,57,58,879,57,2014-09-06T15:45:00,20,25135803,180681
OK,58,57,879,58,2014-09-06T15:50:00,9,25136252,180681
OK,66,50,879,66,2014-09-06T15:55:00,13,25136701,180681
OK,66,50,879,66,2014-09-06T16:00:00,15,25137140,180681
OK,49,67,879,49,2014-09-06T16:05:00,12,25137581,180681
OK,66,50,879,66,2014-09-06T16:15:00,13,25138010,180681
OK,62,53,879,62,2014-09-06T16:20:00,12,25138459,180681
OK,64,51,879,64,2014-09-06T16:25:00,6,25138908,180681
OK,51,64,879,51,2014-09-06T16:30:00,8,25139315,180681
OK,48,69,879,48,2014-09-06T16:40:00,3,25140130,180681
OK,56,59,879,56,2014-09-06T16:45:00,6,25140579,180681
OK,59,56,879,59,2014-09-06T16:50:00,9,25141028,180681
OK,64,51,879,64,2014-09-06T16:55:00,7,25141460,180681
OK,70,47,879,70,2014-09-06T17:00:00,9,25141907,180681
OK,69,48,879,69,2014-09-06T17:05:00,9,25142356,180681
OK,59,56,879,59,2014-09-06T17:10:00,5,25142751,180681
OK,72,46,879,72,2014-09-06T17:20:00,5,25143564,180681
OK,46,72,879,46,2014-09-06T17:30:00,7,25144393,180681
OK,46,72,879,46,2014-09-06T17:40:00,5,25145191,180681
OK,46,72,879,46,2014-09-06T17:45:00,3,25145949,180681
OK,53,62,879,53,2014-09-06T17:55:00,8,25146398,180681
OK,53,62,879,53,2014-09-06T18:00:00,5,25146847,180681
OK,69,48,879,69,2014-09-06T18:10:00,8,25147636,180681
OK,47,70,879,47,2014-09-06T18:15:00,5,25148084,180681
OK,83,39,879,83,2014-09-06T18:25:00,9,25148956,180681
OK,55,60,879,55,2014-09-06T18:35:00,5,25149761,180681
OK,71,46,879,71,2014-09-06T18:40:00,2,25150210,180681
OK,64,51,879,64,2014-09-06T18:45:00,8,25150654,180681
OK,63,52,879,63,2014-09-06T18:55:00,2,25151463,180681
OK,52,63,879,52,2014-09-06T19:05:00,2,25152276,180681
OK,48,69,879,48,2014-09-06T19:15:00,6,25153038,180681
OK,47,70,879,47,2014-09-06T19:25:00,8,25153793,180681
OK,65,50,879,65,2014-09-06T19:35:00,5,25154678,180681
OK,44,75,879,44,2014-09-06T19:45:00,5,25155472,180681
OK,44,75,879,44,2014-09-06T19:50:00,5,25155919,180681
OK,47,70,879,47,2014-09-06T19:55:00,6,25156218,180681
OK,51,64,879,51,2014-09-06T20:00:00,9,25156665,180681
OK,63,52,879,63,2014-09-06T20:05:00,6,25157113,180681
OK,48,69,879,48,2014-09-06T20:10:00,3,25157557,180681
OK,50,66,879,50,2014-09-06T20:20:00,7,25158418,180681
OK,79,41,879,79,2014-09-06T20:30:00,3,25159220,180681
OK,38,87,879,38,2014-09-06T20:40:00,1,25159669,180681
OK,55,60,879,55,2014-09-06T20:50:00,4,25160457,180681
OK,42,78,879,42,2014-09-06T20:55:00,2,25161257,180681
OK,45,73,879,45,2014-09-06T21:00:00,4,25161705,180681
OK,47,70,879,47,2014-09-06T21:10:00,2,25162152,180681
OK,57,58,879,57,2014-09-06T21:15:00,4,25162957,180681
OK,53,62,879,53,2014-09-06T21:20:00,4,25163404,180681
OK,56,59,879,56,2014-09-06T21:30:00,2,25163853,180681
OK,56,59,879,56,2014-09-06T21:35:00,2,25164301,180681
OK,42,78,879,42,2014-09-06T21:40:00,3,25164748,180681
OK,42,78,879,42,2014-09-06T21:45:00,3,25165525,180681
OK,59,56,879,59,2014-09-06T21:55:00,5,25165973,180681
OK,51,64,879,51,2014-09-06T22:00:00,0,25166806,180681
OK,74,44,879,74,2014-09-06T22:10:00,3,25167251,180681
OK,62,53,879,62,2014-09-06T22:20:00,2,25168011,180681
OK,49,67,879,49,2014-09-06T22:30:00,1,25168799,180681
OK,49,67,879,49,2014-09-06T22:35:00,3,25169247,180681
OK,52,63,879,52,2014-09-06T22:45:00,1,25170014,180681
OK,52,63,879,52,2014-09-06T22:50:00,3,25170462,180681
OK,67,49,879,67,2014-09-06T22:55:00,1,25171250,180681
OK,47,70,879,47,2014-09-06T23:00:00,1,25171627,180681
OK,42,78,879,42,2014-09-06T23:05:00,2,25172003,180681
OK,43,77,879,43,2014-09-06T23:15:00,0,25172560,180681
OK,61,54,879,61,2014-09-06T23:20:00,2,25173008,180681
OK,41,80,879,41,2014-09-06T23:25:00,0,25173457,180681
OK,41,80,879,41,2014-09-06T23:30:00,0,25173874,180681
OK,47,70,879,47,2014-09-06T23:35:00,4,25174270,180681
OK,47,70,879,47,2014-09-06T23:40:00,4,25174719,180681
OK,46,72,879,46,2014-09-06T23:45:00,5,25175145,180681
OK,44,75,879,44,2014-09-06T23:50:00,6,25175579,180681
OK,42,78,879,42,2014-09-06T23:55:00,2,25176012,180681
OK,45,73,879,45,2014-09-07T00:00:00,3,25176461,180681
OK,68,48,879,68,2014-09-07T00:05:00,3,25176884,180681
OK,62,53,879,62,2014-09-07T00:10:00,3,25177325,180681
OK,62,53,879,62,2014-09-07T00:15:00,1,25177772,180681
OK,43,77,879,43,2014-09-07T00:20:00,1,25178218,180681
OK,43,77,879,43,2014-09-07T00:30:00,1,25178667,180681
OK,55,60,879,55,2014-09-07T00:40:00,1,25179382,180681
OK,64,51,879,64,2014-09-07T00:50:00,0,25180246,180681
OK,64,51,879,64,2014-09-07T00:55:00,0,25180691,180681
OK,42,78,879,42,2014-09-07T01:00:00,1,25181111,180681
OK,42,78,879,42,2014-09-07T01:05:00,1,25181529,180681
OK,52,63,879,52,2014-09-07T01:15:00,0,25181975,180681
OK,57,58,879,57,2014-09-07T01:25:00,2,25182423,180681
OK,49,67,879,49,2014-09-07T01:30:00,1,25182872,180681
OK,49,67,879,49,2014-09-07T01:40:00,0,25183626,180681
OK,49,67,879,49,2014-09-07T01:45:00,0,25184075,180681
OK,35,94,879,35,2014-09-07T01:50:00,1,25184523,180681
OK,45,73,879,45,2014-09-07T02:00:00,1,25185299,180681
OK,50,66,879,50,2014-09-07T02:05:00,2,25185748,180681
OK,55,60,879,55,2014-09-07T02:10:00,1,25186193,180681
OK,38,87,879,38,2014-09-07T02:15:00,1,25187007,180681
OK,38,87,879,38,2014-09-07T02:20:00,0,25187383,180681
OK,45,73,879,45,2014-09-07T02:30:00,0,25187824,180681
OK,45,73,879,45,2014-09-07T02:35:00,0,25188669,180681
OK,45,73,879,45,2014-09-07T02:40:00,0,25189054,180681
OK,53,62,879,53,2014-09-07T02:50:00,1,25189493,180681
OK,78,42,879,78,2014-09-07T03:00:00,1,25190321,180681
OK,48,69,879,48,2014-09-07T03:10:00,2,25191129,180681
OK,49,67,879,49,2014-09-07T03:20:00,1,25191920,180681
OK,39,84,879,39,2014-09-07T03:30:00,1,25192764,180681
OK,39,84,879,39,2014-09-07T03:35:00,0,25193210,180681
OK,39,84,879,39,2014-09-07T03:40:00,0,25194086,180681
OK,75,44,879,75,2014-09-07T03:45:00,0,25194532,180681
OK,75,44,879,75,2014-09-07T03:50:00,0,25194973,180681
OK,46,72,879,46,2014-09-07T03:55:00,1,25195418,180681
OK,46,72,879,46,2014-09-07T04:00:00,1,25195867,180681
OK,46,72,879,46,2014-09-07T04:05:00,0,25196204,180681
OK,46,72,879,46,2014-09-07T04:10:00,0,25196646,180681
OK,46,72,879,46,2014-09-07T04:15:00,0,25197052,180681
OK,46,72,879,46,2014-09-07T04:20:00,0,25197485,180681
OK,39,84,879,39,2014-09-07T04:30:00,1,25197934,180681
OK,43,77,879,43,2014-09-07T04:40:00,1,25198729,180681
OK,38,87,879,38,2014-09-07T04:45:00,1,25199178,180681
OK,42,78,879,42,2014-09-07T04:50:00,1,25200015,180681
OK,56,59,879,56,2014-09-07T04:55:00,3,25200379,180681
OK,31,106,879,31,2014-09-07T05:05:00,0,25200825,180681
OK,64,51,879,64,2014-09-07T05:10:00,1,25201274,180681
OK,55,60,879,55,2014-09-07T05:15:00,4,25202110,180681
OK,55,60,879,55,2014-09-07T05:20:00,0,25202536,180681
OK,36,92,879,36,2014-09-07T05:25:00,1,25202928,180681
OK,42,78,879,42,2014-09-07T05:35:00,3,25203364,180681
OK,43,77,879,43,2014-09-07T05:45:00,3,25204168,180681
OK,47,70,879,47,2014-09-07T05:55:00,3,25204970,180681
OK,59,56,879,59,2014-09-07T06:00:00,2,25205419,180681
OK,70,47,879,70,2014-09-07T06:05:00,0,25206224,180681
OK,70,47,879,70,2014-09-07T06:10:00,0,25206662,180681
OK,48,69,879,48,2014-09-07T06:15:00,3,25207090,180681
OK,51,64,879,51,2014-09-07T06:20:00,5,25207536,180681
OK,49,67,879,49,2014-09-07T06:30:00,5,25207985,180681
OK,50,66,879,50,2014-09-07T06:35:00,5,25208434,180681
OK,45,73,879,45,2014-09-07T06:40:00,2,25208882,180681
OK,45,73,879,45,2014-09-07T06:45:00,5,25209330,180681
OK,48,69,879,48,2014-09-07T06:50:00,4,25210171,180681
OK,48,69,879,48,2014-09-07T07:00:00,6,25210617,180681
OK,39,84,879,39,2014-09-07T07:05:00,5,25211451,180681
OK,66,50,879,66,2014-09-07T07:15:00,2,25211900,180681
OK,45,73,879,45,2014-09-07T07:20:00,2,25212772,180681
OK,46,72,879,46,2014-09-07T07:25:00,11,25213218,180681
OK,48,69,879,48,2014-09-07T07:30:00,11,25213662,180681
OK,78,42,879,78,2014-09-07T07:40:00,7,25214104,180681
OK,77,43,879,77,2014-09-07T07:45:00,10,25214552,180681
OK,70,47,879,70,2014-09-07T07:50:00,11,25215348,180681
OK,52,63,879,52,2014-09-07T07:55:00,12,25215797,180681
OK,50,66,879,50,2014-09-07T08:00:00,14,25216246,180681
OK,67,49,879,67,2014-09-07T08:05:00,9,25216575,180681
OK,51,64,879,51,2014-09-07T08:10:00,11,25217004,180681
OK,46,72,879,46,2014-09-07T08:15:00,10,25217452,180681
OK,67,49,879,67,2014-09-07T08:25:00,10,25217901,180681
OK,56,59,879,56,2014-09-07T08:30:00,13,25218733,180681
OK,56,59,879,56,2014-09-07T08:40:00,3,25219177,180681
OK,51,64,879,51,2014-09-07T08:45:00,4,25219964,180681
OK,48,69,879,48,2014-09-07T08:50:00,5,25220325,180681
OK,50,66,879,50,2014-09-07T09:00:00,10,25220769,180681
OK,56,59,879,56,2014-09-07T09:10:00,8,25221541,180681
OK,51,64,879,51,2014-09-07T09:20:00,7,25222415,180681
OK,90,36,879,90,2014-09-07T09:30:00,15,25223251,180681
OK,70,47,879,70,2014-09-07T09:35:00,12,25223967,180681
OK,74,44,879,74,2014-09-07T09:45:00,18,25224400,180681
OK,65,50,879,65,2014-09-07T09:50:00,12,25224849,180681
OK,56,59,879,56,2014-09-07T09:55:00,21,25225286,180681
OK,55,60,879,55,2014-09-07T10:00:00,21,25225734,180681
OK,51,64,879,51,2014-09-07T10:05:00,9,25226176,180681
OK,65,50,879,65,2014-09-07T10:10:00,10,25226609,180681
OK,69,48,879,69,2014-09-07T10:15:00,13,25227409,180681
OK,67,49,879,67,2014-09-07T10:25:00,18,25227849,180681
OK,51,64,879,51,2014-09-07T10:35:00,8,25228702,180681
OK,55,60,879,55,2014-09-07T10:45:00,15,25229501,180681
OK,72,46,879,72,2014-09-07T10:50:00,17,25229950,180681
OK,79,41,879,79,2014-09-07T10:55:00,14,25230399,180681
OK,54,61,879,54,2014-09-07T11:00:00,13,25230847,180681
OK,72,46,879,72,2014-09-07T11:10:00,16,25231638,180681
OK,67,49,879,67,2014-09-07T11:15:00,20,25232425,180681
OK,59,56,879,59,2014-09-07T11:20:00,18,25232814,180681
OK,52,63,879,52,2014-09-07T11:30:00,16,25233260,180681
OK,57,58,879,57,2014-09-07T11:35:00,13,25233708,180681
OK,78,42,879,78,2014-09-07T11:40:00,21,25234115,180681
OK,69,48,879,69,2014-09-07T11:45:00,22,25234564,180681
OK,52,63,879,52,2014-09-07T11:50:00,19,25235012,180681
OK,55,60,879,55,2014-09-07T11:55:00,15,25235451,180681
OK,53,62,879,53,2014-09-07T12:00:00,16,25235882,180681
OK,56,59,879,56,2014-09-07T12:05:00,22,25236326,180681
OK,58,57,879,58,2014-09-07T12:10:00,19,25236775,180681
OK,55,60,879,55,2014-09-07T12:15:00,19,25237224,180681
OK,55,60,879,55,2014-09-07T12:20:00,15,25237673,180681
OK,55,60,879,55,2014-09-07T12:25:00,18,25238090,180681
OK,50,66,879,50,2014-09-07T12:35:00,12,25238887,180681
OK,45,73,879,45,2014-09-07T12:45:00,10,25239705,180681
OK,49,67,879,49,2014-09-07T12:50:00,13,25240154,180681
OK,73,45,879,73,2014-09-07T12:55:00,13,25240603,180681
OK,70,47,879,70,2014-09-07T13:00:00,10,25241048,180681
OK,54,61,879,54,2014-09-07T13:05:00,13,25241497,180681
OK,68,48,879,68,2014-09-07T13:10:00,16,25241934,180681
OK,94,35,879,94,2014-09-07T13:20:00,8,25242738,180681
OK,87,38,879,87,2014-09-07T13:25:00,14,25243187,180681
OK,73,45,879,73,2014-09-07T13:30:00,11,25243636,180681
OK,59,56,879,59,2014-09-07T13:35:00,6,25244075,180681
OK,68,48,879,68,2014-09-07T13:40:00,16,25244514,180681
OK,57,58,879,57,2014-09-07T13:45:00,17,25244963,180681
OK,52,63,879,52,2014-09-07T13:50:00,13,25245410,180681
OK,55,60,879,55,2014-09-07T13:55:00,11,25245859,180681
OK,53,62,879,53,2014-09-07T14:05:00,15,25246634,180681
OK,67,49,879,67,2014-09-07T14:15:00,14,25247452,180681
OK,100,33,879,100,2014-09-07T14:25:00,8,25248269,180681
OK,54,61,879,54,2014-09-07T14:35:00,14,25249078,180681
OK,50,66,879,50,2014-09-07T14:40:00,12,25249527,180681
OK,62,53,879,62,2014-09-07T14:45:00,8,25249974,180681
OK,70,47,879,70,2014-09-07T14:50:00,11,25250418,180681
OK,70,47,879,70,2014-09-07T15:00:00,10,25251207,180681
OK,70,47,879,70,2014-09-07T15:10:00,10,25252009,180681
OK,57,58,879,57,2014-09-07T15:20:00,12,25252768,180681
OK,63,52,879,63,2014-09-07T15:25:00,15,25253611,180681
OK,58,57,879,58,2014-09-07T15:35:00,13,25254049,180681
OK,61,54,879,61,2014-09-07T15:45:00,12,25254883,180681
OK,61,54,879,61,2014-09-07T15:50:00,14,25255332,180681
OK,46,72,879,46,2014-09-07T15:55:00,11,25255781,180681
OK,52,63,879,52,2014-09-07T16:05:00,12,25256628,180681
OK,47,70,879,47,2014-09-07T16:10:00,13,25257077,180681
OK,51,64,879,51,2014-09-07T16:15:00,9,25257513,180681
OK,52,63,879,52,2014-09-07T16:25:00,8,25258341,180681
OK,48,69,879,48,2014-09-07T16:30:00,8,25258790,180681
OK,48,69,879,48,2014-09-07T16:35:00,8,25259236,180681
OK,59,56,879,59,2014-09-07T16:45:00,5,25260053,180681
OK,50,66,879,50,2014-09-07T16:55:00,8,25260861,180681
OK,59,56,879,59,2014-09-07T17:00:00,11,25261310,180681
OK,71,46,879,71,2014-09-07T17:10:00,6,25262111,180681
OK,62,53,879,62,2014-09-07T17:15:00,10,25262559,180681
OK,50,66,879,50,2014-09-07T17:20:00,6,25263005,180681
OK,53,62,879,53,2014-09-07T17:25:00,6,25263441,180681
OK,71,46,879,71,2014-09-07T17:35:00,1,25264216,180681
OK,48,69,879,48,2014-09-07T17:40:00,3,25264664,180681
OK,54,61,879,54,2014-09-07T17:45:00,6,25265109,180681
OK,50,66,879,50,2014-09-07T17:50:00,2,25265557,180681
OK,73,45,879,73,2014-09-07T18:00:00,10,25266367,180681
OK,53,62,879,53,2014-09-07T18:10:00,5,25267136,180681
OK,73,45,879,73,2014-09-07T18:15:00,11,25267584,180681
OK,54,61,879,54,2014-09-07T18:20:00,8,25268032,180681
OK,54,61,879,54,2014-09-07T18:25:00,5,25268480,180681
OK,62,53,879,62,2014-09-07T18:35:00,10,25269282,180681
OK,75,44,879,75,2014-09-07T18:40:00,7,25269731,180681
OK,94,35,879,94,2014-09-07T18:45:00,6,25270177,180681
OK,80,41,879,80,2014-09-07T18:50:00,5,25270609,180681
OK,76,43,879,76,2014-09-07T19:00:00,11,25271487,180681
OK,76,43,879,76,2014-09-07T19:05:00,13,25271930,180681
OK,42,78,879,42,2014-09-07T19:10:00,10,25272371,180681
OK,71,46,879,71,2014-09-07T19:20:00,3,25273238,180681
OK,73,45,879,73,2014-09-07T19:30:00,2,25274035,180681
OK,68,48,879,68,2014-09-07T19:35:00,3,25274483,180681
OK,52,63,879,52,2014-09-07T19:40:00,3,25275235,180681
OK,99,33,879,99,2014-09-07T19:50:00,2,25275683,180681
OK,62,53,879,62,2014-09-07T19:55:00,1,25276574,180681
OK,75,44,879,75,2014-09-07T20:05:00,3,25277021,180681
OK,53,62,879,53,2014-09-07T20:15:00,2,25277833,180681
OK,64,51,879,64,2014-09-07T20:20:00,2,25278625,180681
OK,70,47,879,70,2014-09-07T20:25:00,4,25278992,180681
OK,65,50,879,65,2014-09-07T20:30:00,7,25279438,180681
OK,57,58,879,57,2014-09-07T20:40:00,3,25279887,180681
OK,63,52,879,63,2014-09-07T20:45:00,2,25280702,180681
OK,62,53,879,62,2014-09-07T20:50:00,1,25281147,180681
OK,47,70,879,47,2014-09-07T20:55:00,1,25281517,180681
OK,47,70,879,47,2014-09-07T21:00:00,1,25281964,180681
OK,47,70,879,47,2014-09-07T21:05:00,1,25282413,180681
OK,47,70,879,47,2014-09-07T21:10:00,0,25282842,180681
OK,54,61,879,54,2014-09-07T21:15:00,1,25283288,180681
OK,54,61,879,54,2014-09-07T21:20:00,0,25283712,180681
OK,54,61,879,54,2014-09-07T21:25:00,0,25284160,180681
OK,50,66,879,50,2014-09-07T21:30:00,1,25284589,180681
OK,50,66,879,50,2014-09-07T21:35:00,0,25285034,180681
OK,50,66,879,50,2014-09-07T21:40:00,0,25285482,180681
OK,50,66,879,50,2014-09-07T21:45:00,0,25285931,180681
OK,50,66,879,50,2014-09-07T21:50:00,0,25286357,180681
OK,50,66,879,50,2014-09-07T21:55:00,0,25286787,180681
OK,50,66,879,50,2014-09-07T22:05:00,0,25287236,180681
OK,50,66,879,50,2014-09-07T22:10:00,0,25287681,180681
OK,74,44,879,74,2014-09-07T22:15:00,0,25288086,180681
OK,74,44,879,74,2014-09-07T22:20:00,0,25288535,180681
OK,74,44,879,74,2014-09-07T22:25:00,0,25289323,180681
OK,48,69,879,48,2014-09-07T22:30:00,2,25289749,180681
OK,43,77,879,43,2014-09-07T22:35:00,1,25290141,180681
OK,43,77,879,43,2014-09-07T22:40:00,0,25290589,180681
OK,43,77,879,43,2014-09-07T22:45:00,0,25291032,180681
OK,60,55,879,60,2014-09-07T22:50:00,1,25291476,180681
OK,60,55,879,60,2014-09-07T22:55:00,1,25291912,180681
OK,60,55,879,60,2014-09-07T23:00:00,0,25292360,180681
OK,60,55,879,60,2014-09-07T23:05:00,0,25292792,180681
OK,60,55,879,60,2014-09-07T23:10:00,0,25293223,180681
OK,42,78,879,42,2014-09-07T23:20:00,4,25293670,180681
OK,34,97,879,34,2014-09-07T23:25:00,0,25294406,180681
OK,34,97,879,34,2014-09-07T23:30:00,0,25294854,180681
OK,34,97,879,34,2014-09-07T23:35:00,0,25295298,180681
OK,34,97,879,34,2014-09-07T23:40:00,0,25295747,180681
OK,34,97,879,34,2014-09-07T23:45:00,0,25296140,180681
OK,34,97,879,34,2014-09-07T23:50:00,0,25296588,180681
OK,34,97,879,34,2014-09-07T23:55:00,0,25296983,180681
OK,34,97,879,34,2014-09-08T00:00:00,0,25297378,180681
OK,34,97,879,34,2014-09-08T00:15:00,0,25297870,180681
OK,34,97,879,34,2014-09-08T00:20:00,0,25298527,180681
OK,34,97,879,34,2014-09-08T00:30:00,0,25298975,180681
OK,34,97,879,34,2014-09-08T00:35:00,0,25299823,180681
OK,34,97,879,34,2014-09-08T00:40:00,0,25300261,180681
OK,34,97,879,34,2014-09-08T00:45:00,0,25300706,180681
OK,34,97,879,34,2014-09-08T00:50:00,0,25301155,180681
OK,34,97,879,34,2014-09-08T00:55:00,0,25301600,180681
OK,34,97,879,34,2014-09-08T01:05:00,0,25302049,180681
OK,34,97,879,34,2014-09-08T01:10:00,0,25302497,180681
OK,34,97,879,34,2014-09-08T01:15:00,0,25303357,180681
OK,34,97,879,34,2014-09-08T01:20:00,0,25303764,180681
OK,45,73,879,45,2014-09-08T01:30:00,1,25304208,180681
OK,70,47,879,70,2014-09-08T01:35:00,2,25304656,180681
OK,65,50,879,65,2014-09-08T01:40:00,1,25305085,180681
OK,65,50,879,65,2014-09-08T01:45:00,1,25305534,180681
OK,65,50,879,65,2014-09-08T01:50:00,0,25305979,180681
OK,65,50,879,65,2014-09-08T01:55:00,0,25306424,180681
OK,65,50,879,65,2014-09-08T02:00:00,0,25306870,180681
OK,55,60,879,55,2014-09-08T02:10:00,0,25307748,180681
OK,60,55,879,60,2014-09-08T02:20:00,2,25308572,180681
OK,84,39,879,84,2014-09-08T02:30:00,1,25309364,180681
OK,51,64,879,51,2014-09-08T02:35:00,2,25309813,180681
OK,31,106,879,31,2014-09-08T02:40:00,1,25310261,180681
OK,39,84,879,39,2014-09-08T02:45:00,1,25310710,180681
OK,43,77,879,43,2014-09-08T02:50:00,1,25311146,180681
OK,68,48,879,68,2014-09-08T03:00:00,2,25311592,180681
OK,35,94,879,35,2014-09-08T03:10:00,0,25312385,180681
OK,66,50,879,66,2014-09-08T03:20:00,1,25313237,180681
OK,53,62,879,53,2014-09-08T03:25:00,2,25313686,180681
OK,68,48,879,68,2014-09-08T03:30:00,1,25314130,180681
OK,68,48,879,68,2014-09-08T03:35:00,0,25314577,180681
OK,73,45,879,73,2014-09-08T03:40:00,5,25315025,180681
OK,54,61,879,54,2014-09-08T03:50:00,6,25315823,180681
OK,70,47,879,70,2014-09-08T03:55:00,6,25316272,180681
OK,58,57,879,58,2014-09-08T04:05:00,7,25317064,180681
OK,67,49,879,67,2014-09-08T04:15:00,7,25317848,180681
OK,55,60,879,55,2014-09-08T04:20:00,11,25318297,180681
OK,54,61,879,54,2014-09-08T04:25:00,8,25318723,180681
OK,62,53,879,62,2014-09-08T04:35:00,13,25319504,180681
OK,58,57,879,58,2014-09-08T04:40:00,21,25319953,180681
OK,61,54,879,61,2014-09-08T04:50:00,38,25320715,180681
OK,75,44,879,75,2014-09-08T05:00:00,23,25321504,180681
OK,78,42,879,78,2014-09-08T05:05:00,20,25321953,180681
OK,65,50,879,65,2014-09-08T05:15:00,30,25322737,180681
OK,71,46,879,71,2014-09-08T05:20:00,21,25323186,180681
OK,84,39,879,84,2014-09-08T05:30:00,28,25323941,180681
OK,87,38,879,87,2014-09-08T05:40:00,38,25324732,180681
OK,135,24,879,135,2014-09-08T05:50:00,36,25325181,180681
OK,198,16,879,198,2014-09-08T06:00:00,38,25325967,180681
OK,217,15,879,217,2014-09-08T06:05:00,44,25326717,180681
OK,278,11,879,278,2014-09-08T06:10:00,47,25327164,180681
OK,174,19,879,174,2014-09-08T06:20:00,52,25327613,180681
OK,82,40,879,82,2014-09-08T06:30:00,27,25328396,180681
OK,85,38,879,85,2014-09-08T06:35:00,22,25328845,180681
OK,85,38,879,85,2014-09-08T06:40:00,29,25329278,180681
OK,83,39,879,83,2014-09-08T06:50:00,19,25330071,180681
OK,71,46,879,71,2014-09-08T07:00:00,27,25330902,180681
OK,72,46,879,72,2014-09-08T07:05:00,24,25331351,180681
OK,67,49,879,67,2014-09-08T07:10:00,30,25332154,180681
OK,66,50,879,66,2014-09-08T07:20:00,19,25332602,180681
OK,72,46,879,72,2014-09-08T07:30:00,26,25333389,180681
OK,77,43,879,77,2014-09-08T07:35:00,18,25333838,180681
OK,81,40,879,81,2014-09-08T07:40:00,19,25334263,180681
OK,65,50,879,65,2014-09-08T07:45:00,30,25334712,180681
OK,62,53,879,62,2014-09-08T07:50:00,25,25335133,180681
OK,61,54,879,61,2014-09-08T08:00:00,25,25335904,180681
OK,63,52,879,63,2014-09-08T08:05:00,26,25336353,180681
OK,62,53,879,62,2014-09-08T08:15:00,21,25337108,180681
OK,62,53,879,62,2014-09-08T08:20:00,16,25337557,180681
OK,66,50,879,66,2014-09-08T08:25:00,20,25338351,180681
OK,67,49,879,67,2014-09-08T08:35:00,27,25338800,180681
OK,75,44,879,75,2014-09-08T08:45:00,14,25339594,180681
OK,68,48,879,68,2014-09-08T08:50:00,22,25340043,180681
OK,68,48,879,68,2014-09-08T08:55:00,21,25340492,180681
OK,67,49,879,67,2014-09-08T09:00:00,18,25340937,180681
OK,63,52,879,63,2014-09-08T09:05:00,18,25341385,180681
OK,75,44,879,75,2014-09-08T09:15:00,18,25342166,180681
OK,79,41,879,79,2014-09-08T09:20:00,25,25342615,180681
OK,69,48,879,69,2014-09-08T09:30:00,13,25343402,180681
OK,69,48,879,69,2014-09-08T09:35:00,15,25343851,180681
OK,53,62,879,53,2014-09-08T09:40:00,13,25344645,180681
OK,73,45,879,73,2014-09-08T09:50:00,17,25345094,180681
OK,82,40,879,82,2014-09-08T09:55:00,22,25345871,180681
OK,71,46,879,71,2014-09-08T10:05:00,33,25346320,180681
OK,66,50,879,66,2014-09-08T10:10:00,38,25346769,180681
OK,67,49,879,67,2014-09-08T10:15:00,28,25347210,180681
OK,69,48,879,69,2014-09-08T10:20:00,31,25347637,180681
OK,72,46,879,72,2014-09-08T10:30:00,17,25348462,180681
OK,72,46,879,72,2014-09-08T10:35:00,21,25349246,180681
OK,65,50,879,65,2014-09-08T10:45:00,23,25349693,180681
OK,72,46,879,72,2014-09-08T10:50:00,29,25350142,180681
OK,68,48,879,68,2014-09-08T10:55:00,24,25350916,180681
OK,62,53,879,62,2014-09-08T11:05:00,24,25351365,180681
OK,65,50,879,65,2014-09-08T11:15:00,16,25352178,180681
OK,55,60,879,55,2014-09-08T11:20:00,6,25352627,180681
OK,74,44,879,74,2014-09-08T11:25:00,18,25353073,180681
OK,74,44,879,74,2014-09-08T11:30:00,26,25353489,180681
OK,68,48,879,68,2014-09-08T11:35:00,24,25354272,180681
OK,63,52,879,63,2014-09-08T11:45:00,20,25354720,180681
OK,63,52,879,63,2014-09-08T11:50:00,21,25355169,180681
OK,65,50,879,65,2014-09-08T12:00:00,19,25355911,180681
OK,58,57,879,58,2014-09-08T12:05:00,22,25356360,180681
OK,58,57,879,58,2014-09-08T12:10:00,22,25356808,180681
OK,76,43,879,76,2014-09-08T12:15:00,24,25357252,180681
OK,75,44,879,75,2014-09-08T12:20:00,31,25357698,180681
OK,66,50,879,66,2014-09-08T12:30:00,26,25358494,180681
OK,80,41,879,80,2014-09-08T12:40:00,26,25359284,180681
OK,83,39,879,83,2014-09-08T12:45:00,24,25359733,180681
OK,81,40,879,81,2014-09-08T12:50:00,20,25360519,180681
OK,76,43,879,76,2014-09-08T13:00:00,28,25360968,180681
OK,78,42,879,78,2014-09-08T13:05:00,25,25361758,180681
OK,85,38,879,85,2014-09-08T13:15:00,39,25362179,180681
OK,96,34,879,96,2014-09-08T13:20:00,40,25363007,180681
OK,161,20,879,161,2014-09-08T13:30:00,30,25363436,180681
OK,159,20,879,159,2014-09-08T13:35:00,43,25364275,180681
OK,136,24,879,136,2014-09-08T13:40:00,38,25364689,180681
OK,111,29,879,111,2014-09-08T13:50:00,45,25365138,180681
OK,99,33,879,99,2014-09-08T13:55:00,32,25365998,180681
OK,91,36,879,91,2014-09-08T14:05:00,31,25366438,180681
OK,135,24,879,135,2014-09-08T14:10:00,40,25367331,180681
OK,177,18,879,177,2014-09-08T14:15:00,43,25367749,180681
OK,200,16,879,200,2014-09-08T14:20:00,33,25368152,180681
OK,204,16,879,204,2014-09-08T14:25:00,39,25368600,180681
OK,171,19,879,171,2014-09-08T14:30:00,44,25369047,180681
OK,144,23,879,144,2014-09-08T14:35:00,37,25369404,180681
OK,129,25,879,129,2014-09-08T14:40:00,31,25369835,180681
OK,98,33,879,98,2014-09-08T14:50:00,31,25370284,180681
OK,83,39,879,83,2014-09-08T15:00:00,30,25371083,180681
OK,89,37,879,89,2014-09-08T15:05:00,25,25371532,180681
OK,86,38,879,86,2014-09-08T15:10:00,31,25371959,180681
OK,71,46,879,71,2014-09-08T15:15:00,24,25372407,180681
OK,69,48,879,69,2014-09-08T15:20:00,19,25372848,180681
OK,52,63,879,52,2014-09-08T15:30:00,13,25373656,180681
OK,49,67,879,49,2014-09-08T15:35:00,13,25374105,180681
OK,50,66,879,50,2014-09-08T15:40:00,22,25374554,180681
OK,56,59,879,56,2014-09-08T15:45:00,27,25375002,180681
OK,53,62,879,53,2014-09-08T15:55:00,15,25375805,180681
OK,66,50,879,66,2014-09-08T16:00:00,13,25376254,180681
OK,66,50,879,66,2014-09-08T16:10:00,15,25377077,180681
OK,61,54,879,61,2014-09-08T16:20:00,17,25377863,180681
OK,58,57,879,58,2014-09-08T16:30:00,18,25378708,180681
OK,57,58,879,57,2014-09-08T16:35:00,14,25379157,180681
OK,66,50,879,66,2014-09-08T16:45:00,15,25379949,180681
OK,69,48,879,69,2014-09-08T16:50:00,10,25380397,180681
OK,74,44,879,74,2014-09-08T17:00:00,16,25381190,180681
OK,55,60,879,55,2014-09-08T17:05:00,6,25381639,180681
OK,46,72,879,46,2014-09-08T17:10:00,3,25382087,180681
OK,41,80,879,41,2014-09-08T17:15:00,4,25382532,180681
OK,61,54,879,61,2014-09-08T17:25:00,10,25383342,180681
OK,45,73,879,45,2014-09-08T17:30:00,4,25383791,180681
OK,52,63,879,52,2014-09-08T17:35:00,8,25384553,180681
OK,81,40,879,81,2014-09-08T17:45:00,3,25385002,180681
OK,65,50,879,65,2014-09-08T17:50:00,8,25385451,180681
OK,54,61,879,54,2014-09-08T17:55:00,7,25386285,180681
OK,63,52,879,63,2014-09-08T18:05:00,3,25386729,180681
OK,40,82,879,40,2014-09-08T18:10:00,2,25387527,180681
OK,41,80,879,41,2014-09-08T18:15:00,1,25387962,180681
OK,68,48,879,68,2014-09-08T18:25:00,5,25388406,180681
OK,58,57,879,58,2014-09-08T18:30:00,2,25388854,180681
OK,50,66,879,50,2014-09-08T18:35:00,2,25389281,180681
OK,76,43,879,76,2014-09-08T18:45:00,4,25390065,180681
OK,55,60,879,55,2014-09-08T18:50:00,5,25390933,180681
OK,69,48,879,69,2014-09-08T19:00:00,8,25391381,180681
OK,45,73,879,45,2014-09-08T19:10:00,4,25392247,180681
OK,54,61,879,54,2014-09-08T19:15:00,9,25392696,180681
OK,55,60,879,55,2014-09-08T19:20:00,12,25393476,180681
OK,44,75,879,44,2014-09-08T19:30:00,4,25393925,180681
OK,57,58,879,57,2014-09-08T19:35:00,6,25394720,180681
OK,60,55,879,60,2014-09-08T19:45:00,6,25395169,180681
OK,53,62,879,53,2014-09-08T19:55:00,5,25395972,180681
OK,54,61,879,54,2014-09-08T20:00:00,6,25396828,180681
OK,48,69,879,48,2014-09-08T20:05:00,6,25397277,180681
OK,47,70,879,47,2014-09-08T20:10:00,11,25397719,180681
OK,47,70,879,47,2014-09-08T20:15:00,5,25398165,180681
OK,69,48,879,69,2014-09-08T20:20:00,3,25398593,180681
OK,75,44,879,75,2014-09-08T20:25:00,4,25399040,180681
OK,48,69,879,48,2014-09-08T20:30:00,3,25399402,180681
OK,47,70,879,47,2014-09-08T20:35:00,2,25399843,180681
OK,55,60,879,55,2014-09-08T20:40:00,3,25400278,180681
OK,54,61,879,54,2014-09-08T20:45:00,3,25400726,180681
OK,51,64,879,51,2014-09-08T20:50:00,2,25401081,180681
OK,51,64,879,51,2014-09-08T20:55:00,0,25401526,180681
OK,44,75,879,44,2014-09-08T21:00:00,4,25401863,180681
OK,33,100,879,33,2014-09-08T21:05:00,2,25402310,180681
OK,50,66,879,50,2014-09-08T21:10:00,3,25402754,180681
OK,72,46,879,72,2014-09-08T21:20:00,3,25403201,180681
OK,62,53,879,62,2014-09-08T21:25:00,0,25403644,180681
OK,52,63,879,52,2014-09-08T21:35:00,3,25404091,180681
OK,54,61,879,54,2014-09-08T21:40:00,2,25404428,180681
OK,54,61,879,54,2014-09-08T21:45:00,0,25404875,180681
OK,54,61,879,54,2014-09-08T21:50:00,0,25405285,180681
OK,41,80,879,41,2014-09-08T21:55:00,3,25405725,180681
OK,43,77,879,43,2014-09-08T22:00:00,0,25406134,180681
OK,41,80,879,41,2014-09-08T22:05:00,0,25406579,180681
OK,41,80,879,41,2014-09-08T22:10:00,0,25407028,180681
OK,41,80,879,41,2014-09-08T22:15:00,0,25407444,180681
OK,29,114,879,29,2014-09-08T22:25:00,1,25407891,180681
OK,29,114,879,29,2014-09-08T22:35:00,0,25408673,180681
OK,29,114,879,29,2014-09-08T22:40:00,0,25409104,180681
OK,48,69,879,48,2014-09-08T22:45:00,4,25409507,180681
OK,48,69,879,48,2014-09-08T22:50:00,3,25409956,180681
OK,48,69,879,48,2014-09-08T22:55:00,0,25410403,180681
OK,48,69,879,48,2014-09-08T23:00:00,0,25410842,180681
OK,40,82,879,40,2014-09-08T23:05:00,3,25411289,180681
OK,57,58,879,57,2014-09-08T23:10:00,3,25411703,180681
OK,64,51,879,64,2014-09-08T23:15:00,0,25412149,180681
OK,46,72,879,46,2014-09-08T23:20:00,1,25412589,180681
OK,46,72,879,46,2014-09-08T23:25:00,0,25413032,180681
OK,46,72,879,46,2014-09-08T23:30:00,0,25413481,180681
OK,60,55,879,60,2014-09-08T23:35:00,1,25413930,180681
OK,60,55,879,60,2014-09-08T23:40:00,1,25414342,180681
OK,60,55,879,60,2014-09-08T23:45:00,0,25414768,180681
OK,60,55,879,60,2014-09-08T23:50:00,0,25415217,180681
OK,63,52,879,63,2014-09-08T23:55:00,1,25415666,180681
OK,39,84,879,39,2014-09-09T00:00:00,1,25415892,180681
OK,39,84,879,39,2014-09-09T00:10:00,0,25416341,180681
OK,42,78,879,42,2014-09-09T00:20:00,0,25417039,180681
OK,42,78,879,42,2014-09-09T00:25:00,0,25417460,180681
OK,42,78,879,42,2014-09-09T00:30:00,0,25417909,180681
OK,42,78,879,42,2014-09-09T00:35:00,0,25418352,180681
OK,42,78,879,42,2014-09-09T00:40:00,0,25418801,180681
OK,42,78,879,42,2014-09-09T00:45:00,0,25419228,180681
OK,42,78,879,42,2014-09-09T00:50:00,0,25419677,180681
OK,49,67,879,49,2014-09-09T00:55:00,0,25420119,180681
OK,49,67,879,49,2014-09-09T01:00:00,0,25420499,180681
OK,45,73,879,45,2014-09-09T01:05:00,1,25420946,180681
OK,45,73,879,45,2014-09-09T01:10:00,0,25421395,180681
OK,83,39,879,83,2014-09-09T01:15:00,0,25421844,180681
OK,83,39,879,83,2014-09-09T01:20:00,0,25422190,180681
OK,83,39,879,83,2014-09-09T01:25:00,0,25422639,180681
OK,89,37,879,89,2014-09-09T01:30:00,1,25423022,180681
OK,89,37,879,89,2014-09-09T01:35:00,0,25423471,180681
OK,89,37,879,89,2014-09-09T01:40:00,0,25423920,180681
OK,89,37,879,89,2014-09-09T01:45:00,0,25424369,180681
OK,89,37,879,89,2014-09-09T01:50:00,0,25424762,180681
OK,89,37,879,89,2014-09-09T01:55:00,0,25425209,180681
OK,89,37,879,89,2014-09-09T02:00:00,0,25425628,180681
OK,43,77,879,43,2014-09-09T02:05:00,1,25426074,180681
OK,43,77,879,43,2014-09-09T02:10:00,0,25426498,180681
OK,43,77,879,43,2014-09-09T02:15:00,0,25426933,180681
OK,43,77,879,43,2014-09-09T02:20:00,0,25427358,180681
OK,43,77,879,43,2014-09-09T02:25:00,0,25427807,180681
OK,43,77,879,43,2014-09-09T02:35:00,0,25428256,180681
OK,43,77,879,43,2014-09-09T02:45:00,0,25429051,180681
OK,70,47,879,70,2014-09-09T02:50:00,1,25429846,180681
OK,47,70,879,47,2014-09-09T03:00:00,3,25430286,180681
OK,46,72,879,46,2014-09-09T03:05:00,4,25431120,180681
OK,46,72,879,46,2014-09-09T03:15:00,1,25431564,180681
OK,43,77,879,43,2014-09-09T03:20:00,2,25432350,180681
OK,47,70,879,47,2014-09-09T03:25:00,2,25432799,180681
OK,54,61,879,54,2014-09-09T03:30:00,1,25433181,180681
OK,38,87,879,38,2014-09-09T03:35:00,1,25433618,180681
OK,63,52,879,63,2014-09-09T03:45:00,9,25434067,180681
OK,57,58,879,57,2014-09-09T03:50:00,10,25434876,180681
OK,50,66,879,50,2014-09-09T04:00:00,6,25435325,180681
OK,47,70,879,47,2014-09-09T04:05:00,10,25435774,180681
OK,70,47,879,70,2014-09-09T04:15:00,11,25436641,180681
OK,52,63,879,52,2014-09-09T04:25:00,7,25437416,180681
OK,57,58,879,57,2014-09-09T04:30:00,15,25437865,180681
OK,51,64,879,51,2014-09-09T04:35:00,20,25438643,180681
OK,53,62,879,53,2014-09-09T04:40:00,31,25439092,180681
OK,63,52,879,63,2014-09-09T04:45:00,31,25439457,180681
OK,64,51,879,64,2014-09-09T04:50:00,36,25439887,180681
OK,56,59,879,56,2014-09-09T04:55:00,31,25440336,180681
OK,58,57,879,58,2014-09-09T05:00:00,31,25440725,180681
OK,60,55,879,60,2014-09-09T05:05:00,35,25441168,180681
OK,73,45,879,73,2014-09-09T05:10:00,29,25441616,180681
OK,67,49,879,67,2014-09-09T05:15:00,31,25442053,180681
OK,73,45,879,73,2014-09-09T05:20:00,35,25442428,180681
OK,67,49,879,67,2014-09-09T05:25:00,36,25442871,180681
OK,71,46,879,71,2014-09-09T05:30:00,30,25443320,180681
OK,80,41,879,80,2014-09-09T05:35:00,39,25443683,180681
OK,90,36,879,90,2014-09-09T05:40:00,41,25444123,180681
OK,99,33,879,99,2014-09-09T05:45:00,41,25444572,180681
OK,120,27,879,120,2014-09-09T05:50:00,44,25445009,180681
OK,127,26,879,127,2014-09-09T05:55:00,43,25445384,180681
OK,133,24,879,133,2014-09-09T06:00:00,28,25445825,180681
OK,132,25,879,132,2014-09-09T06:05:00,29,25446274,180681
OK,128,25,879,128,2014-09-09T06:10:00,35,25446636,180681
OK,119,27,879,119,2014-09-09T06:15:00,46,25447079,180681
OK,119,27,879,119,2014-09-09T06:20:00,57,25447528,180681
OK,119,27,879,119,2014-09-09T06:25:00,50,25447977,180681
OK,128,25,879,128,2014-09-09T06:30:00,41,25448400,180681
OK,97,34,879,97,2014-09-09T06:35:00,39,25448772,180681
OK,61,54,879,61,2014-09-09T06:40:00,29,25449217,180681
OK,55,60,879,55,2014-09-09T06:45:00,17,25449666,180681
OK,63,52,879,63,2014-09-09T06:50:00,27,25450009,180681
OK,64,51,879,64,2014-09-09T06:55:00,31,25450446,180681
OK,59,56,879,59,2014-09-09T07:00:00,18,25450880,180681
OK,47,70,879,47,2014-09-09T07:10:00,19,25451326,180681
OK,52,63,879,52,2014-09-09T07:15:00,23,25452089,180681
OK,55,60,879,55,2014-09-09T07:20:00,21,25452527,180681
OK,50,66,879,50,2014-09-09T07:25:00,21,25452965,180681
OK,49,67,879,49,2014-09-09T07:30:00,27,25453411,180681
OK,48,69,879,48,2014-09-09T07:35:00,26,25453858,180681
OK,63,52,879,63,2014-09-09T07:45:00,37,25454307,180681
OK,70,47,879,70,2014-09-09T07:50:00,43,25455140,180681
OK,63,52,879,63,2014-09-09T07:55:00,27,25455534,180681
OK,53,62,879,53,2014-09-09T08:00:00,21,25455982,180681
OK,53,62,879,53,2014-09-09T08:05:00,35,25456430,180681
OK,53,62,879,53,2014-09-09T08:10:00,25,25456872,180681
OK,58,57,879,58,2014-09-09T08:20:00,18,25457321,180681
OK,73,45,879,73,2014-09-09T08:25:00,22,25458146,180681
OK,74,44,879,74,2014-09-09T08:35:00,19,25458593,180681
OK,53,62,879,53,2014-09-09T08:40:00,16,25459042,180681
OK,55,60,879,55,2014-09-09T08:45:00,17,25459409,180681
OK,47,70,879,47,2014-09-09T08:50:00,16,25459839,180681
OK,56,59,879,56,2014-09-09T08:55:00,23,25460288,180681
OK,69,48,879,69,2014-09-09T09:00:00,28,25460737,180681
OK,73,45,879,73,2014-09-09T09:05:00,23,25461180,180681
OK,64,51,879,64,2014-09-09T09:10:00,19,25461625,180681
OK,52,63,879,52,2014-09-09T09:15:00,26,25462073,180681
OK,48,69,879,48,2014-09-09T09:25:00,21,25462521,180681
OK,50,66,879,50,2014-09-09T09:30:00,15,25462967,180681
OK,43,77,879,43,2014-09-09T09:35:00,20,25463749,180681
OK,47,70,879,47,2014-09-09T09:40:00,18,25464198,180681
OK,65,50,879,65,2014-09-09T09:45:00,24,25464647,180681
OK,54,61,879,54,2014-09-09T09:50:00,25,25465022,180681
OK,52,63,879,52,2014-09-09T09:55:00,22,25465437,180681
OK,64,51,879,64,2014-09-09T10:00:00,23,25465886,180681
OK,54,61,879,54,2014-09-09T10:05:00,18,25466318,180681
OK,53,62,879,53,2014-09-09T10:10:00,15,25466672,180681
OK,46,72,879,46,2014-09-09T10:15:00,12,25467118,180681
OK,59,56,879,59,2014-09-09T10:20:00,17,25467559,180681
OK,64,51,879,64,2014-09-09T10:25:00,21,25467932,180681
OK,58,57,879,58,2014-09-09T10:30:00,29,25468372,180681
OK,70,47,879,70,2014-09-09T10:40:00,23,25468821,180681
OK,67,49,879,67,2014-09-09T10:45:00,21,25469593,180681
OK,59,56,879,59,2014-09-09T10:50:00,24,25470042,180681
OK,52,63,879,52,2014-09-09T11:00:00,27,25470491,180681
OK,52,63,879,52,2014-09-09T11:05:00,28,25471268,180681
OK,52,63,879,52,2014-09-09T11:10:00,25,25471717,180681
OK,51,64,879,51,2014-09-09T11:15:00,16,25472161,180681
OK,72,46,879,72,2014-09-09T11:20:00,13,25472501,180681
OK,57,58,879,57,2014-09-09T11:25:00,16,25472943,180681
OK,51,64,879,51,2014-09-09T11:30:00,28,25473332,180681
OK,54,61,879,54,2014-09-09T11:35:00,27,25473740,180681
OK,57,58,879,57,2014-09-09T11:45:00,24,25474189,180681
OK,56,59,879,56,2014-09-09T11:50:00,16,25474934,180681
OK,48,69,879,48,2014-09-09T11:55:00,22,25475378,180681
OK,49,67,879,49,2014-09-09T12:00:00,21,25475822,180681
OK,68,48,879,68,2014-09-09T12:05:00,17,25476263,180681
OK,68,48,879,68,2014-09-09T12:10:00,20,25476623,180681
OK,55,60,879,55,2014-09-09T12:15:00,21,25477067,180681
OK,63,52,879,63,2014-09-09T12:20:00,38,25477516,180681
OK,71,46,879,71,2014-09-09T12:25:00,41,25477965,180681
OK,71,46,879,71,2014-09-09T12:30:00,30,25478413,180681
OK,61,54,879,61,2014-09-09T12:35:00,25,25478788,180681
OK,60,55,879,60,2014-09-09T12:40:00,28,25479233,180681
OK,64,51,879,64,2014-09-09T12:45:00,38,25479682,180681
OK,64,51,879,64,2014-09-09T12:50:00,41,25480122,180681
OK,58,57,879,58,2014-09-09T12:55:00,28,25480478,180681
OK,63,52,879,63,2014-09-09T13:00:00,28,25480925,180681
OK,68,48,879,68,2014-09-09T13:05:00,18,25481373,180681
OK,44,75,879,44,2014-09-09T13:10:00,2,25481816,180681
OK,44,75,879,44,2014-09-09T13:15:00,0,25482245,180681
OK,44,75,879,44,2014-09-09T13:20:00,0,25482691,180681
OK,86,38,879,86,2014-09-09T13:25:00,31,25483139,180681
OK,69,48,879,69,2014-09-09T13:30:00,35,25483568,180681
OK,63,52,879,63,2014-09-09T13:35:00,36,25483977,180681
OK,65,50,879,65,2014-09-09T13:40:00,25,25484410,180681
OK,58,57,879,58,2014-09-09T13:45:00,27,25484859,180681
OK,55,60,879,55,2014-09-09T13:50:00,30,25485308,180681
OK,60,55,879,60,2014-09-09T13:55:00,22,25485756,180681
OK,82,40,879,82,2014-09-09T14:00:00,26,25486187,180681
OK,80,41,879,80,2014-09-09T14:05:00,24,25486632,180681
OK,73,45,879,73,2014-09-09T14:10:00,23,25486996,180681
OK,80,41,879,80,2014-09-09T14:15:00,23,25487439,180681
OK,80,41,879,80,2014-09-09T14:20:00,25,25487888,180681
OK,76,43,879,76,2014-09-09T14:25:00,28,25488337,180681
OK,70,47,879,70,2014-09-09T14:30:00,28,25488784,180681
OK,73,45,879,73,2014-09-09T14:35:00,27,25489232,180681
OK,80,41,879,80,2014-09-09T14:40:00,28,25489615,180681
OK,82,40,879,82,2014-09-09T14:45:00,36,25490056,180681
OK,93,35,879,93,2014-09-09T14:50:00,39,25490505,180681
OK,83,39,879,83,2014-09-09T14:55:00,37,25490855,180681
OK,65,50,879,65,2014-09-09T15:00:00,33,25491286,180681
OK,52,63,879,52,2014-09-09T15:05:00,26,25491735,180681
OK,50,66,879,50,2014-09-09T15:10:00,21,25492184,180681
OK,52,63,879,52,2014-09-09T15:15:00,20,25492577,180681
OK,53,62,879,53,2014-09-09T15:20:00,20,25492991,180681
OK,50,66,879,50,2014-09-09T15:25:00,14,25493440,180681
OK,53,62,879,53,2014-09-09T15:30:00,21,25493878,180681
OK,54,61,879,54,2014-09-09T15:35:00,25,25494324,180681
OK,60,55,879,60,2014-09-09T15:40:00,19,25494740,180681
OK,55,60,879,55,2014-09-09T15:45:00,14,25495154,180681
OK,60,55,879,60,2014-09-09T15:50:00,14,25495601,180681
OK,59,56,879,59,2014-09-09T15:55:00,16,25496050,180681
OK,50,66,879,50,2014-09-09T16:00:00,21,25496424,180681
OK,50,66,879,50,2014-09-09T16:05:00,17,25496870,180681
OK,81,40,879,81,2014-09-09T16:10:00,9,25497319,180681
OK,47,70,879,47,2014-09-09T16:15:00,14,25497748,180681
OK,50,66,879,50,2014-09-09T16:20:00,11,25498111,180681
OK,84,39,879,84,2014-09-09T16:25:00,10,25498556,180681
OK,54,61,879,54,2014-09-09T16:30:00,12,25498974,180681
OK,45,73,879,45,2014-09-09T16:35:00,8,25499421,180681
OK,63,52,879,63,2014-09-09T16:40:00,12,25499809,180681
OK,48,69,879,48,2014-09-09T16:45:00,16,25500255,180681
OK,50,66,879,50,2014-09-09T16:50:00,6,25500703,180681
OK,51,64,879,51,2014-09-09T16:55:00,11,25501080,180681
OK,60,55,879,60,2014-09-09T17:00:00,13,25501497,180681
OK,51,64,879,51,2014-09-09T17:05:00,4,25501946,180681
OK,56,59,879,56,2014-09-09T17:10:00,4,25502392,180681
OK,68,48,879,68,2014-09-09T17:15:00,4,25502841,180681
OK,72,46,879,72,2014-09-09T17:20:00,7,25503277,180681
OK,66,50,879,66,2014-09-09T17:25:00,6,25503710,180681
OK,54,61,879,54,2014-09-09T17:30:00,3,25504158,180681
OK,47,70,879,47,2014-09-09T17:35:00,4,25504607,180681
OK,44,75,879,44,2014-09-09T17:40:00,6,25505005,180681
OK,45,73,879,45,2014-09-09T17:45:00,4,25505453,180681
OK,48,69,879,48,2014-09-09T17:50:00,7,25505889,180681
OK,48,69,879,48,2014-09-09T17:55:00,7,25506329,180681
OK,63,52,879,63,2014-09-09T18:00:00,5,25506709,180681
OK,64,51,879,64,2014-09-09T18:05:00,6,25507157,180681
OK,48,69,879,48,2014-09-09T18:10:00,6,25507606,180681
OK,60,55,879,60,2014-09-09T18:15:00,8,25508055,180681
OK,58,57,879,58,2014-09-09T18:20:00,7,25508435,180681
OK,41,80,879,41,2014-09-09T18:25:00,5,25508883,180681
OK,45,73,879,45,2014-09-09T18:30:00,5,25509332,180681
OK,56,59,879,56,2014-09-09T18:35:00,4,25509750,180681
OK,71,46,879,71,2014-09-09T18:40:00,4,25510164,180681
OK,52,63,879,52,2014-09-09T18:45:00,4,25510603,180681
OK,58,57,879,58,2014-09-09T18:50:00,9,25511046,180681
OK,62,53,879,62,2014-09-09T18:55:00,9,25511492,180681
OK,49,67,879,49,2014-09-09T19:00:00,5,25511941,180681
OK,46,72,879,46,2014-09-09T19:05:00,4,25512322,180681
OK,44,75,879,44,2014-09-09T19:10:00,3,25512762,180681
OK,54,61,879,54,2014-09-09T19:15:00,5,25513211,180681
OK,54,61,879,54,2014-09-09T19:20:00,10,25513631,180681
OK,69,48,879,69,2014-09-09T19:30:00,8,25514076,180681
OK,85,38,879,85,2014-09-09T19:35:00,2,25514488,180681
OK,45,73,879,45,2014-09-09T19:40:00,3,25514936,180681
OK,59,56,879,59,2014-09-09T19:45:00,5,25515384,180681
OK,57,58,879,57,2014-09-09T19:50:00,4,25515831,180681
OK,43,77,879,43,2014-09-09T19:55:00,3,25516213,180681
OK,52,63,879,52,2014-09-09T20:00:00,5,25516660,180681
OK,53,62,879,53,2014-09-09T20:05:00,3,25517109,180681
OK,46,72,879,46,2014-09-09T20:10:00,2,25517539,180681
OK,50,66,879,50,2014-09-09T20:15:00,6,25517981,180681
OK,47,70,879,47,2014-09-09T20:20:00,8,25518428,180681
OK,65,50,879,65,2014-09-09T20:25:00,5,25518870,180681
OK,56,59,879,56,2014-09-09T20:30:00,2,25519206,180681
OK,53,62,879,53,2014-09-09T20:35:00,6,25519653,180681
OK,53,62,879,53,2014-09-09T20:40:00,5,25520092,180681
OK,52,63,879,52,2014-09-09T20:45:00,4,25520540,180681
OK,53,62,879,53,2014-09-09T20:50:00,3,25520897,180681
OK,63,52,879,63,2014-09-09T20:55:00,0,25521342,180681
OK,63,52,879,63,2014-09-09T21:00:00,0,25521768,180681
OK,58,57,879,58,2014-09-09T21:05:00,2,25522095,180681
OK,62,53,879,62,2014-09-09T21:10:00,5,25522542,180681
OK,41,80,879,41,2014-09-09T21:15:00,3,25522986,180681
OK,55,60,879,55,2014-09-09T21:20:00,3,25523424,180681
OK,78,42,879,78,2014-09-09T21:25:00,3,25523872,180681
OK,108,30,879,108,2014-09-09T21:30:00,1,25524239,180681
OK,97,34,879,97,2014-09-09T21:35:00,1,25524687,180681
OK,97,34,879,97,2014-09-09T21:40:00,0,25525136,180681
OK,97,34,879,97,2014-09-09T21:45:00,0,25525579,180681
OK,63,52,879,63,2014-09-09T21:50:00,2,25525940,180681
OK,63,52,879,63,2014-09-09T21:55:00,2,25526389,180681
OK,48,69,879,48,2014-09-09T22:00:00,0,25526838,180681
OK,38,87,879,38,2014-09-09T22:05:00,1,25527160,180681
OK,38,87,879,38,2014-09-09T22:10:00,1,25527600,180681
OK,123,26,879,123,2014-09-09T22:20:00,1,25528045,180681
OK,46,72,879,46,2014-09-09T22:25:00,1,25528795,180681
OK,46,72,879,46,2014-09-09T22:30:00,1,25529240,180681
OK,51,64,879,51,2014-09-09T22:35:00,0,25529689,180681
OK,45,73,879,45,2014-09-09T22:40:00,2,25530136,180681
OK,47,70,879,47,2014-09-09T22:45:00,3,25530582,180681
OK,47,70,879,47,2014-09-09T22:50:00,3,25531019,180681
OK,48,69,879,48,2014-09-09T22:55:00,2,25531386,180681
OK,48,69,879,48,2014-09-09T23:00:00,1,25531831,180681
OK,48,69,879,48,2014-09-09T23:05:00,0,25532280,180681
OK,48,69,879,48,2014-09-09T23:10:00,0,25532726,180681
OK,48,69,879,48,2014-09-09T23:15:00,0,25533149,180681
OK,48,69,879,48,2014-09-09T23:20:00,0,25533595,180681
OK,46,72,879,46,2014-09-09T23:25:00,0,25534034,180681
OK,45,73,879,45,2014-09-09T23:30:00,1,25534482,180681
OK,45,73,879,45,2014-09-09T23:35:00,0,25534931,180681
OK,45,73,879,45,2014-09-09T23:40:00,0,25535281,180681
OK,45,73,879,45,2014-09-09T23:45:00,0,25535697,180681
OK,47,70,879,47,2014-09-09T23:50:00,2,25536146,180681
OK,49,67,879,49,2014-09-09T23:55:00,3,25536594,180681
OK,48,69,879,48,2014-09-10T00:00:00,2,25537037,180681
OK,48,69,879,48,2014-09-10T00:05:00,0,25537276,180681
OK,45,73,879,45,2014-09-10T00:20:00,0,25538259,180681
OK,45,73,879,45,2014-09-10T00:25:00,0,25538708,180681
OK,45,73,879,45,2014-09-10T00:30:00,0,25539156,180681
OK,47,70,879,47,2014-09-10T00:35:00,1,25539605,180681
OK,47,70,879,47,2014-09-10T00:40:00,1,25540041,180681
OK,41,80,879,41,2014-09-10T00:45:00,1,25540476,180681
OK,41,80,879,41,2014-09-10T00:50:00,0,25540814,180681
OK,43,77,879,43,2014-09-10T00:55:00,0,25541263,180681
OK,49,67,879,49,2014-09-10T01:00:00,1,25541694,180681
OK,49,67,879,49,2014-09-10T01:05:00,1,25542137,180681
OK,49,67,879,49,2014-09-10T01:10:00,0,25542574,180681
OK,49,67,879,49,2014-09-10T01:15:00,0,25542997,180681
OK,49,67,879,49,2014-09-10T01:20:00,0,25543446,180681
OK,42,78,879,42,2014-09-10T01:25:00,2,25543895,180681
OK,42,78,879,42,2014-09-10T01:30:00,2,25544333,180681
OK,42,78,879,42,2014-09-10T01:35:00,0,25544709,180681
OK,42,78,879,42,2014-09-10T01:40:00,0,25545154,180681
OK,45,73,879,45,2014-09-10T01:45:00,3,25545603,180681
OK,45,73,879,45,2014-09-10T01:50:00,2,25546042,180681
OK,46,72,879,46,2014-09-10T01:55:00,2,25546490,180681
OK,46,72,879,46,2014-09-10T02:00:00,0,25546933,180681
OK,46,72,879,46,2014-09-10T02:05:00,0,25547312,180681
OK,46,72,879,46,2014-09-10T02:10:00,0,25547760,180681
OK,46,72,879,46,2014-09-10T02:15:00,0,25548209,180681
OK,63,52,879,63,2014-09-10T02:20:00,1,25548648,180681
OK,48,69,879,48,2014-09-10T02:25:00,1,25549040,180681
OK,43,77,879,43,2014-09-10T02:30:00,2,25549489,180681
OK,51,64,879,51,2014-09-10T02:35:00,2,25549937,180681
OK,45,73,879,45,2014-09-10T02:40:00,2,25550303,180681
OK,43,77,879,43,2014-09-10T02:45:00,1,25550730,180681
OK,43,77,879,43,2014-09-10T02:50:00,0,25551179,180681
OK,40,82,879,40,2014-09-10T02:55:00,1,25551616,180681
OK,40,82,879,40,2014-09-10T03:00:00,0,25551999,180681
OK,63,52,879,63,2014-09-10T03:05:00,3,25552442,180681
OK,64,51,879,64,2014-09-10T03:10:00,4,25552879,180681
OK,69,48,879,69,2014-09-10T03:15:00,5,25553327,180681
OK,67,49,879,67,2014-09-10T03:20:00,6,25553776,180681
OK,48,69,879,48,2014-09-10T03:25:00,4,25554163,180681
OK,50,66,879,50,2014-09-10T03:30:00,1,25554609,180681
OK,54,61,879,54,2014-09-10T03:35:00,4,25555058,180681
OK,59,56,879,59,2014-09-10T03:40:00,4,25555505,180681
OK,82,40,879,82,2014-09-10T03:45:00,3,25555883,180681
OK,51,64,879,51,2014-09-10T03:50:00,4,25556326,180681
OK,55,60,879,55,2014-09-10T03:55:00,6,25556774,180681
OK,53,62,879,53,2014-09-10T04:00:00,1,25557223,180681
OK,53,62,879,53,2014-09-10T04:05:00,3,25557597,180681
OK,56,59,879,56,2014-09-10T04:10:00,8,25558044,180681
OK,47,70,879,47,2014-09-10T04:20:00,10,25558493,180681
OK,51,64,879,51,2014-09-10T04:25:00,7,25559261,180681
OK,49,67,879,49,2014-09-10T04:35:00,18,25559710,180681
OK,54,61,879,54,2014-09-10T04:40:00,19,25560159,180681
OK,61,54,879,61,2014-09-10T04:45:00,35,25560604,180681
OK,61,54,879,61,2014-09-10T04:50:00,39,25560982,180681
OK,64,51,879,64,2014-09-10T04:55:00,28,25561429,180681
OK,70,47,879,70,2014-09-10T05:00:00,23,25561878,180681
OK,72,46,879,72,2014-09-10T05:05:00,22,25562317,180681
OK,64,51,879,64,2014-09-10T05:10:00,28,25562657,180681
OK,61,54,879,61,2014-09-10T05:15:00,35,25563104,180681
OK,61,54,879,61,2014-09-10T05:20:00,29,25563553,180681
OK,65,50,879,65,2014-09-10T05:25:00,28,25564002,180681
OK,70,47,879,70,2014-09-10T05:30:00,24,25564374,180681
OK,91,36,879,91,2014-09-10T05:35:00,30,25564820,180681
OK,95,34,879,95,2014-09-10T05:40:00,38,25565269,180681
OK,96,34,879,96,2014-09-10T05:45:00,46,25565714,180681
OK,103,32,879,103,2014-09-10T05:50:00,45,25566162,180681
OK,106,31,879,106,2014-09-10T05:55:00,32,25566537,180681
OK,64,51,879,64,2014-09-10T06:00:00,17,25566976,180681
OK,70,47,879,70,2014-09-10T06:05:00,32,25567425,180681
OK,75,44,879,75,2014-09-10T06:10:00,29,25567874,180681
OK,75,44,879,75,2014-09-10T06:15:00,7,25568323,180681
OK,75,44,879,75,2014-09-10T06:20:00,0,25568769,180681
OK,77,43,879,77,2014-09-10T06:25:00,38,25569218,180681
OK,82,40,879,82,2014-09-10T06:30:00,20,25569623,180681
OK,82,40,879,82,2014-09-10T06:35:00,0,25569982,180681
OK,82,40,879,82,2014-09-10T06:40:00,0,25570429,180681
OK,82,40,879,82,2014-09-10T06:45:00,0,25570821,180681
OK,48,69,879,48,2014-09-10T06:55:00,11,25571718,180681
OK,69,48,879,69,2014-09-10T07:00:00,0,25572067,180681
OK,60,55,879,60,2014-09-10T07:10:00,14,25572946,180681
OK,56,59,879,56,2014-09-10T07:15:00,18,25573395,180681
OK,59,56,879,59,2014-09-10T07:20:00,21,25573844,180681
OK,63,52,879,63,2014-09-10T07:25:00,19,25574274,180681
OK,51,64,879,51,2014-09-10T07:30:00,16,25574720,180681
OK,49,67,879,49,2014-09-10T07:35:00,17,25575167,180681
OK,55,60,879,55,2014-09-10T07:40:00,21,25575501,180681
OK,60,55,879,60,2014-09-10T07:45:00,28,25575943,180681
OK,62,53,879,62,2014-09-10T07:50:00,28,25576392,180681
OK,66,50,879,66,2014-09-10T07:55:00,17,25576840,180681
OK,81,40,879,81,2014-09-10T08:05:00,24,25577289,180681
OK,81,40,879,81,2014-09-10T08:10:00,33,25577722,180681
OK,58,57,879,58,2014-09-10T08:15:00,26,25578168,180681
OK,55,60,879,55,2014-09-10T08:20:00,20,25578577,180681
OK,54,61,879,54,2014-09-10T08:25:00,17,25579008,180681
OK,59,56,879,59,2014-09-10T08:30:00,14,25579457,180681
OK,62,53,879,62,2014-09-10T08:35:00,15,25579892,180681
OK,58,57,879,58,2014-09-10T08:45:00,27,25580340,180681
OK,52,63,879,52,2014-09-10T08:50:00,24,25581141,180681
OK,63,52,879,63,2014-09-10T08:55:00,31,25581557,180681
OK,70,47,879,70,2014-09-10T09:00:00,26,25582005,180681
OK,55,60,879,55,2014-09-10T09:05:00,25,25582405,180681
OK,60,55,879,60,2014-09-10T09:15:00,28,25583303,180681
OK,51,64,879,51,2014-09-10T09:20:00,18,25583741,180681
OK,47,70,879,47,2014-09-10T09:25:00,18,25584184,180681
OK,66,50,879,66,2014-09-10T09:30:00,19,25584626,180681
OK,75,44,879,75,2014-09-10T09:35:00,27,25585073,180681
OK,66,50,879,66,2014-09-10T09:40:00,25,25585511,180681
OK,71,46,879,71,2014-09-10T09:45:00,20,25585958,180681
OK,72,46,879,72,2014-09-10T09:50:00,22,25586403,180681
OK,68,48,879,68,2014-09-10T09:55:00,28,25586842,180681
OK,59,56,879,59,2014-09-10T10:00:00,26,25587289,180681
OK,57,58,879,57,2014-09-10T10:05:00,21,25587737,180681
OK,50,66,879,50,2014-09-10T10:10:00,18,25588170,180681
OK,53,62,879,53,2014-09-10T10:15:00,19,25588618,180681
OK,56,59,879,56,2014-09-10T10:20:00,25,25589062,180681
OK,57,58,879,57,2014-09-10T10:25:00,18,25589509,180681
OK,61,54,879,61,2014-09-10T10:30:00,16,25589947,180681
OK,56,59,879,56,2014-09-10T10:35:00,18,25590395,180681
OK,61,54,879,61,2014-09-10T10:40:00,19,25590840,180681
OK,65,50,879,65,2014-09-10T10:45:00,28,25591288,180681
OK,66,50,879,66,2014-09-10T10:50:00,25,25591729,180681
OK,59,56,879,59,2014-09-10T10:55:00,28,25592169,180681
OK,61,54,879,61,2014-09-10T11:00:00,31,25592615,180681
OK,60,55,879,60,2014-09-10T11:05:00,20,25593049,180681
OK,51,64,879,51,2014-09-10T11:10:00,26,25593483,180681
OK,53,62,879,53,2014-09-10T11:15:00,27,25593931,180681
OK,68,48,879,68,2014-09-10T11:20:00,24,25594372,180681
OK,74,44,879,74,2014-09-10T11:25:00,21,25594819,180681
OK,70,47,879,70,2014-09-10T11:30:00,27,25595204,180681
OK,52,63,879,52,2014-09-10T11:35:00,26,25595597,180681
OK,59,56,879,59,2014-09-10T11:40:00,24,25596046,180681
OK,60,55,879,60,2014-09-10T11:45:00,34,25596495,180681
OK,66,50,879,66,2014-09-10T11:50:00,31,25596929,180681
OK,75,44,879,75,2014-09-10T11:55:00,21,25597375,180681
OK,81,40,879,81,2014-09-10T12:00:00,21,25597753,180681
OK,63,52,879,63,2014-09-10T12:05:00,32,25598198,180681
OK,59,56,879,59,2014-09-10T12:10:00,27,25598647,180681
OK,61,54,879,61,2014-09-10T12:15:00,20,25599096,180681
OK,75,44,879,75,2014-09-10T12:20:00,25,25599530,180681
OK,57,58,879,57,2014-09-10T12:25:00,26,25599978,180681
OK,66,50,879,66,2014-09-10T12:30:00,22,25600373,180681
OK,73,45,879,73,2014-09-10T12:35:00,24,25600770,180681
OK,76,43,879,76,2014-09-10T12:40:00,25,25601219,180681
OK,76,43,879,76,2014-09-10T12:45:00,29,25601657,180681
OK,68,48,879,68,2014-09-10T12:50:00,36,25602052,180681
OK,71,46,879,71,2014-09-10T12:55:00,40,25602499,180681
OK,74,44,879,74,2014-09-10T13:00:00,26,25602948,180681
OK,67,49,879,67,2014-09-10T13:05:00,18,25603380,180681
OK,66,50,879,66,2014-09-10T13:10:00,21,25603826,180681
OK,82,40,879,82,2014-09-10T13:15:00,24,25604262,180681
OK,83,39,879,83,2014-09-10T13:20:00,32,25604711,180681
OK,78,42,879,78,2014-09-10T13:25:00,29,25605148,180681
OK,78,42,879,78,2014-09-10T13:30:00,29,25605596,180681
OK,74,44,879,74,2014-09-10T13:35:00,29,25606040,180681
OK,71,46,879,71,2014-09-10T13:40:00,27,25606474,180681
OK,84,39,879,84,2014-09-10T13:45:00,36,25606921,180681
OK,81,40,879,81,2014-09-10T13:50:00,31,25607357,180681
OK,68,48,879,68,2014-09-10T13:55:00,30,25607805,180681
OK,80,41,879,80,2014-09-10T14:00:00,29,25608236,180681
OK,89,37,879,89,2014-09-10T14:05:00,29,25608682,180681
OK,89,37,879,89,2014-09-10T14:10:00,31,25609126,180681
OK,91,36,879,91,2014-09-10T14:15:00,31,25609572,180681
OK,82,40,879,82,2014-09-10T14:20:00,34,25610006,180681
OK,85,38,879,85,2014-09-10T14:25:00,45,25610454,180681
OK,100,33,879,100,2014-09-10T14:30:00,35,25610903,180681
OK,139,23,879,139,2014-09-10T14:35:00,28,25611338,180681
OK,136,24,879,136,2014-09-10T14:40:00,37,25611780,180681
OK,112,29,879,112,2014-09-10T14:45:00,37,25612229,180681
OK,72,46,879,72,2014-09-10T14:50:00,27,25612665,180681
OK,66,50,879,66,2014-09-10T14:55:00,31,25613110,180681
OK,65,50,879,65,2014-09-10T15:00:00,26,25613558,180681
OK,71,46,879,71,2014-09-10T15:05:00,23,25613897,180681
OK,70,47,879,70,2014-09-10T15:10:00,27,25614345,180681
OK,63,52,879,63,2014-09-10T15:15:00,22,25614794,180681
OK,52,63,879,52,2014-09-10T15:20:00,22,25615243,180681
OK,65,50,879,65,2014-09-10T15:25:00,20,25615692,180681
OK,66,50,879,66,2014-09-10T15:30:00,14,25616139,180681
OK,58,57,879,58,2014-09-10T15:35:00,17,25616523,180681
OK,55,60,879,55,2014-09-10T15:40:00,16,25616965,180681
OK,62,53,879,62,2014-09-10T15:45:00,14,25617414,180681
OK,60,55,879,60,2014-09-10T15:50:00,17,25617863,180681
OK,57,58,879,57,2014-09-10T15:55:00,20,25618295,180681
OK,63,52,879,63,2014-09-10T16:00:00,17,25618743,180681
OK,56,59,879,56,2014-09-10T16:05:00,11,25619101,180681
OK,52,63,879,52,2014-09-10T16:10:00,12,25619545,180681
OK,55,60,879,55,2014-09-10T16:15:00,18,25619989,180681
OK,51,64,879,51,2014-09-10T16:20:00,14,25620438,180681
OK,52,63,879,52,2014-09-10T16:25:00,10,25620887,180681
OK,46,72,879,46,2014-09-10T16:30:00,11,25621326,180681
OK,48,69,879,48,2014-09-10T16:35:00,9,25621758,180681
OK,52,63,879,52,2014-09-10T16:40:00,7,25622152,180681
OK,52,63,879,52,2014-09-10T16:45:00,8,25622600,180681
OK,47,70,879,47,2014-09-10T16:50:00,12,25623049,180681
OK,51,64,879,51,2014-09-10T16:55:00,15,25623495,180681
OK,45,73,879,45,2014-09-10T17:00:00,9,25623941,180681
OK,60,55,879,60,2014-09-10T17:10:00,6,25624390,180681
OK,71,46,879,71,2014-09-10T17:15:00,12,25624839,180681
OK,73,45,879,73,2014-09-10T17:20:00,11,25625287,180681
OK,71,46,879,71,2014-09-10T17:25:00,6,25625717,180681
OK,54,61,879,54,2014-09-10T17:30:00,11,25626166,180681
OK,48,69,879,48,2014-09-10T17:35:00,14,25626535,180681
OK,50,66,879,50,2014-09-10T17:40:00,8,25626977,180681
OK,61,54,879,61,2014-09-10T17:45:00,4,25627426,180681
OK,63,52,879,63,2014-09-10T17:50:00,1,25627874,180681
OK,52,63,879,52,2014-09-10T18:00:00,4,25628323,180681
OK,40,82,879,40,2014-09-10T18:05:00,6,25629043,180681
OK,45,73,879,45,2014-09-10T18:15:00,7,25629490,180681
OK,42,78,879,42,2014-09-10T18:20:00,5,25629938,180681
OK,45,73,879,45,2014-09-10T18:25:00,5,25630377,180681
OK,46,72,879,46,2014-09-10T18:30:00,9,25630825,180681
OK,43,77,879,43,2014-09-10T18:35:00,5,25631222,180681
OK,42,78,879,42,2014-09-10T18:40:00,3,25631663,180681
OK,51,64,879,51,2014-09-10T18:45:00,5,25632112,180681
OK,69,48,879,69,2014-09-10T18:50:00,5,25632561,180681
OK,59,56,879,59,2014-09-10T18:55:00,6,25633009,180681
OK,67,49,879,67,2014-09-10T19:00:00,8,25633457,180681
OK,67,49,879,67,2014-09-10T19:05:00,10,25633848,180681
OK,49,67,879,49,2014-09-10T19:10:00,8,25634278,180681
OK,48,69,879,48,2014-09-10T19:15:00,9,25634727,180681
OK,49,67,879,49,2014-09-10T19:20:00,6,25635175,180681
OK,55,60,879,55,2014-09-10T19:25:00,4,25635624,180681
OK,54,61,879,54,2014-09-10T19:30:00,6,25636072,180681
OK,48,69,879,48,2014-09-10T19:35:00,6,25636427,180681
OK,79,41,879,79,2014-09-10T19:40:00,5,25636867,180681
OK,75,44,879,75,2014-09-10T19:45:00,8,25637316,180681
OK,58,57,879,58,2014-09-10T19:50:00,6,25637764,180681
OK,64,51,879,64,2014-09-10T19:55:00,7,25638207,180681
OK,56,59,879,56,2014-09-10T20:00:00,6,25638619,180681
OK,45,73,879,45,2014-09-10T20:05:00,4,25639065,180681
OK,56,59,879,56,2014-09-10T20:10:00,4,25639508,180681
OK,67,49,879,67,2014-09-10T20:15:00,5,25639956,180681
OK,50,66,879,50,2014-09-10T20:20:00,4,25640325,180681
OK,44,75,879,44,2014-09-10T20:25:00,3,25640764,180681
OK,45,73,879,45,2014-09-10T20:30:00,4,25641203,180681
OK,46,72,879,46,2014-09-10T20:35:00,4,25641650,180681
OK,45,73,879,45,2014-09-10T20:40:00,2,25642038,180681
OK,45,73,879,45,2014-09-10T20:45:00,4,25642486,180681
OK,45,73,879,45,2014-09-10T20:50:00,6,25642934,180681
OK,43,77,879,43,2014-09-10T20:55:00,3,25643310,180681
OK,52,63,879,52,2014-09-10T21:00:00,2,25643758,180681
OK,52,63,879,52,2014-09-10T21:05:00,5,25644204,180681
OK,56,59,879,56,2014-09-10T21:10:00,5,25644637,180681
OK,68,48,879,68,2014-09-10T21:15:00,3,25645015,180681
OK,61,54,879,61,2014-09-10T21:20:00,4,25645445,180681
OK,54,61,879,54,2014-09-10T21:25:00,5,25645894,180681
OK,63,52,879,63,2014-09-10T21:30:00,4,25646335,180681
OK,54,61,879,54,2014-09-10T21:35:00,3,25646763,180681
OK,65,50,879,65,2014-09-10T21:40:00,3,25647202,180681
OK,47,70,879,47,2014-09-10T21:45:00,1,25647651,180681
OK,53,62,879,53,2014-09-10T21:50:00,2,25648064,180681
OK,50,66,879,50,2014-09-10T21:55:00,2,25648513,180681
OK,39,84,879,39,2014-09-10T22:05:00,2,25648962,180681
OK,35,94,879,35,2014-09-10T22:10:00,3,25649719,180681
OK,49,67,879,49,2014-09-10T22:15:00,2,25650168,180681
OK,43,77,879,43,2014-09-10T22:20:00,1,25650509,180681
OK,58,57,879,58,2014-09-10T22:25:00,1,25650941,180681
OK,66,50,879,66,2014-09-10T22:30:00,1,25651390,180681
OK,74,44,879,74,2014-09-10T22:35:00,2,25651838,180681
OK,78,42,879,78,2014-09-10T22:40:00,3,25652287,180681
OK,58,57,879,58,2014-09-10T22:45:00,4,25652707,180681
OK,55,60,879,55,2014-09-10T22:50:00,2,25653056,180681
OK,65,50,879,65,2014-09-10T22:55:00,0,25653504,180681
OK,37,89,879,37,2014-09-10T23:00:00,1,25653953,180681
OK,37,89,879,37,2014-09-10T23:05:00,0,25654400,180681
OK,61,54,879,61,2014-09-10T23:10:00,1,25654833,180681
OK,61,54,879,61,2014-09-10T23:15:00,1,25655273,180681
OK,61,54,879,61,2014-09-10T23:20:00,0,25655722,180681
OK,64,51,879,64,2014-09-10T23:25:00,3,25656150,180681
OK,64,51,879,64,2014-09-10T23:30:00,2,25656531,180681
OK,62,53,879,62,2014-09-10T23:35:00,0,25656980,180681
OK,62,53,879,62,2014-09-10T23:40:00,0,25657411,180681
OK,62,53,879,62,2014-09-10T23:45:00,0,25657842,180681
OK,71,46,879,71,2014-09-10T23:50:00,1,25658275,180681
OK,35,94,879,35,2014-09-10T23:55:00,1,25658724,180681
OK,35,94,879,35,2014-09-11T00:00:00,0,25659000,180681
OK,35,94,879,35,2014-09-11T00:10:00,0,25659448,180681
OK,35,94,879,35,2014-09-11T00:25:00,0,25660409,180681
OK,35,94,879,35,2014-09-11T00:30:00,0,25660791,180681
OK,35,94,879,35,2014-09-11T00:35:00,0,25661239,180681
OK,35,94,879,35,2014-09-11T00:40:00,0,25661639,180681
OK,35,94,879,35,2014-09-11T00:45:00,0,25662087,180681
OK,35,94,879,35,2014-09-11T00:50:00,0,25662527,180681
OK,35,94,879,35,2014-09-11T00:55:00,0,25662935,180681
OK,35,94,879,35,2014-09-11T01:00:00,0,25663384,180681
OK,50,66,879,50,2014-09-11T01:05:00,0,25663826,180681
OK,50,66,879,50,2014-09-11T01:10:00,0,25664275,180681
OK,50,66,879,50,2014-09-11T01:15:00,0,25664724,180681
OK,50,66,879,50,2014-09-11T01:20:00,0,25665173,180681
OK,50,66,879,50,2014-09-11T01:25:00,0,25665587,180681
OK,50,66,879,50,2014-09-11T01:30:00,0,25666024,180681
OK,50,66,879,50,2014-09-11T01:35:00,0,25666473,180681
OK,56,59,879,56,2014-09-11T01:40:00,6,25666921,180681
OK,56,59,879,56,2014-09-11T01:45:00,7,25667336,180681
OK,38,87,879,38,2014-09-11T01:50:00,1,25667783,180681
OK,49,67,879,49,2014-09-11T01:55:00,1,25668232,180681
OK,49,67,879,49,2014-09-11T02:00:00,1,25668680,180681
OK,49,67,879,49,2014-09-11T02:05:00,0,25669119,180681
OK,49,67,879,49,2014-09-11T02:10:00,0,25669555,180681
OK,49,67,879,49,2014-09-11T02:15:00,0,25670003,180681
OK,49,67,879,49,2014-09-11T02:20:00,0,25670452,180681
OK,58,57,879,58,2014-09-11T02:35:00,2,25670901,180681
OK,58,57,879,58,2014-09-11T02:40:00,2,25671301,180681
OK,58,57,879,58,2014-09-11T02:45:00,2,25671750,180681
OK,57,58,879,57,2014-09-11T02:50:00,3,25672198,180681
OK,42,78,879,42,2014-09-11T02:55:00,3,25672593,180681
OK,30,110,879,30,2014-09-11T03:00:00,1,25673042,180681
OK,53,62,879,53,2014-09-11T03:05:00,1,25673490,180681
OK,53,62,879,53,2014-09-11T03:10:00,0,25673937,180681
OK,71,46,879,71,2014-09-11T03:15:00,2,25674366,180681
OK,59,56,879,59,2014-09-11T03:20:00,5,25674806,180681
OK,54,61,879,54,2014-09-11T03:25:00,3,25675255,180681
OK,55,60,879,55,2014-09-11T03:30:00,2,25675692,180681
OK,44,75,879,44,2014-09-11T03:35:00,3,25676098,180681
OK,45,73,879,45,2014-09-11T03:40:00,1,25676506,180681
OK,69,48,879,69,2014-09-11T03:45:00,5,25676955,180681
OK,75,44,879,75,2014-09-11T03:50:00,6,25677395,180681
OK,72,46,879,72,2014-09-11T03:55:00,8,25677843,180681
OK,72,46,879,72,2014-09-11T04:00:00,12,25678292,180681
OK,101,32,879,101,2014-09-11T04:05:00,7,25678741,180681
OK,44,75,879,44,2014-09-11T04:10:00,6,25679071,180681
OK,51,64,879,51,2014-09-11T04:15:00,12,25679518,180681
OK,68,48,879,68,2014-09-11T04:20:00,12,25679964,180681
OK,62,53,879,62,2014-09-11T04:25:00,11,25680394,180681
OK,68,48,879,68,2014-09-11T04:30:00,14,25680842,180681
OK,47,70,879,47,2014-09-11T04:35:00,23,25681291,180681
OK,50,66,879,50,2014-09-11T04:40:00,22,25681639,180681
OK,58,57,879,58,2014-09-11T04:45:00,33,25682086,180681
OK,59,56,879,59,2014-09-11T04:50:00,37,25682457,180681
OK,48,69,879,48,2014-09-11T04:55:00,30,25682903,180681
OK,56,59,879,56,2014-09-11T05:00:00,35,25683349,180681
OK,70,47,879,70,2014-09-11T05:05:00,28,25683773,180681
OK,65,50,879,65,2014-09-11T05:10:00,30,25684222,180681
OK,71,46,879,71,2014-09-11T05:15:00,40,25684660,180681
OK,68,48,879,68,2014-09-11T05:20:00,36,25685048,180681
OK,67,49,879,67,2014-09-11T05:25:00,31,25685495,180681
OK,76,43,879,76,2014-09-11T05:30:00,21,25685917,180681
OK,79,41,879,79,2014-09-11T05:35:00,24,25686364,180681
OK,95,34,879,95,2014-09-11T05:40:00,37,25686790,180681
OK,116,28,879,116,2014-09-11T05:45:00,45,25687179,180681
OK,128,25,879,128,2014-09-11T05:50:00,34,25687621,180681
OK,141,23,879,141,2014-09-11T06:00:00,30,25688435,180681
OK,77,43,879,77,2014-09-11T06:10:00,47,25689261,180681
OK,80,41,879,80,2014-09-11T06:15:00,45,25689703,180681
OK,70,47,879,70,2014-09-11T06:20:00,42,25690151,180681
OK,75,44,879,75,2014-09-11T06:25:00,44,25690585,180681
OK,82,40,879,82,2014-09-11T06:30:00,50,25691034,180681
OK,81,40,879,81,2014-09-11T06:35:00,41,25691483,180681
OK,58,57,879,58,2014-09-11T06:40:00,27,25691850,180681
OK,52,63,879,52,2014-09-11T06:45:00,21,25692296,180681
OK,62,53,879,62,2014-09-11T06:50:00,21,25692709,180681
OK,67,49,879,67,2014-09-11T06:55:00,20,25693156,180681
OK,70,47,879,70,2014-09-11T07:00:00,22,25693605,180681
OK,55,60,879,55,2014-09-11T07:05:00,23,25694042,180681
OK,46,72,879,46,2014-09-11T07:10:00,12,25694491,180681
OK,54,61,879,54,2014-09-11T07:15:00,13,25694940,180681
OK,56,59,879,56,2014-09-11T07:20:00,14,25695373,180681
OK,65,50,879,65,2014-09-11T07:25:00,13,25695812,180681
OK,53,62,879,53,2014-09-11T07:30:00,19,25696221,180681
OK,51,64,879,51,2014-09-11T07:35:00,18,25696648,180681
OK,66,50,879,66,2014-09-11T07:40:00,26,25697090,180681
OK,68,48,879,68,2014-09-11T07:45:00,35,25697530,180681
OK,64,51,879,64,2014-09-11T07:50:00,35,25697979,180681
OK,62,53,879,62,2014-09-11T07:55:00,30,25698428,180681
OK,59,56,879,59,2014-09-11T08:00:00,20,25698836,180681
OK,64,51,879,64,2014-09-11T08:05:00,14,25699283,180681
OK,50,66,879,50,2014-09-11T08:15:00,27,25699732,180681
OK,55,60,879,55,2014-09-11T08:20:00,24,25700180,180681
OK,55,60,879,55,2014-09-11T08:25:00,24,25700627,180681
OK,51,64,879,51,2014-09-11T08:30:00,23,25701068,180681
OK,67,49,879,67,2014-09-11T08:35:00,23,25701504,180681
OK,70,47,879,70,2014-09-11T08:40:00,26,25701953,180681
OK,66,50,879,66,2014-09-11T08:45:00,32,25702397,180681
OK,56,59,879,56,2014-09-11T08:50:00,30,25702801,180681
OK,52,63,879,52,2014-09-11T08:55:00,16,25703228,180681
OK,51,64,879,51,2014-09-11T09:00:00,20,25703675,180681
OK,57,58,879,57,2014-09-11T09:05:00,23,25704068,180681
OK,58,57,879,58,2014-09-11T09:15:00,18,25704959,180681
OK,75,44,879,75,2014-09-11T09:20:00,25,25705399,180681
OK,66,50,879,66,2014-09-11T09:25:00,24,25705848,180681
OK,58,57,879,58,2014-09-11T09:30:00,17,25706297,180681
OK,55,60,879,55,2014-09-11T09:35:00,20,25706739,180681
OK,58,57,879,58,2014-09-11T09:40:00,26,25707182,180681
OK,59,56,879,59,2014-09-11T09:45:00,26,25707483,180681
OK,65,50,879,65,2014-09-11T09:55:00,19,25708362,180681
OK,69,48,879,69,2014-09-11T10:00:00,27,25708811,180681
OK,55,60,879,55,2014-09-11T10:05:00,33,25709259,180681
OK,51,64,879,51,2014-09-11T10:10:00,21,25709683,180681
OK,50,66,879,50,2014-09-11T10:15:00,15,25710130,180681
OK,62,53,879,62,2014-09-11T10:20:00,23,25710569,180681
OK,63,52,879,63,2014-09-11T10:25:00,23,25711017,180681
OK,66,50,879,66,2014-09-11T10:30:00,20,25711461,180681
OK,63,52,879,63,2014-09-11T10:35:00,19,25711838,180681
OK,51,64,879,51,2014-09-11T10:40:00,12,25712276,180681
OK,53,62,879,53,2014-09-11T10:45:00,12,25712721,180681
OK,60,55,879,60,2014-09-11T10:50:00,14,25713162,180681
OK,61,54,879,61,2014-09-11T11:00:00,12,25714057,180681
OK,71,46,879,71,2014-09-11T11:05:00,16,25714505,180681
OK,55,60,879,55,2014-09-11T11:10:00,18,25714954,180681
OK,53,62,879,53,2014-09-11T11:20:00,19,25715403,180681
OK,65,50,879,65,2014-09-11T11:25:00,18,25715852,180681
OK,54,61,879,54,2014-09-11T11:35:00,22,25716301,180681
OK,53,62,879,53,2014-09-11T11:40:00,30,25716744,180681
OK,53,62,879,53,2014-09-11T11:45:00,27,25717183,180681
OK,54,61,879,54,2014-09-11T11:50:00,38,25717632,180681
OK,56,59,879,56,2014-09-11T11:55:00,34,25718081,180681
OK,62,53,879,62,2014-09-11T12:00:00,18,25718468,180681
OK,79,41,879,79,2014-09-11T12:05:00,17,25718914,180681
OK,55,60,879,55,2014-09-11T12:10:00,22,25719357,180681
OK,55,60,879,55,2014-09-11T12:15:00,30,25719805,180681
OK,61,54,879,61,2014-09-11T12:20:00,23,25720253,180681
OK,71,46,879,71,2014-09-11T12:25:00,19,25720643,180681
OK,63,52,879,63,2014-09-11T12:30:00,17,25721080,180681
OK,63,52,879,63,2014-09-11T12:40:00,37,25721936,180681
OK,63,52,879,63,2014-09-11T12:45:00,33,25722385,180681
OK,58,57,879,58,2014-09-11T12:50:00,20,25722834,180681
OK,61,54,879,61,2014-09-11T12:55:00,24,25723283,180681
OK,69,48,879,69,2014-09-11T13:00:00,27,25723674,180681
OK,62,53,879,62,2014-09-11T13:05:00,17,25724112,180681
OK,71,46,879,71,2014-09-11T13:10:00,17,25724561,180681
OK,82,40,879,82,2014-09-11T13:15:00,31,25725007,180681
OK,92,36,879,92,2014-09-11T13:20:00,33,25725369,180681
OK,83,39,879,83,2014-09-11T13:25:00,35,25725816,180681
OK,61,54,879,61,2014-09-11T13:30:00,32,25726260,180681
OK,74,44,879,74,2014-09-11T13:35:00,35,25726708,180681
OK,72,46,879,72,2014-09-11T13:40:00,36,25727134,180681
OK,72,46,879,72,2014-09-11T13:45:00,28,25727581,180681
OK,71,46,879,71,2014-09-11T13:50:00,36,25727986,180681
OK,72,46,879,72,2014-09-11T13:55:00,36,25728433,180681
OK,59,56,879,59,2014-09-11T14:00:00,23,25728853,180681
OK,55,60,879,55,2014-09-11T14:05:00,21,25729298,180681
OK,68,48,879,68,2014-09-11T14:10:00,19,25729663,180681
OK,92,36,879,92,2014-09-11T14:20:00,24,25730112,180681
OK,75,44,879,75,2014-09-11T14:30:00,40,25730965,180681
OK,63,52,879,63,2014-09-11T14:35:00,31,25731406,180681
OK,69,48,879,69,2014-09-11T14:40:00,18,25731840,180681
OK,79,41,879,79,2014-09-11T14:45:00,23,25732281,180681
OK,66,50,879,66,2014-09-11T14:50:00,34,25732730,180681
OK,60,55,879,60,2014-09-11T14:55:00,34,25733179,180681
OK,67,49,879,67,2014-09-11T15:00:00,21,25733627,180681
OK,62,53,879,62,2014-09-11T15:05:00,17,25734066,180681
OK,87,38,879,87,2014-09-11T15:10:00,21,25734514,180681
OK,62,53,879,62,2014-09-11T15:15:00,23,25734959,180681
OK,53,62,879,53,2014-09-11T15:20:00,15,25735406,180681
OK,54,61,879,54,2014-09-11T15:25:00,22,25735819,180681
OK,56,59,879,56,2014-09-11T15:30:00,24,25736248,180681
OK,54,61,879,54,2014-09-11T15:35:00,15,25736697,180681
OK,54,61,879,54,2014-09-11T15:40:00,19,25737097,180681
OK,54,61,879,54,2014-09-11T15:45:00,19,25737546,180681
OK,65,50,879,65,2014-09-11T15:50:00,18,25737994,180681
OK,66,50,879,66,2014-09-11T15:55:00,20,25738367,180681
OK,64,51,879,64,2014-09-11T16:00:00,20,25738814,180681
OK,55,60,879,55,2014-09-11T16:05:00,16,25739257,180681
OK,51,64,879,51,2014-09-11T16:10:00,16,25739702,180681
OK,57,58,879,57,2014-09-11T16:15:00,20,25740148,180681
OK,57,58,879,57,2014-09-11T16:20:00,23,25740514,180681
OK,50,66,879,50,2014-09-11T16:25:00,17,25740962,180681
OK,46,72,879,46,2014-09-11T16:30:00,11,25741405,180681
OK,45,73,879,45,2014-09-11T16:35:00,11,25741854,180681
OK,49,67,879,49,2014-09-11T16:40:00,13,25742303,180681
OK,62,53,879,62,2014-09-11T16:45:00,13,25742752,180681
OK,46,72,879,46,2014-09-11T16:50:00,16,25743188,180681
OK,48,69,879,48,2014-09-11T16:55:00,13,25743635,180681
OK,74,44,879,74,2014-09-11T17:00:00,5,25744006,180681
OK,48,69,879,48,2014-09-11T17:05:00,8,25744447,180681
OK,59,56,879,59,2014-09-11T17:10:00,12,25744896,180681
OK,62,53,879,62,2014-09-11T17:15:00,13,25745325,180681
OK,49,67,879,49,2014-09-11T17:20:00,7,25745773,180681
OK,43,77,879,43,2014-09-11T17:25:00,3,25746197,180681
OK,43,77,879,43,2014-09-11T17:30:00,8,25746645,180681
OK,46,72,879,46,2014-09-11T17:35:00,8,25747093,180681
OK,49,67,879,49,2014-09-11T17:40:00,7,25747541,180681
OK,48,69,879,48,2014-09-11T17:45:00,9,25747909,180681
OK,47,70,879,47,2014-09-11T17:50:00,8,25748345,180681
OK,46,72,879,46,2014-09-11T17:55:00,9,25748783,180681
OK,42,78,879,42,2014-09-11T18:00:00,8,25749224,180681
OK,44,75,879,44,2014-09-11T18:05:00,5,25749673,180681
OK,46,72,879,46,2014-09-11T18:10:00,4,25750122,180681
OK,47,70,879,47,2014-09-11T18:15:00,11,25750571,180681
OK,45,73,879,45,2014-09-11T18:25:00,8,25751020,180681
OK,43,77,879,43,2014-09-11T18:30:00,3,25751834,180681
OK,50,66,879,50,2014-09-11T18:35:00,3,25752254,180681
OK,59,56,879,59,2014-09-11T18:40:00,6,25752685,180681
OK,58,57,879,58,2014-09-11T18:45:00,8,25753120,180681
OK,48,69,879,48,2014-09-11T18:50:00,9,25753569,180681
OK,43,77,879,43,2014-09-11T18:55:00,6,25753993,180681
OK,61,54,879,61,2014-09-11T19:00:00,5,25754442,180681
OK,67,49,879,67,2014-09-11T19:05:00,8,25754889,180681
OK,43,77,879,43,2014-09-11T19:10:00,7,25755275,180681
OK,49,67,879,49,2014-09-11T19:15:00,6,25755723,180681
OK,71,46,879,71,2014-09-11T19:20:00,5,25756148,180681
OK,80,41,879,80,2014-09-11T19:25:00,6,25756597,180681
OK,43,77,879,43,2014-09-11T19:30:00,5,25757034,180681
OK,40,82,879,40,2014-09-11T19:35:00,2,25757465,180681
OK,47,70,879,47,2014-09-11T19:40:00,1,25757850,180681
OK,47,70,879,47,2014-09-11T19:45:00,3,25758299,180681
OK,56,59,879,56,2014-09-11T19:50:00,4,25758723,180681
OK,58,57,879,58,2014-09-11T19:55:00,5,25759172,180681
OK,54,61,879,54,2014-09-11T20:00:00,4,25759621,180681
OK,69,48,879,69,2014-09-11T20:05:00,4,25760058,180681
OK,83,39,879,83,2014-09-11T20:10:00,7,25760466,180681
OK,58,57,879,58,2014-09-11T20:15:00,7,25760915,180681
OK,42,78,879,42,2014-09-11T20:20:00,5,25761359,180681
OK,45,73,879,45,2014-09-11T20:25:00,9,25761808,180681
OK,45,73,879,45,2014-09-11T20:30:00,5,25762220,180681
OK,48,69,879,48,2014-09-11T20:35:00,8,25762665,180681
OK,42,78,879,42,2014-09-11T20:40:00,7,25763106,180681
OK,44,75,879,44,2014-09-11T20:45:00,0,25763553,180681
OK,51,64,879,51,2014-09-11T20:50:00,1,25763984,180681
OK,51,64,879,51,2014-09-11T20:55:00,3,25764430,180681
OK,46,72,879,46,2014-09-11T21:00:00,3,25764761,180681
OK,48,69,879,48,2014-09-11T21:05:00,3,25765209,180681
OK,48,69,879,48,2014-09-11T21:10:00,1,25765657,180681
OK,45,73,879,45,2014-09-11T21:15:00,2,25766097,180681
OK,66,50,879,66,2014-09-11T21:20:00,2,25766505,180681
OK,48,69,879,48,2014-09-11T21:25:00,4,25766954,180681
OK,48,69,879,48,2014-09-11T21:30:00,2,25767385,180681
OK,52,63,879,52,2014-09-11T21:35:00,3,25767834,180681
OK,83,39,879,83,2014-09-11T21:40:00,2,25768283,180681
OK,133,24,879,133,2014-09-11T21:45:00,1,25768698,180681
OK,133,24,879,133,2014-09-11T21:50:00,0,25769134,180681
OK,42,78,879,42,2014-09-11T21:55:00,2,25769582,180681
OK,42,78,879,42,2014-09-11T22:00:00,0,25769944,180681
OK,42,78,879,42,2014-09-11T22:05:00,0,25770393,180681
OK,42,78,879,42,2014-09-11T22:10:00,0,25770829,180681
OK,42,78,879,42,2014-09-11T22:20:00,0,25771278,180681
OK,42,78,879,42,2014-09-11T22:25:00,0,25771720,180681
OK,57,58,879,57,2014-09-11T22:30:00,3,25772143,180681
OK,54,61,879,54,2014-09-11T22:35:00,2,25772585,180681
OK,46,72,879,46,2014-09-11T22:40:00,3,25772956,180681
OK,42,78,879,42,2014-09-11T22:45:00,2,25773405,180681
OK,39,84,879,39,2014-09-11T22:50:00,1,25773851,180681
OK,39,84,879,39,2014-09-11T22:55:00,0,25774300,180681
OK,39,84,879,39,2014-09-11T23:00:00,0,25774689,180681
OK,79,41,879,79,2014-09-11T23:05:00,2,25775137,180681
OK,79,41,879,79,2014-09-11T23:10:00,0,25775497,180681
OK,59,56,879,59,2014-09-11T23:15:00,0,25775936,180681
OK,59,56,879,59,2014-09-11T23:20:00,0,25776385,180681
OK,59,56,879,59,2014-09-11T23:25:00,0,25776833,180681
OK,59,56,879,59,2014-09-11T23:30:00,0,25777266,180681
OK,59,56,879,59,2014-09-11T23:35:00,0,25777715,180681
OK,178,18,879,178,2014-09-11T23:40:00,2,25778056,180681
OK,176,18,879,176,2014-09-11T23:45:00,2,25778501,180681
OK,83,39,879,83,2014-09-11T23:50:00,1,25778948,180681
OK,83,39,879,83,2014-09-11T23:55:00,0,25779397,180681
OK,83,39,879,83,2014-09-12T00:00:00,0,25779703,180681
OK,83,39,879,83,2014-09-12T00:20:00,0,25780501,180681
OK,50,66,879,50,2014-09-12T00:25:00,1,25780950,180681
OK,50,66,879,50,2014-09-12T00:30:00,0,25781386,180681
OK,50,66,879,50,2014-09-12T00:35:00,0,25781822,180681
OK,50,66,879,50,2014-09-12T00:40:00,0,25782271,180681
OK,50,66,879,50,2014-09-12T00:50:00,0,25782720,180681
OK,50,66,879,50,2014-09-12T00:55:00,0,25783149,180681
OK,50,66,879,50,2014-09-12T01:00:00,0,25783598,180681
OK,43,77,879,43,2014-09-12T01:05:00,1,25784047,180681
OK,43,77,879,43,2014-09-12T01:10:00,0,25784496,180681
OK,43,77,879,43,2014-09-12T01:15:00,0,25784835,180681
OK,43,77,879,43,2014-09-12T01:20:00,0,25785275,180681
OK,43,77,879,43,2014-09-12T01:25:00,0,25785724,180681
OK,43,77,879,43,2014-09-12T01:30:00,0,25786121,180681
OK,59,56,879,59,2014-09-12T01:35:00,1,25786570,180681
OK,59,56,879,59,2014-09-12T01:40:00,1,25786997,180681
OK,59,56,879,59,2014-09-12T01:45:00,0,25787446,180681
OK,59,56,879,59,2014-09-12T01:50:00,0,25787874,180681
OK,59,56,879,59,2014-09-12T01:55:00,0,25788323,180681
OK,59,56,879,59,2014-09-12T02:00:00,0,25788772,180681
OK,76,43,879,76,2014-09-12T02:05:00,1,25789221,180681
OK,76,43,879,76,2014-09-12T02:15:00,0,25789670,180681
OK,38,87,879,38,2014-09-12T02:20:00,1,25790089,180681
OK,38,87,879,38,2014-09-12T02:25:00,1,25790538,180681
OK,38,87,879,38,2014-09-12T02:30:00,0,25790949,180681
OK,36,92,879,36,2014-09-12T02:35:00,1,25791365,180681
OK,40,82,879,40,2014-09-12T02:40:00,2,25791814,180681
OK,54,61,879,54,2014-09-12T02:45:00,1,25792248,180681
OK,55,60,879,55,2014-09-12T02:50:00,2,25792696,180681
OK,49,67,879,49,2014-09-12T02:55:00,3,25793145,180681
OK,49,67,879,49,2014-09-12T03:00:00,6,25793583,180681
OK,38,87,879,38,2014-09-12T03:05:00,2,25793993,180681
OK,65,50,879,65,2014-09-12T03:10:00,2,25794440,180681
OK,65,50,879,65,2014-09-12T03:15:00,2,25794889,180681
OK,48,69,879,48,2014-09-12T03:25:00,1,25795338,180681
OK,95,34,879,95,2014-09-12T03:30:00,1,25795751,180681
OK,67,49,879,67,2014-09-12T03:35:00,2,25796189,180681
OK,39,84,879,39,2014-09-12T03:40:00,0,25796615,180681
OK,70,47,879,70,2014-09-12T03:45:00,3,25797064,180681
OK,70,47,879,70,2014-09-12T03:50:00,7,25797513,180681
OK,54,61,879,54,2014-09-12T03:55:00,7,25797939,180681
OK,53,62,879,53,2014-09-12T04:00:00,8,25798381,180681
OK,64,51,879,64,2014-09-12T04:05:00,10,25798789,180681
OK,53,62,879,53,2014-09-12T04:10:00,16,25799238,180681
OK,50,66,879,50,2014-09-12T04:15:00,17,25799671,180681
OK,50,66,879,50,2014-09-12T04:20:00,13,25800120,180681
OK,54,61,879,54,2014-09-12T04:25:00,14,25800568,180681
OK,63,52,879,63,2014-09-12T04:30:00,14,25801017,180681
OK,53,62,879,53,2014-09-12T04:35:00,12,25801400,180681
OK,51,64,879,51,2014-09-12T04:40:00,14,25801843,180681
OK,65,50,879,65,2014-09-12T04:45:00,23,25802283,180681
OK,66,50,879,66,2014-09-12T04:50:00,26,25802687,180681
OK,60,55,879,60,2014-09-12T04:55:00,24,25803136,180681
OK,48,69,879,48,2014-09-12T05:00:00,20,25803585,180681
OK,46,72,879,46,2014-09-12T05:05:00,18,25803971,180681
OK,65,50,879,65,2014-09-12T05:10:00,25,25804418,180681
OK,63,52,879,63,2014-09-12T05:15:00,30,25804849,180681
OK,72,46,879,72,2014-09-12T05:20:00,28,25805283,180681
OK,80,41,879,80,2014-09-12T05:25:00,29,25805725,180681
OK,82,40,879,82,2014-09-12T05:30:00,30,25806172,180681
OK,90,36,879,90,2014-09-12T05:35:00,35,25806621,180681
OK,94,35,879,94,2014-09-12T05:40:00,27,25807053,180681
OK,76,43,879,76,2014-09-12T05:45:00,25,25807501,180681
OK,73,45,879,73,2014-09-12T05:50:00,37,25807928,180681
OK,75,44,879,75,2014-09-12T05:55:00,25,25808375,180681
OK,71,46,879,71,2014-09-12T06:00:00,17,25808752,180681
OK,74,44,879,74,2014-09-12T06:05:00,32,25809183,180681
OK,81,40,879,81,2014-09-12T06:10:00,31,25809632,180681
OK,81,40,879,81,2014-09-12T06:15:00,35,25810042,180681
OK,76,43,879,76,2014-09-12T06:20:00,27,25810491,180681
OK,68,48,879,68,2014-09-12T06:25:00,17,25810881,180681
OK,80,41,879,80,2014-09-12T06:30:00,29,25811326,180681
OK,71,46,879,71,2014-09-12T06:35:00,28,25811775,180681
OK,71,46,879,71,2014-09-12T06:40:00,20,25812201,180681
OK,63,52,879,63,2014-09-12T06:45:00,29,25812650,180681
OK,61,54,879,61,2014-09-12T06:50:00,31,25813043,180681
OK,78,42,879,78,2014-09-12T06:55:00,21,25813488,180681
OK,69,48,879,69,2014-09-12T07:00:00,19,25813921,180681
OK,71,46,879,71,2014-09-12T07:05:00,13,25814343,180681
OK,78,42,879,78,2014-09-12T07:10:00,17,25814792,180681
OK,78,42,879,78,2014-09-12T07:15:00,18,25815241,180681
OK,77,43,879,77,2014-09-12T07:20:00,29,25815581,180681
OK,74,44,879,74,2014-09-12T07:25:00,30,25816020,180681
OK,74,44,879,74,2014-09-12T07:30:00,27,25816469,180681
OK,61,54,879,61,2014-09-12T07:35:00,28,25816915,180681
OK,59,56,879,59,2014-09-12T07:40:00,31,25817364,180681
OK,69,48,879,69,2014-09-12T07:45:00,31,25817808,180681
OK,74,44,879,74,2014-09-12T07:50:00,26,25818235,180681
OK,58,57,879,58,2014-09-12T07:55:00,18,25818684,180681
OK,63,52,879,63,2014-09-12T08:00:00,17,25819131,180681
OK,58,57,879,58,2014-09-12T08:05:00,18,25819573,180681
OK,50,66,879,50,2014-09-12T08:10:00,14,25820019,180681
OK,71,46,879,71,2014-09-12T08:15:00,24,25820466,180681
OK,70,47,879,70,2014-09-12T08:20:00,21,25820915,180681
OK,72,46,879,72,2014-09-12T08:25:00,25,25821363,180681
OK,73,45,879,73,2014-09-12T08:30:00,22,25821743,180681
OK,52,63,879,52,2014-09-12T08:35:00,13,25822189,180681
OK,59,56,879,59,2014-09-12T08:40:00,23,25822626,180681
OK,70,47,879,70,2014-09-12T08:45:00,28,25823073,180681
OK,74,44,879,74,2014-09-12T08:50:00,27,25823515,180681
OK,72,46,879,72,2014-09-12T08:55:00,17,25823963,180681
OK,63,52,879,63,2014-09-12T09:00:00,14,25824343,180681
OK,67,49,879,67,2014-09-12T09:05:00,18,25824788,180681
OK,65,50,879,65,2014-09-12T09:10:00,22,25825210,180681
OK,56,59,879,56,2014-09-12T09:15:00,25,25825657,180681
OK,67,49,879,67,2014-09-12T09:20:00,20,25826046,180681
OK,67,49,879,67,2014-09-12T09:25:00,15,25826493,180681
OK,68,48,879,68,2014-09-12T09:30:00,17,25826942,180681
OK,56,59,879,56,2014-09-12T09:35:00,20,25827354,180681
OK,58,57,879,58,2014-09-12T09:40:00,20,25827801,180681
OK,63,52,879,63,2014-09-12T09:45:00,40,25828195,180681
OK,63,52,879,63,2014-09-12T09:50:00,45,25828641,180681
OK,59,56,879,59,2014-09-12T09:55:00,26,25829018,180681
OK,56,59,879,56,2014-09-12T10:00:00,13,25829421,180681
OK,57,58,879,57,2014-09-12T10:05:00,5,25829870,180681
OK,57,58,879,57,2014-09-12T10:10:00,0,25830319,180681
OK,57,58,879,57,2014-09-12T10:15:00,0,25830741,180681
OK,57,58,879,57,2014-09-12T10:20:00,0,25831189,180681
OK,49,67,879,49,2014-09-12T10:25:00,19,25831577,180681
OK,57,58,879,57,2014-09-12T10:30:00,24,25832025,180681
OK,73,45,879,73,2014-09-12T10:35:00,24,25832460,180681
OK,74,44,879,74,2014-09-12T10:40:00,13,25832897,180681
OK,43,77,879,43,2014-09-12T10:45:00,3,25833307,180681
OK,43,77,879,43,2014-09-12T10:50:00,0,25833674,180681
OK,43,77,879,43,2014-09-12T10:55:00,0,25834123,180681
OK,43,77,879,43,2014-09-12T11:00:00,0,25834513,180681
OK,43,77,879,43,2014-09-12T11:05:00,0,25834956,180681
OK,67,49,879,67,2014-09-12T11:10:00,24,25835405,180681
OK,71,46,879,71,2014-09-12T11:15:00,17,25835756,180681
OK,67,49,879,67,2014-09-12T11:20:00,22,25836204,180681
OK,65,50,879,65,2014-09-12T11:25:00,30,25836592,180681
OK,66,50,879,66,2014-09-12T11:30:00,29,25837017,180681
OK,70,47,879,70,2014-09-12T11:35:00,26,25837461,180681
OK,69,48,879,69,2014-09-12T11:40:00,20,25837875,180681
OK,74,44,879,74,2014-09-12T11:50:00,15,25838766,180681
OK,54,61,879,54,2014-09-12T11:55:00,20,25839161,180681
OK,75,44,879,75,2014-09-12T12:05:00,18,25839610,180681
OK,71,46,879,71,2014-09-12T12:10:00,22,25840042,180681
OK,75,44,879,75,2014-09-12T12:15:00,29,25840453,180681
OK,93,35,879,93,2014-09-12T12:20:00,31,25840881,180681
OK,90,36,879,90,2014-09-12T12:25:00,31,25841315,180681
OK,77,43,879,77,2014-09-12T12:30:00,25,25841736,180681
OK,68,48,879,68,2014-09-12T12:35:00,27,25842185,180681
OK,81,40,879,81,2014-09-12T12:40:00,29,25842617,180681
OK,83,39,879,83,2014-09-12T12:45:00,27,25843029,180681
OK,73,45,879,73,2014-09-12T12:50:00,34,25843478,180681
OK,71,46,879,71,2014-09-12T12:55:00,31,25843927,180681
OK,76,43,879,76,2014-09-12T13:00:00,19,25844374,180681
OK,67,49,879,67,2014-09-12T13:05:00,24,25844822,180681
OK,69,48,879,69,2014-09-12T13:10:00,26,25845216,180681
OK,78,42,879,78,2014-09-12T13:15:00,26,25845664,180681
OK,78,42,879,78,2014-09-12T13:20:00,14,25846064,180681
OK,81,40,879,81,2014-09-12T13:25:00,27,25846512,180681
OK,79,41,879,79,2014-09-12T13:30:00,23,25846947,180681
OK,67,49,879,67,2014-09-12T13:35:00,17,25847353,180681
OK,75,44,879,75,2014-09-12T13:40:00,23,25847799,180681
OK,76,43,879,76,2014-09-12T13:45:00,24,25848248,180681
OK,80,41,879,80,2014-09-12T13:50:00,17,25848689,180681
OK,96,34,879,96,2014-09-12T13:55:00,26,25849112,180681
OK,74,44,879,74,2014-09-12T14:00:00,26,25849559,180681
OK,77,43,879,77,2014-09-12T14:05:00,38,25850008,180681
OK,79,41,879,79,2014-09-12T14:10:00,40,25850446,180681
OK,70,47,879,70,2014-09-12T14:15:00,34,25850894,180681
OK,69,48,879,69,2014-09-12T14:20:00,31,25851334,180681
OK,57,58,879,57,2014-09-12T14:25:00,21,25851782,180681
OK,61,54,879,61,2014-09-12T14:30:00,21,25852219,180681
OK,67,49,879,67,2014-09-12T14:35:00,21,25852668,180681
OK,57,58,879,57,2014-09-12T14:40:00,17,25853117,180681
OK,60,55,879,60,2014-09-12T14:45:00,14,25853534,180681
OK,67,49,879,67,2014-09-12T14:50:00,13,25853913,180681
OK,62,53,879,62,2014-09-12T14:55:00,14,25854361,180681
OK,66,50,879,66,2014-09-12T15:00:00,22,25854807,180681
OK,70,47,879,70,2014-09-12T15:05:00,22,25855218,180681
OK,55,60,879,55,2014-09-12T15:10:00,17,25855667,180681
OK,67,49,879,67,2014-09-12T15:15:00,19,25856102,180681
OK,70,47,879,70,2014-09-12T15:20:00,18,25856550,180681
OK,71,46,879,71,2014-09-12T15:25:00,15,25856994,180681
OK,80,41,879,80,2014-09-12T15:30:00,18,25857439,180681
OK,80,41,879,80,2014-09-12T15:35:00,18,25857888,180681
OK,76,43,879,76,2014-09-12T15:40:00,16,25858330,180681
OK,75,44,879,75,2014-09-12T15:45:00,16,25858769,180681
OK,61,54,879,61,2014-09-12T15:50:00,16,25859216,180681
OK,49,67,879,49,2014-09-12T15:55:00,13,25859641,180681
OK,53,62,879,53,2014-09-12T16:05:00,17,25860088,180681
OK,58,57,879,58,2014-09-12T16:10:00,17,25860477,180681
OK,58,57,879,58,2014-09-12T16:15:00,11,25860923,180681
OK,55,60,879,55,2014-09-12T16:20:00,10,25861372,180681
OK,58,57,879,58,2014-09-12T16:25:00,14,25861821,180681
OK,53,62,879,53,2014-09-12T16:35:00,8,25862270,180681
OK,53,62,879,53,2014-09-12T16:40:00,5,25862627,180681
OK,45,73,879,45,2014-09-12T16:45:00,5,25863074,180681
OK,53,62,879,53,2014-09-12T16:50:00,8,25863515,180681
OK,61,54,879,61,2014-09-12T16:55:00,9,25863963,180681
OK,59,56,879,59,2014-09-12T17:00:00,8,25864410,180681
OK,37,89,879,37,2014-09-12T17:05:00,3,25864809,180681
OK,60,55,879,60,2014-09-12T17:10:00,8,25865226,180681
OK,51,64,879,51,2014-09-12T17:15:00,9,25865675,180681
OK,60,55,879,60,2014-09-12T17:20:00,7,25866121,180681
OK,61,54,879,61,2014-09-12T17:25:00,8,25866539,180681
OK,44,75,879,44,2014-09-12T17:30:00,8,25866971,180681
OK,45,73,879,45,2014-09-12T17:35:00,8,25867372,180681
OK,46,72,879,46,2014-09-12T17:40:00,3,25867816,180681
OK,42,78,879,42,2014-09-12T17:45:00,2,25868265,180681
OK,42,78,879,42,2014-09-12T17:50:00,2,25868714,180681
OK,80,41,879,80,2014-09-12T17:55:00,2,25869144,180681
OK,47,70,879,47,2014-09-12T18:00:00,6,25869587,180681
OK,46,72,879,46,2014-09-12T18:05:00,7,25869986,180681
OK,54,61,879,54,2014-09-12T18:10:00,7,25870416,180681
OK,53,62,879,53,2014-09-12T18:15:00,7,25870865,180681
OK,48,69,879,48,2014-09-12T18:20:00,5,25871314,180681
OK,48,69,879,48,2014-09-12T18:25:00,6,25871755,180681
OK,50,66,879,50,2014-09-12T18:30:00,5,25872195,180681
OK,49,67,879,49,2014-09-12T18:35:00,7,25872609,180681
OK,49,67,879,49,2014-09-12T18:40:00,8,25873058,180681
OK,41,80,879,41,2014-09-12T18:45:00,3,25873489,180681
OK,54,61,879,54,2014-09-12T18:55:00,5,25873938,180681
OK,49,67,879,49,2014-09-12T19:00:00,7,25874384,180681
OK,54,61,879,54,2014-09-12T19:05:00,6,25874765,180681
OK,77,43,879,77,2014-09-12T19:10:00,2,25875213,180681
OK,54,61,879,54,2014-09-12T19:15:00,5,25875662,180681
OK,55,60,879,55,2014-09-12T19:20:00,9,25876111,180681
OK,66,50,879,66,2014-09-12T19:25:00,5,25876534,180681
OK,60,55,879,60,2014-09-12T19:30:00,4,25876980,180681
OK,57,58,879,57,2014-09-12T19:35:00,5,25877429,180681
OK,41,80,879,41,2014-09-12T19:40:00,3,25877878,180681
OK,48,69,879,48,2014-09-12T19:45:00,7,25878280,180681
OK,61,54,879,61,2014-09-12T19:50:00,5,25878709,180681
OK,54,61,879,54,2014-09-12T19:55:00,4,25879158,180681
OK,54,61,879,54,2014-09-12T20:00:00,3,25879594,180681
OK,59,56,879,59,2014-09-12T20:05:00,4,25879985,180681
OK,59,56,879,59,2014-09-12T20:10:00,4,25880425,180681
OK,82,40,879,82,2014-09-12T20:20:00,3,25880874,180681
OK,52,63,879,52,2014-09-12T20:25:00,5,25881223,180681
OK,59,56,879,59,2014-09-12T20:30:00,5,25881672,180681
OK,51,64,879,51,2014-09-12T20:35:00,6,25882111,180681
OK,49,67,879,49,2014-09-12T20:40:00,4,25882560,180681
OK,48,69,879,48,2014-09-12T20:50:00,6,25883009,180681
OK,48,69,879,48,2014-09-12T20:55:00,4,25883458,180681
OK,51,64,879,51,2014-09-12T21:00:00,3,25883907,180681
OK,53,62,879,53,2014-09-12T21:10:00,5,25884356,180681
OK,64,51,879,64,2014-09-12T21:15:00,3,25885058,180681
OK,64,51,879,64,2014-09-12T21:20:00,3,25885507,180681
OK,50,66,879,50,2014-09-12T21:25:00,5,25885940,180681
OK,53,62,879,53,2014-09-12T21:30:00,6,25886386,180681
OK,55,60,879,55,2014-09-12T21:35:00,4,25886796,180681
OK,51,64,879,51,2014-09-12T21:40:00,4,25887232,180681
OK,56,59,879,56,2014-09-12T21:50:00,3,25887681,180681
OK,56,59,879,56,2014-09-12T21:55:00,5,25888085,180681
OK,66,50,879,66,2014-09-12T22:00:00,0,25888532,180681
OK,74,44,879,74,2014-09-12T22:05:00,0,25888942,180681
OK,54,61,879,54,2014-09-12T22:10:00,3,25889382,180681
OK,54,61,879,54,2014-09-12T22:15:00,3,25889831,180681
OK,69,48,879,69,2014-09-12T22:20:00,1,25890273,180681
OK,53,62,879,53,2014-09-12T22:25:00,1,25890694,180681
OK,45,73,879,45,2014-09-12T22:30:00,3,25891089,180681
OK,53,62,879,53,2014-09-12T22:35:00,4,25891536,180681
OK,56,59,879,56,2014-09-12T22:40:00,3,25891980,180681
OK,61,54,879,61,2014-09-12T22:45:00,5,25892408,180681
OK,62,53,879,62,2014-09-12T22:50:00,0,25892853,180681
OK,54,61,879,54,2014-09-12T22:55:00,4,25893297,180681
OK,57,58,879,57,2014-09-12T23:00:00,5,25893746,180681
OK,48,69,879,48,2014-09-12T23:05:00,3,25894155,180681
OK,47,70,879,47,2014-09-12T23:10:00,2,25894537,180681
OK,47,70,879,47,2014-09-12T23:15:00,0,25894976,180681
OK,47,70,879,47,2014-09-12T23:20:00,0,25895425,180681
OK,47,70,879,47,2014-09-12T23:25:00,0,25895874,180681
OK,50,66,879,50,2014-09-12T23:30:00,1,25896255,180681
OK,50,66,879,50,2014-09-12T23:35:00,0,25896703,180681
OK,40,82,879,40,2014-09-12T23:40:00,2,25897121,180681
OK,40,82,879,40,2014-09-12T23:45:00,2,25897502,180681
OK,43,77,879,43,2014-09-12T23:50:00,0,25897951,180681
OK,47,70,879,47,2014-09-12T23:55:00,1,25898400,180681
OK,47,70,879,47,2014-09-13T00:00:00,0,25898650,180681
OK,65,50,879,65,2014-09-13T00:20:00,1,25899748,180681
OK,65,50,879,65,2014-09-13T00:25:00,0,25900197,180681
OK,65,50,879,65,2014-09-13T00:30:00,0,25900628,180681
OK,48,69,879,48,2014-09-13T00:35:00,1,25901077,180681
OK,48,69,879,48,2014-09-13T00:40:00,1,25901507,180681
OK,46,72,879,46,2014-09-13T00:45:00,3,25901955,180681
OK,46,72,879,46,2014-09-13T00:50:00,0,25902392,180681
OK,45,73,879,45,2014-09-13T00:55:00,3,25902841,180681
OK,45,73,879,45,2014-09-13T01:00:00,3,25903290,180681
OK,85,38,879,85,2014-09-13T01:05:00,1,25903696,180681
OK,85,38,879,85,2014-09-13T01:10:00,1,25904083,180681
OK,67,49,879,67,2014-09-13T01:15:00,2,25904532,180681
OK,67,49,879,67,2014-09-13T01:20:00,2,25904977,180681
OK,58,57,879,58,2014-09-13T01:25:00,1,25905426,180681
OK,58,57,879,58,2014-09-13T01:30:00,1,25905874,180681
OK,36,92,879,36,2014-09-13T01:35:00,1,25906321,180681
OK,36,92,879,36,2014-09-13T01:40:00,1,25906769,180681
OK,36,92,879,36,2014-09-13T01:45:00,0,25907218,180681
OK,36,92,879,36,2014-09-13T01:50:00,0,25907645,180681
OK,36,92,879,36,2014-09-13T01:55:00,0,25908003,180681
OK,36,92,879,36,2014-09-13T02:00:00,0,25908452,180681
OK,45,73,879,45,2014-09-13T02:05:00,1,25908851,180681
OK,45,73,879,45,2014-09-13T02:10:00,1,25909298,180681
OK,42,78,879,42,2014-09-13T02:15:00,2,25909747,180681
OK,44,75,879,44,2014-09-13T02:20:00,1,25910182,180681
OK,44,75,879,44,2014-09-13T02:25:00,0,25910631,180681
OK,44,75,879,44,2014-09-13T02:30:00,0,25911050,180681
OK,44,75,879,44,2014-09-13T02:35:00,0,25911430,180681
OK,44,75,879,44,2014-09-13T02:40:00,0,25911879,180681
OK,44,75,879,44,2014-09-13T02:45:00,0,25912328,180681
OK,44,75,879,44,2014-09-13T02:50:00,0,25912777,180681
OK,44,75,879,44,2014-09-13T02:55:00,0,25913215,180681
OK,44,75,879,44,2014-09-13T03:00:00,0,25913661,180681
OK,44,75,879,44,2014-09-13T03:05:00,0,25914041,180681
OK,44,75,879,44,2014-09-13T03:10:00,0,25914489,180681
OK,51,64,879,51,2014-09-13T03:15:00,1,25914938,180681
OK,38,87,879,38,2014-09-13T03:20:00,1,25915386,180681
OK,41,80,879,41,2014-09-13T03:25:00,1,25915830,180681
OK,41,80,879,41,2014-09-13T03:30:00,0,25916279,180681
OK,41,80,879,41,2014-09-13T03:35:00,0,25916666,180681
OK,41,80,879,41,2014-09-13T03:40:00,0,25917111,180681
OK,59,56,879,59,2014-09-13T03:45:00,1,25917560,180681
OK,59,56,879,59,2014-09-13T03:50:00,1,25918002,180681
OK,59,56,879,59,2014-09-13T03:55:00,0,25918435,180681
OK,45,73,879,45,2014-09-13T04:00:00,1,25918874,180681
OK,45,73,879,45,2014-09-13T04:05:00,1,25919242,180681
OK,45,73,879,45,2014-09-13T04:10:00,0,25919691,180681
OK,57,58,879,57,2014-09-13T04:15:00,1,25920135,180681
OK,57,58,879,57,2014-09-13T04:20:00,0,25920584,180681
OK,41,80,879,41,2014-09-13T04:25:00,1,25921028,180681
OK,64,51,879,64,2014-09-13T04:35:00,4,25921476,180681
OK,61,54,879,61,2014-09-13T04:40:00,4,25921925,180681
OK,72,46,879,72,2014-09-13T04:45:00,5,25922373,180681
OK,72,46,879,72,2014-09-13T04:50:00,5,25922805,180681
OK,68,48,879,68,2014-09-13T04:55:00,3,25923245,180681
OK,68,48,879,68,2014-09-13T05:00:00,1,25923665,180681
OK,68,48,879,68,2014-09-13T05:05:00,0,25924112,180681
OK,44,75,879,44,2014-09-13T05:10:00,1,25924559,180681
OK,44,75,879,44,2014-09-13T05:15:00,4,25925008,180681
OK,43,77,879,43,2014-09-13T05:25:00,4,25925457,180681
OK,46,72,879,46,2014-09-13T05:30:00,5,25925904,180681
OK,60,55,879,60,2014-09-13T05:35:00,4,25926633,180681
OK,47,70,879,47,2014-09-13T05:40:00,3,25927079,180681
OK,77,43,879,77,2014-09-13T05:45:00,1,25927520,180681
OK,43,77,879,43,2014-09-13T05:50:00,4,25927968,180681
OK,41,80,879,41,2014-09-13T05:55:00,7,25928415,180681
OK,39,84,879,39,2014-09-13T06:00:00,3,25928862,180681
OK,64,51,879,64,2014-09-13T06:05:00,2,25929301,180681
OK,64,51,879,64,2014-09-13T06:10:00,2,25929657,180681
OK,42,78,879,42,2014-09-13T06:15:00,2,25930103,180681
OK,43,77,879,43,2014-09-13T06:20:00,4,25930529,180681
OK,45,73,879,45,2014-09-13T06:25:00,5,25930975,180681
OK,47,70,879,47,2014-09-13T06:30:00,7,25931403,180681
OK,45,73,879,45,2014-09-13T06:35:00,6,25931779,180681
OK,44,75,879,44,2014-09-13T06:40:00,3,25932225,180681
OK,46,72,879,46,2014-09-13T06:45:00,6,25932674,180681
OK,53,62,879,53,2014-09-13T06:50:00,6,25933111,180681
OK,57,58,879,57,2014-09-13T06:55:00,13,25933556,180681
OK,57,58,879,57,2014-09-13T07:00:00,13,25934004,180681
OK,59,56,879,59,2014-09-13T07:05:00,4,25934371,180681
OK,44,75,879,44,2014-09-13T07:10:00,3,25934816,180681
OK,49,67,879,49,2014-09-13T07:15:00,6,25935265,180681
OK,48,69,879,48,2014-09-13T07:20:00,7,25935714,180681
OK,75,44,879,75,2014-09-13T07:25:00,10,25936163,180681
OK,75,44,879,75,2014-09-13T07:30:00,12,25936548,180681
OK,47,70,879,47,2014-09-13T07:35:00,10,25936989,180681
OK,60,55,879,60,2014-09-13T07:40:00,7,25937438,180681
OK,60,55,879,60,2014-09-13T07:45:00,12,25937884,180681
OK,56,59,879,56,2014-09-13T07:50:00,12,25938332,180681
OK,53,62,879,53,2014-09-13T07:55:00,9,25938781,180681
OK,53,62,879,53,2014-09-13T08:00:00,7,25939229,180681
OK,51,64,879,51,2014-09-13T08:05:00,10,25939589,180681
OK,56,59,879,56,2014-09-13T08:10:00,8,25940021,180681
OK,49,67,879,49,2014-09-13T08:15:00,10,25940469,180681
OK,48,69,879,48,2014-09-13T08:20:00,13,25940918,180681
OK,47,70,879,47,2014-09-13T08:25:00,16,25941367,180681
OK,57,58,879,57,2014-09-13T08:30:00,14,25941815,180681
OK,75,44,879,75,2014-09-13T08:35:00,10,25942193,180681
OK,74,44,879,74,2014-09-13T08:40:00,13,25942606,180681
OK,75,44,879,75,2014-09-13T08:45:00,14,25943049,180681
OK,82,40,879,82,2014-09-13T08:50:00,11,25943491,180681
OK,88,37,879,88,2014-09-13T08:55:00,11,25943940,180681
OK,62,53,879,62,2014-09-13T09:00:00,8,25944345,180681
OK,47,70,879,47,2014-09-13T09:05:00,8,25944743,180681
OK,52,63,879,52,2014-09-13T09:10:00,16,25945192,180681
OK,54,61,879,54,2014-09-13T09:15:00,19,25945639,180681
OK,53,62,879,53,2014-09-13T09:20:00,15,25946083,180681
OK,54,61,879,54,2014-09-13T09:25:00,13,25946523,180681
OK,61,54,879,61,2014-09-13T09:30:00,13,25946915,180681
OK,64,51,879,64,2014-09-13T09:35:00,14,25947364,180681
OK,68,48,879,68,2014-09-13T09:40:00,20,25947721,180681
OK,74,44,879,74,2014-09-13T09:45:00,19,25948169,180681
OK,62,53,879,62,2014-09-13T09:50:00,20,25948618,180681
OK,65,50,879,65,2014-09-13T09:55:00,17,25949060,180681
OK,62,53,879,62,2014-09-13T10:00:00,11,25949443,180681
OK,91,36,879,91,2014-09-13T10:05:00,11,25949891,180681
OK,91,36,879,91,2014-09-13T10:10:00,15,25950322,180681
OK,72,46,879,72,2014-09-13T10:15:00,15,25950765,180681
OK,73,45,879,73,2014-09-13T10:20:00,18,25951213,180681
OK,78,42,879,78,2014-09-13T10:25:00,17,25951590,180681
OK,59,56,879,59,2014-09-13T10:30:00,14,25952036,180681
OK,55,60,879,55,2014-09-13T10:35:00,18,25952483,180681
OK,68,48,879,68,2014-09-13T10:40:00,18,25952909,180681
OK,64,51,879,64,2014-09-13T10:45:00,21,25953358,180681
OK,54,61,879,54,2014-09-13T10:50:00,14,25953806,180681
OK,65,50,879,65,2014-09-13T10:55:00,11,25954252,180681
OK,60,55,879,60,2014-09-13T11:00:00,12,25954701,180681
OK,61,54,879,61,2014-09-13T11:05:00,11,25955144,180681
OK,56,59,879,56,2014-09-13T11:10:00,7,25955579,180681
OK,54,61,879,54,2014-09-13T11:15:00,5,25956023,180681
OK,62,53,879,62,2014-09-13T11:20:00,6,25956401,180681
OK,58,57,879,58,2014-09-13T11:25:00,11,25956832,180681
OK,58,57,879,58,2014-09-13T11:30:00,10,25957281,180681
OK,52,63,879,52,2014-09-13T11:35:00,10,25957689,180681
OK,53,62,879,53,2014-09-13T11:40:00,11,25958138,180681
OK,54,61,879,54,2014-09-13T11:45:00,15,25958587,180681
OK,58,57,879,58,2014-09-13T11:50:00,11,25959024,180681
OK,69,48,879,69,2014-09-13T11:55:00,10,25959472,180681
OK,70,47,879,70,2014-09-13T12:00:00,14,25959895,180681
OK,62,53,879,62,2014-09-13T12:05:00,16,25960338,180681
OK,56,59,879,56,2014-09-13T12:10:00,12,25960787,180681
OK,53,62,879,53,2014-09-13T12:15:00,14,25961229,180681
OK,52,63,879,52,2014-09-13T12:20:00,14,25961607,180681
OK,51,64,879,51,2014-09-13T12:25:00,8,25962055,180681
OK,54,61,879,54,2014-09-13T12:30:00,5,25962495,180681
OK,58,57,879,58,2014-09-13T12:35:00,5,25962944,180681
OK,56,59,879,56,2014-09-13T12:40:00,14,25963381,180681
OK,55,60,879,55,2014-09-13T12:45:00,15,25963826,180681
OK,54,61,879,54,2014-09-13T12:50:00,5,25964272,180681
OK,62,53,879,62,2014-09-13T12:55:00,13,25964720,180681
OK,63,52,879,63,2014-09-13T13:00:00,16,25965158,180681
OK,63,52,879,63,2014-09-13T13:05:00,10,25965605,180681
OK,63,52,879,63,2014-09-13T13:10:00,6,25965975,180681
OK,76,43,879,76,2014-09-13T13:15:00,9,25966423,180681
OK,80,41,879,80,2014-09-13T13:20:00,7,25966804,180681
OK,80,41,879,80,2014-09-13T13:25:00,11,25967231,180681
OK,71,46,879,71,2014-09-13T13:30:00,18,25967680,180681
OK,71,46,879,71,2014-09-13T13:35:00,12,25968129,180681
OK,70,47,879,70,2014-09-13T13:40:00,9,25968571,180681
OK,51,64,879,51,2014-09-13T13:45:00,9,25969019,180681
OK,57,58,879,57,2014-09-13T13:50:00,11,25969441,180681
OK,69,48,879,69,2014-09-13T13:55:00,10,25969889,180681
OK,61,54,879,61,2014-09-13T14:00:00,9,25970333,180681
OK,57,58,879,57,2014-09-13T14:05:00,9,25970708,180681
OK,57,58,879,57,2014-09-13T14:10:00,7,25971154,180681
OK,58,57,879,58,2014-09-13T14:15:00,7,25971601,180681
OK,58,57,879,58,2014-09-13T14:20:00,6,25972032,180681
OK,73,45,879,73,2014-09-13T14:25:00,6,25972481,180681
OK,70,47,879,70,2014-09-13T14:30:00,5,25972910,180681
OK,55,60,879,55,2014-09-13T14:35:00,6,25973286,180681
OK,56,59,879,56,2014-09-13T14:40:00,7,25973733,180681
OK,51,64,879,51,2014-09-13T14:45:00,10,25974180,180681
OK,48,69,879,48,2014-09-13T14:50:00,13,25974620,180681
OK,58,57,879,58,2014-09-13T14:55:00,11,25975056,180681
OK,60,55,879,60,2014-09-13T15:00:00,12,25975469,180681
OK,56,59,879,56,2014-09-13T15:05:00,8,25975905,180681
OK,53,62,879,53,2014-09-13T15:10:00,8,25976354,180681
OK,56,59,879,56,2014-09-13T15:15:00,8,25976773,180681
OK,59,56,879,59,2014-09-13T15:20:00,9,25977222,180681
OK,52,63,879,52,2014-09-13T15:25:00,9,25977654,180681
OK,63,52,879,63,2014-09-13T15:30:00,10,25978101,180681
OK,52,63,879,52,2014-09-13T15:35:00,12,25978492,180681
OK,50,66,879,50,2014-09-13T15:40:00,8,25978940,180681
OK,48,69,879,48,2014-09-13T15:45:00,14,25979389,180681
OK,54,61,879,54,2014-09-13T15:50:00,17,25979808,180681
OK,47,70,879,47,2014-09-13T15:55:00,7,25980188,180681
OK,50,66,879,50,2014-09-13T16:00:00,13,25980632,180681
OK,52,63,879,52,2014-09-13T16:05:00,15,25981081,180681
OK,58,57,879,58,2014-09-13T16:10:00,15,25981474,180681
OK,59,56,879,59,2014-09-13T16:15:00,10,25981923,180681
OK,46,72,879,46,2014-09-13T16:20:00,5,25982371,180681
OK,45,73,879,45,2014-09-13T16:25:00,6,25982800,180681
OK,57,58,879,57,2014-09-13T16:35:00,5,25983248,180681
OK,55,60,879,55,2014-09-13T16:40:00,6,25984067,180681
OK,66,50,879,66,2014-09-13T16:45:00,8,25984510,180681
OK,66,50,879,66,2014-09-13T16:50:00,8,25984959,180681
OK,59,56,879,59,2014-09-13T16:55:00,8,25985373,180681
OK,59,56,879,59,2014-09-13T17:00:00,6,25985796,180681
OK,44,75,879,44,2014-09-13T17:05:00,4,25986245,180681
OK,46,72,879,46,2014-09-13T17:10:00,3,25986692,180681
OK,65,50,879,65,2014-09-13T17:15:00,3,25987134,180681
OK,47,70,879,47,2014-09-13T17:20:00,3,25987560,180681
OK,47,70,879,47,2014-09-13T17:25:00,8,25988007,180681
OK,49,67,879,49,2014-09-13T17:30:00,8,25988449,180681
OK,63,52,879,63,2014-09-13T17:35:00,5,25988891,180681
OK,57,58,879,57,2014-09-13T17:40:00,6,25989337,180681
OK,49,67,879,49,2014-09-13T17:45:00,8,25989725,180681
OK,57,58,879,57,2014-09-13T17:50:00,8,25990173,180681
OK,55,60,879,55,2014-09-13T17:55:00,5,25990622,180681
OK,36,92,879,36,2014-09-13T18:00:00,2,25991071,180681
OK,51,64,879,51,2014-09-13T18:05:00,6,25991517,180681
OK,58,57,879,58,2014-09-13T18:10:00,4,25991965,180681
OK,47,70,879,47,2014-09-13T18:15:00,4,25992361,180681
OK,49,67,879,49,2014-09-13T18:20:00,5,25992779,180681
OK,72,46,879,72,2014-09-13T18:25:00,3,25993228,180681
OK,66,50,879,66,2014-09-13T18:30:00,3,25993676,180681
OK,60,55,879,60,2014-09-13T18:35:00,3,25994125,180681
OK,46,72,879,46,2014-09-13T18:40:00,3,25994547,180681
OK,54,61,879,54,2014-09-13T18:45:00,5,25994976,180681
OK,61,54,879,61,2014-09-13T18:50:00,5,25995405,180681
OK,52,63,879,52,2014-09-13T18:55:00,5,25995854,180681
OK,76,43,879,76,2014-09-13T19:00:00,4,25996290,180681
OK,69,48,879,69,2014-09-13T19:05:00,4,25996739,180681
OK,51,64,879,51,2014-09-13T19:10:00,4,25997159,180681
OK,75,44,879,75,2014-09-13T19:15:00,5,25997584,180681
OK,58,57,879,58,2014-09-13T19:20:00,6,25998025,180681
OK,56,59,879,56,2014-09-13T19:25:00,8,25998465,180681
OK,54,61,879,54,2014-09-13T19:30:00,3,25998910,180681
OK,42,78,879,42,2014-09-13T19:35:00,5,25999359,180681
OK,60,55,879,60,2014-09-13T19:40:00,7,25999772,180681
OK,44,75,879,44,2014-09-13T20:05:00,3,26000220,180681
OK,68,48,879,68,2014-09-13T20:10:00,4,26000627,180681
OK,75,44,879,75,2014-09-13T20:15:00,5,26001074,180681
OK,58,57,879,58,2014-09-13T20:20:00,7,26001516,180681
OK,46,72,879,46,2014-09-13T20:25:00,8,26001963,180681
OK,44,75,879,44,2014-09-13T20:30:00,6,26002330,180681
OK,56,59,879,56,2014-09-13T20:35:00,2,26002779,180681
OK,52,63,879,52,2014-09-13T20:40:00,1,26003226,180681
OK,56,59,879,56,2014-09-13T20:45:00,3,26003675,180681
OK,76,43,879,76,2014-09-13T20:50:00,4,26004105,180681
OK,73,45,879,73,2014-09-13T20:55:00,6,26004554,180681
OK,47,70,879,47,2014-09-13T21:00:00,3,26004996,180681
OK,73,45,879,73,2014-09-13T21:05:00,3,26005438,180681
OK,63,52,879,63,2014-09-13T21:10:00,5,26005843,180681
OK,50,66,879,50,2014-09-13T21:15:00,6,26006290,180681
OK,51,64,879,51,2014-09-13T21:20:00,5,26006737,180681
OK,56,59,879,56,2014-09-13T21:25:00,4,26007186,180681
OK,52,63,879,52,2014-09-13T21:30:00,8,26007624,180681
OK,48,69,879,48,2014-09-13T21:35:00,8,26008073,180681
OK,46,72,879,46,2014-09-13T21:40:00,1,26008478,180681
OK,46,72,879,46,2014-09-13T21:45:00,0,26008927,180681
OK,72,46,879,72,2014-09-13T21:50:00,1,26009350,180681
OK,87,38,879,87,2014-09-13T21:55:00,3,26009799,180681
OK,92,36,879,92,2014-09-13T22:00:00,0,26010248,180681
OK,98,33,879,98,2014-09-13T22:05:00,0,26010653,180681
OK,51,64,879,51,2014-09-13T22:10:00,2,26011028,180681
OK,47,70,879,47,2014-09-13T22:15:00,1,26011475,180681
OK,47,70,879,47,2014-09-13T22:20:00,0,26011895,180681
OK,60,55,879,60,2014-09-13T22:25:00,2,26012303,180681
OK,49,67,879,49,2014-09-13T22:30:00,5,26012752,180681
OK,59,56,879,59,2014-09-13T22:35:00,1,26013201,180681
OK,59,56,879,59,2014-09-13T22:40:00,1,26013603,180681
OK,77,43,879,77,2014-09-13T22:45:00,1,26014050,180681
OK,77,43,879,77,2014-09-13T22:50:00,0,26014455,180681
OK,49,67,879,49,2014-09-13T22:55:00,2,26014904,180681
OK,59,56,879,59,2014-09-13T23:00:00,4,26015273,180681
OK,62,53,879,62,2014-09-13T23:10:00,2,26015626,180681
OK,41,80,879,41,2014-09-13T23:15:00,1,26016218,180681
OK,41,80,879,41,2014-09-13T23:20:00,0,26016667,180681
OK,66,50,879,66,2014-09-13T23:25:00,1,26017116,180681
OK,60,55,879,60,2014-09-13T23:30:00,2,26017565,180681
OK,79,41,879,79,2014-09-13T23:35:00,1,26018014,180681
OK,79,41,879,79,2014-09-13T23:40:00,0,26018429,180681
OK,79,41,879,79,2014-09-13T23:45:00,0,26018878,180681
OK,79,41,879,79,2014-09-13T23:50:00,0,26019291,180681
OK,79,41,879,79,2014-09-13T23:55:00,0,26019740,180681
OK,79,41,879,79,2014-09-14T00:00:00,0,26020161,180681
OK,42,78,879,42,2014-09-14T00:05:00,2,26020603,180681
OK,47,70,879,47,2014-09-14T00:10:00,1,26021048,180681
OK,47,70,879,47,2014-09-14T00:15:00,0,26021491,180681
OK,54,61,879,54,2014-09-14T00:20:00,1,26021940,180681
OK,75,44,879,75,2014-09-14T00:25:00,3,26022365,180681
OK,77,43,879,77,2014-09-14T00:30:00,0,26022762,180681
OK,38,87,879,38,2014-09-14T00:35:00,2,26023211,180681
OK,38,87,879,38,2014-09-14T00:40:00,2,26023660,180681
OK,38,87,879,38,2014-09-14T00:45:00,0,26024108,180681
OK,47,70,879,47,2014-09-14T00:50:00,1,26024549,180681
OK,43,77,879,43,2014-09-14T00:55:00,1,26024996,180681
OK,48,69,879,48,2014-09-14T01:00:00,4,26025429,180681
OK,46,72,879,46,2014-09-14T01:05:00,5,26025878,180681
OK,50,66,879,50,2014-09-14T01:10:00,2,26026327,180681
OK,50,66,879,50,2014-09-14T01:15:00,0,26026774,180681
OK,46,72,879,46,2014-09-14T01:20:00,1,26027218,180681
OK,46,72,879,46,2014-09-14T01:25:00,0,26027615,180681
OK,46,72,879,46,2014-09-14T01:30:00,0,26028064,180681
OK,46,72,879,46,2014-09-14T01:35:00,0,26028501,180681
OK,58,57,879,58,2014-09-14T01:40:00,3,26028950,180681
OK,43,77,879,43,2014-09-14T01:50:00,1,26029399,180681
OK,43,77,879,43,2014-09-14T01:55:00,0,26029814,180681
OK,43,77,879,43,2014-09-14T02:00:00,0,26030242,180681
OK,58,57,879,58,2014-09-14T02:05:00,1,26030691,180681
OK,49,67,879,49,2014-09-14T02:10:00,2,26031092,180681
OK,41,80,879,41,2014-09-14T02:15:00,0,26031541,180681
OK,41,80,879,41,2014-09-14T02:20:00,0,26031956,180681
OK,41,80,879,41,2014-09-14T02:25:00,0,26032384,180681
OK,53,62,879,53,2014-09-14T02:30:00,1,26032833,180681
OK,58,57,879,58,2014-09-14T02:35:00,1,26033252,180681
OK,58,57,879,58,2014-09-14T02:40:00,0,26033678,180681
OK,58,57,879,58,2014-09-14T02:45:00,0,26034127,180681
OK,58,57,879,58,2014-09-14T02:50:00,0,26034576,180681
OK,43,77,879,43,2014-09-14T02:55:00,0,26034963,180681
OK,43,77,879,43,2014-09-14T03:00:00,0,26035397,180681
OK,43,77,879,43,2014-09-14T03:05:00,0,26035838,180681
OK,43,77,879,43,2014-09-14T03:10:00,0,26036280,180681
OK,43,77,879,43,2014-09-14T03:15:00,0,26036729,180681
OK,43,77,879,43,2014-09-14T03:20:00,0,26037171,180681
OK,35,94,879,35,2014-09-14T03:25:00,0,26037560,180681
OK,35,94,879,35,2014-09-14T03:30:00,0,26037994,180681
OK,59,56,879,59,2014-09-14T03:35:00,1,26038435,180681
OK,59,56,879,59,2014-09-14T03:40:00,1,26038884,180681
OK,59,56,879,59,2014-09-14T03:45:00,0,26039333,180681
OK,52,63,879,52,2014-09-14T03:50:00,1,26039747,180681
OK,41,80,879,41,2014-09-14T03:55:00,2,26040092,180681
OK,29,114,879,29,2014-09-14T04:00:00,1,26040541,180681
OK,52,63,879,52,2014-09-14T04:05:00,0,26040990,180681
OK,39,84,879,39,2014-09-14T04:10:00,1,26041431,180681
OK,39,84,879,39,2014-09-14T04:15:00,0,26041880,180681
OK,49,67,879,49,2014-09-14T04:20:00,2,26042329,180681
OK,26,127,879,26,2014-09-14T04:25:00,0,26042708,180681
OK,47,70,879,47,2014-09-14T04:30:00,1,26043124,180681
OK,53,62,879,53,2014-09-14T04:35:00,3,26043573,180681
OK,53,62,879,53,2014-09-14T04:40:00,4,26044013,180681
OK,44,75,879,44,2014-09-14T04:45:00,5,26044436,180681
OK,43,77,879,43,2014-09-14T04:50:00,3,26044885,180681
OK,43,77,879,43,2014-09-14T04:55:00,0,26045261,180681
OK,43,77,879,43,2014-09-14T05:00:00,0,26045710,180681
OK,79,41,879,79,2014-09-14T05:05:00,1,26046159,180681
OK,61,54,879,61,2014-09-14T05:10:00,2,26046598,180681
OK,43,77,879,43,2014-09-14T05:15:00,1,26047023,180681
OK,43,77,879,43,2014-09-14T05:20:00,0,26047472,180681
OK,43,77,879,43,2014-09-14T05:25:00,0,26047857,180681
OK,48,69,879,48,2014-09-14T05:30:00,2,26048306,180681
OK,48,69,879,48,2014-09-14T05:35:00,6,26048755,180681
OK,57,58,879,57,2014-09-14T05:40:00,3,26049204,180681
OK,47,70,879,47,2014-09-14T05:45:00,2,26049653,180681
OK,52,63,879,52,2014-09-14T05:50:00,3,26050091,180681
OK,74,44,879,74,2014-09-14T05:55:00,1,26050483,180681
OK,66,50,879,66,2014-09-14T06:00:00,2,26050932,180681
OK,45,73,879,45,2014-09-14T06:05:00,1,26051347,180681
OK,47,70,879,47,2014-09-14T06:10:00,1,26051781,180681
OK,47,70,879,47,2014-09-14T06:15:00,3,26052230,180681
OK,48,69,879,48,2014-09-14T06:20:00,4,26052675,180681
OK,48,69,879,48,2014-09-14T06:25:00,5,26053122,180681
OK,47,70,879,47,2014-09-14T06:30:00,2,26053553,180681
OK,47,70,879,47,2014-09-14T06:35:00,3,26054001,180681
OK,49,67,879,49,2014-09-14T06:40:00,2,26054438,180681
OK,84,39,879,84,2014-09-14T06:45:00,1,26054858,180681
OK,50,66,879,50,2014-09-14T06:50:00,4,26055280,180681
OK,41,80,879,41,2014-09-14T06:55:00,2,26055710,180681
OK,37,89,879,37,2014-09-14T07:00:00,1,26056157,180681
OK,34,97,879,34,2014-09-14T07:05:00,2,26056566,180681
OK,54,61,879,54,2014-09-14T07:10:00,3,26057015,180681
OK,54,61,879,54,2014-09-14T07:15:00,3,26057464,180681
OK,78,42,879,78,2014-09-14T07:20:00,2,26057882,180681
OK,54,61,879,54,2014-09-14T07:25:00,5,26058329,180681
OK,54,61,879,54,2014-09-14T07:30:00,3,26058766,180681
OK,52,63,879,52,2014-09-14T07:35:00,2,26059212,180681
OK,51,64,879,51,2014-09-14T07:45:00,6,26059661,180681
OK,47,70,879,47,2014-09-14T07:50:00,10,26060410,180681
OK,47,70,879,47,2014-09-14T07:55:00,12,26060834,180681
OK,49,67,879,49,2014-09-14T08:00:00,13,26061283,180681
OK,49,67,879,49,2014-09-14T08:05:00,7,26061732,180681
OK,64,51,879,64,2014-09-14T08:10:00,7,26062180,180681
OK,48,69,879,48,2014-09-14T08:20:00,8,26062628,180681
OK,59,56,879,59,2014-09-14T08:25:00,11,26063371,180681
OK,68,48,879,68,2014-09-14T08:30:00,7,26063819,180681
OK,46,72,879,46,2014-09-14T08:35:00,7,26064224,180681
OK,69,48,879,69,2014-09-14T08:40:00,9,26064651,180681
OK,69,48,879,69,2014-09-14T08:45:00,13,26065095,180681
OK,55,60,879,55,2014-09-14T08:50:00,11,26065535,180681
OK,53,62,879,53,2014-09-14T08:55:00,6,26065982,180681
OK,44,75,879,44,2014-09-14T09:00:00,6,26066431,180681
OK,47,70,879,47,2014-09-14T09:05:00,10,26066874,180681
OK,49,67,879,49,2014-09-14T09:10:00,11,26067322,180681
OK,56,59,879,56,2014-09-14T09:15:00,9,26067752,180681
OK,64,51,879,64,2014-09-14T09:20:00,11,26068176,180681
OK,63,52,879,63,2014-09-14T09:25:00,12,26068615,180681
OK,52,63,879,52,2014-09-14T09:30:00,10,26069047,180681
OK,61,54,879,61,2014-09-14T09:35:00,13,26069487,180681
OK,61,54,879,61,2014-09-14T09:40:00,9,26069923,180681
OK,52,63,879,52,2014-09-14T09:45:00,10,26070370,180681
OK,54,61,879,54,2014-09-14T09:50:00,17,26070784,180681
OK,57,58,879,57,2014-09-14T09:55:00,12,26071233,180681
OK,51,64,879,51,2014-09-14T10:00:00,10,26071682,180681
OK,52,63,879,52,2014-09-14T10:05:00,10,26072130,180681
OK,53,62,879,53,2014-09-14T10:10:00,8,26072562,180681
OK,65,50,879,65,2014-09-14T10:15:00,8,26073009,180681
OK,60,55,879,60,2014-09-14T10:20:00,17,26073436,180681
OK,59,56,879,59,2014-09-14T10:25:00,16,26073875,180681
OK,62,53,879,62,2014-09-14T10:30:00,17,26074248,180681
OK,59,56,879,59,2014-09-14T10:35:00,15,26074694,180681
OK,53,62,879,53,2014-09-14T10:40:00,11,26075107,180681
OK,57,58,879,57,2014-09-14T10:45:00,16,26075550,180681
OK,59,56,879,59,2014-09-14T10:50:00,21,26075999,180681
OK,54,61,879,54,2014-09-14T10:55:00,21,26076448,180681
OK,63,52,879,63,2014-09-14T11:05:00,17,26076897,180681
OK,59,56,879,59,2014-09-14T11:10:00,7,26077323,180681
OK,53,62,879,53,2014-09-14T11:15:00,10,26077771,180681
OK,52,63,879,52,2014-09-14T11:20:00,14,26078216,180681
OK,53,62,879,53,2014-09-14T11:25:00,9,26078625,180681
OK,59,56,879,59,2014-09-14T11:30:00,10,26079044,180681
OK,59,56,879,59,2014-09-14T11:35:00,14,26079482,180681
OK,56,59,879,56,2014-09-14T11:40:00,10,26079921,180681
OK,59,56,879,59,2014-09-14T11:45:00,7,26080370,180681
OK,44,75,879,44,2014-09-14T11:50:00,6,26080813,180681
OK,65,50,879,65,2014-09-14T11:55:00,11,26081262,180681
OK,65,50,879,65,2014-09-14T12:00:00,9,26081691,180681
OK,58,57,879,58,2014-09-14T12:05:00,16,26082138,180681
OK,57,58,879,57,2014-09-14T12:10:00,16,26082572,180681
OK,59,56,879,59,2014-09-14T12:15:00,13,26083016,180681
OK,55,60,879,55,2014-09-14T12:20:00,14,26083465,180681
OK,62,53,879,62,2014-09-14T12:25:00,15,26083907,180681
OK,60,55,879,60,2014-09-14T12:30:00,15,26084355,180681
OK,58,57,879,58,2014-09-14T12:35:00,12,26084798,180681
OK,71,46,879,71,2014-09-14T12:40:00,4,26085217,180681
OK,59,56,879,59,2014-09-14T12:45:00,19,26085666,180681
OK,64,51,879,64,2014-09-14T12:50:00,11,26086115,180681
OK,64,51,879,64,2014-09-14T12:55:00,11,26086556,180681
OK,52,63,879,52,2014-09-14T13:00:00,11,26087004,180681
OK,52,63,879,52,2014-09-14T13:05:00,12,26087451,180681
OK,56,59,879,56,2014-09-14T13:10:00,16,26087859,180681
OK,55,60,879,55,2014-09-14T13:15:00,10,26088306,180681
OK,58,57,879,58,2014-09-14T13:20:00,9,26088755,180681
OK,55,60,879,55,2014-09-14T13:25:00,13,26089204,180681
OK,58,57,879,58,2014-09-14T13:30:00,10,26089620,180681
OK,76,43,879,76,2014-09-14T13:35:00,8,26089999,180681
OK,61,54,879,61,2014-09-14T13:40:00,11,26090447,180681
OK,48,69,879,48,2014-09-14T13:45:00,6,26090893,180681
OK,63,52,879,63,2014-09-14T13:50:00,7,26091300,180681
OK,65,50,879,65,2014-09-14T13:55:00,15,26091749,180681
OK,49,67,879,49,2014-09-14T14:00:00,19,26092188,180681
OK,55,60,879,55,2014-09-14T14:05:00,22,26092603,180681
OK,69,48,879,69,2014-09-14T14:10:00,16,26093052,180681
OK,67,49,879,67,2014-09-14T14:15:00,9,26093501,180681
OK,52,63,879,52,2014-09-14T14:20:00,11,26093708,180681
OK,58,57,879,58,2014-09-14T16:00:00,15,26094236,180681
OK,56,59,879,56,2014-09-14T16:05:00,8,26094685,180681
OK,51,64,879,51,2014-09-14T16:10:00,17,26095132,180681
OK,47,70,879,47,2014-09-14T16:20:00,9,26096011,180681
OK,61,54,879,61,2014-09-14T16:30:00,7,26096820,180681
OK,62,53,879,62,2014-09-14T16:35:00,8,26097267,180681
OK,59,56,879,59,2014-09-14T16:45:00,7,26098095,180681
OK,70,47,879,70,2014-09-14T16:50:00,8,26098849,180681
OK,76,43,879,76,2014-09-14T16:55:00,7,26099297,180681
OK,56,59,879,56,2014-09-14T17:05:00,6,26099739,180681
OK,65,50,879,65,2014-09-14T17:10:00,4,26100188,180681
OK,50,66,879,50,2014-09-14T17:15:00,8,26100625,180681
OK,61,54,879,61,2014-09-14T17:20:00,11,26101069,180681
OK,66,50,879,66,2014-09-14T17:25:00,13,26101516,180681
OK,45,73,879,45,2014-09-14T17:35:00,10,26102391,180681
OK,46,72,879,46,2014-09-14T17:40:00,5,26102839,180681
OK,43,77,879,43,2014-09-14T17:45:00,2,26103277,180681
OK,60,55,879,60,2014-09-14T17:50:00,4,26104055,180681
OK,44,75,879,44,2014-09-14T18:00:00,7,26104498,180681
OK,45,73,879,45,2014-09-14T18:05:00,9,26105357,180681
OK,61,54,879,61,2014-09-14T18:10:00,4,26105787,180681
OK,48,69,879,48,2014-09-14T18:15:00,5,26106170,180681
OK,43,77,879,43,2014-09-14T18:20:00,4,26106616,180681
OK,56,59,879,56,2014-09-14T18:25:00,4,26107065,180681
OK,45,73,879,45,2014-09-14T18:30:00,6,26107511,180681
OK,68,48,879,68,2014-09-14T18:40:00,6,26107958,180681
OK,47,70,879,47,2014-09-14T18:50:00,4,26108407,180681
OK,48,69,879,48,2014-09-14T18:55:00,2,26109258,180681
OK,60,55,879,60,2014-09-14T19:00:00,3,26109668,180681
OK,54,61,879,54,2014-09-14T19:05:00,4,26110114,180681
OK,41,80,879,41,2014-09-14T19:10:00,2,26110562,180681
OK,49,67,879,49,2014-09-14T19:15:00,2,26110999,180681
OK,49,67,879,49,2014-09-14T19:20:00,4,26111446,180681
OK,66,50,879,66,2014-09-14T19:25:00,2,26111893,180681
OK,51,64,879,51,2014-09-14T19:30:00,4,26112332,180681
OK,62,53,879,62,2014-09-14T19:40:00,6,26112780,180681
OK,60,55,879,60,2014-09-14T19:45:00,5,26113547,180681
OK,59,56,879,59,2014-09-14T19:55:00,6,26113995,180681
OK,71,46,879,71,2014-09-14T20:00:00,4,26114791,180681
OK,49,67,879,49,2014-09-14T20:05:00,1,26115235,180681
OK,45,73,879,45,2014-09-14T20:10:00,3,26115683,180681
OK,53,62,879,53,2014-09-14T20:15:00,4,26116063,180681
OK,65,50,879,65,2014-09-14T20:20:00,3,26116511,180681
OK,59,56,879,59,2014-09-14T20:25:00,6,26116944,180681
OK,52,63,879,52,2014-09-14T20:30:00,7,26117390,180681
OK,44,75,879,44,2014-09-14T20:35:00,3,26117812,180681
OK,37,89,879,37,2014-09-14T20:40:00,1,26118257,180681
OK,37,89,879,37,2014-09-14T20:45:00,0,26118703,180681
OK,44,75,879,44,2014-09-14T20:50:00,2,26119147,180681
OK,42,78,879,42,2014-09-14T20:55:00,1,26119594,180681
OK,42,78,879,42,2014-09-14T21:00:00,1,26120039,180681
OK,45,73,879,45,2014-09-14T21:05:00,1,26120487,180681
OK,57,58,879,57,2014-09-14T21:10:00,4,26120924,180681
OK,56,59,879,56,2014-09-14T21:15:00,4,26121373,180681
OK,56,59,879,56,2014-09-14T21:20:00,1,26121749,180681
OK,56,59,879,56,2014-09-14T21:25:00,3,26122197,180681
OK,58,57,879,58,2014-09-14T21:30:00,2,26122633,180681
OK,52,63,879,52,2014-09-14T21:35:00,1,26123077,180681
OK,52,63,879,52,2014-09-14T21:40:00,0,26123469,180681
OK,52,63,879,52,2014-09-14T21:45:00,0,26123917,180681
OK,63,52,879,63,2014-09-14T21:50:00,1,26124355,180681
OK,63,52,879,63,2014-09-14T21:55:00,3,26124801,180681
OK,113,29,879,113,2014-09-14T22:00:00,0,26125249,180681
OK,113,29,879,113,2014-09-14T22:10:00,0,26125696,180681
OK,113,29,879,113,2014-09-14T22:15:00,0,26126492,180681
OK,113,29,879,113,2014-09-14T22:20:00,0,26126931,180681
OK,113,29,879,113,2014-09-14T22:25:00,0,26127343,180681
OK,70,47,879,70,2014-09-14T22:30:00,1,26127790,180681
OK,70,47,879,70,2014-09-14T22:35:00,1,26128231,180681
OK,70,47,879,70,2014-09-14T22:40:00,0,26128674,180681
OK,70,47,879,70,2014-09-14T22:45:00,0,26129042,180681
OK,70,47,879,70,2014-09-14T22:50:00,0,26129491,180681
OK,70,47,879,70,2014-09-14T22:55:00,0,26129901,180681
OK,41,80,879,41,2014-09-14T23:00:00,2,26130348,180681
OK,50,66,879,50,2014-09-14T23:05:00,4,26130796,180681
OK,51,64,879,51,2014-09-14T23:10:00,0,26131244,180681
OK,63,52,879,63,2014-09-14T23:15:00,1,26131679,180681
OK,63,52,879,63,2014-09-14T23:20:00,1,26132074,180681
OK,63,52,879,63,2014-09-14T23:25:00,0,26132523,180681
OK,63,52,879,63,2014-09-14T23:30:00,0,26132972,180681
OK,63,52,879,63,2014-09-14T23:35:00,0,26133404,180681
OK,63,52,879,63,2014-09-14T23:45:00,0,26133853,180681
OK,63,52,879,63,2014-09-14T23:50:00,0,26134608,180681
OK,63,52,879,63,2014-09-14T23:55:00,0,26135010,180681
OK,63,52,879,63,2014-09-15T00:05:00,0,26135456,180681
OK,51,64,879,51,2014-09-15T00:20:00,1,26136355,180681
OK,51,64,879,51,2014-09-15T00:30:00,0,26136804,180681
OK,51,64,879,51,2014-09-15T00:35:00,0,26137249,180681
OK,51,64,879,51,2014-09-15T00:40:00,0,26138031,180681
OK,62,53,879,62,2014-09-15T00:50:00,1,26138480,180681
OK,62,53,879,62,2014-09-15T00:55:00,0,26139327,180681
OK,62,53,879,62,2014-09-15T01:00:00,0,26139773,180681
OK,49,67,879,49,2014-09-15T01:05:00,1,26140220,180681
OK,49,67,879,49,2014-09-15T01:15:00,0,26140666,180681
OK,49,67,879,49,2014-09-15T01:20:00,0,26141112,180681
OK,49,67,879,49,2014-09-15T01:25:00,0,26141559,180681
OK,49,67,879,49,2014-09-15T01:35:00,0,26142628,180681
OK,47,70,879,47,2014-09-15T01:45:00,0,26143076,180681
OK,47,70,879,47,2014-09-15T01:50:00,0,26143826,180681
OK,50,66,879,50,2014-09-15T02:00:00,4,26144274,180681
OK,50,66,879,50,2014-09-15T02:05:00,4,26145155,180681
OK,52,63,879,52,2014-09-15T02:15:00,1,26145603,180681
OK,58,57,879,58,2014-09-15T02:20:00,2,26146051,180681
OK,76,43,879,76,2014-09-15T02:25:00,2,26146920,180681
OK,74,44,879,74,2014-09-15T02:30:00,1,26147305,180681
OK,50,66,879,50,2014-09-15T02:40:00,1,26147748,180681
OK,50,66,879,50,2014-09-15T02:45:00,0,26148197,180681
OK,50,66,879,50,2014-09-15T02:50:00,0,26148645,180681
OK,67,49,879,67,2014-09-15T02:55:00,1,26149449,180681
OK,42,78,879,42,2014-09-15T03:05:00,3,26149894,180681
OK,60,55,879,60,2014-09-15T03:10:00,2,26150343,180681
OK,80,41,879,80,2014-09-15T03:15:00,0,26150791,180681
OK,80,41,879,80,2014-09-15T03:20:00,0,26151239,180681
OK,44,75,879,44,2014-09-15T03:30:00,2,26152040,180681
OK,44,75,879,44,2014-09-15T03:35:00,0,26152489,180681
OK,70,47,879,70,2014-09-15T03:40:00,2,26152936,180681
OK,85,38,879,85,2014-09-15T03:45:00,3,26153373,180681
OK,81,40,879,81,2014-09-15T03:50:00,2,26153822,180681
OK,55,60,879,55,2014-09-15T04:00:00,3,26154560,180681
OK,56,59,879,56,2014-09-15T04:05:00,6,26155009,180681
OK,45,73,879,45,2014-09-15T04:10:00,11,26155456,180681
OK,65,50,879,65,2014-09-15T04:15:00,11,26155905,180681
OK,68,48,879,68,2014-09-15T04:20:00,9,26156226,180681
OK,72,46,879,72,2014-09-15T04:25:00,9,26156674,180681
OK,54,61,879,54,2014-09-15T04:30:00,16,26157123,180681
OK,48,69,879,48,2014-09-15T04:40:00,22,26157936,180681
OK,49,67,879,49,2014-09-15T04:45:00,21,26158385,180681
OK,52,63,879,52,2014-09-15T04:50:00,18,26158807,180681
OK,80,41,879,80,2014-09-15T04:55:00,24,26159256,180681
OK,73,45,879,73,2014-09-15T05:05:00,35,26159987,180681
OK,58,57,879,58,2014-09-15T05:10:00,23,26160436,180681
OK,64,51,879,64,2014-09-15T05:15:00,34,26160885,180681
OK,79,41,879,79,2014-09-15T05:20:00,43,26161329,180681
OK,87,38,879,87,2014-09-15T05:30:00,33,26162121,180681
OK,97,34,879,97,2014-09-15T05:35:00,27,26162570,180681
OK,145,22,879,145,2014-09-15T05:40:00,34,26163018,180681
OK,166,19,879,166,2014-09-15T05:45:00,31,26163465,180681
OK,222,14,879,222,2014-09-15T05:55:00,50,26164155,180681
OK,191,17,879,191,2014-09-15T06:00:00,42,26164604,180681
OK,126,26,879,126,2014-09-15T06:05:00,35,26165052,180681
OK,99,33,879,99,2014-09-15T06:10:00,42,26165491,180681
OK,77,43,879,77,2014-09-15T06:15:00,49,26165940,180681
OK,78,42,879,78,2014-09-15T06:20:00,37,26166389,180681
OK,88,37,879,88,2014-09-15T06:30:00,36,26167083,180681
OK,75,44,879,75,2014-09-15T06:35:00,38,26167532,180681
OK,73,45,879,73,2014-09-15T06:40:00,40,26167973,180681
OK,62,53,879,62,2014-09-15T06:50:00,39,26168774,180681
OK,55,60,879,55,2014-09-15T06:55:00,22,26169223,180681
OK,48,69,879,48,2014-09-15T07:00:00,23,26169668,180681
OK,48,69,879,48,2014-09-15T07:05:00,17,26170117,180681
OK,60,55,879,60,2014-09-15T07:15:00,23,26170890,180681
OK,66,50,879,66,2014-09-15T07:20:00,27,26171339,180681
OK,62,53,879,62,2014-09-15T07:25:00,29,26171766,180681
OK,73,45,879,73,2014-09-15T07:40:00,25,26172543,180681
OK,62,53,879,62,2014-09-15T07:45:00,24,26172992,180681
OK,53,62,879,53,2014-09-15T07:50:00,13,26173432,180681
OK,52,63,879,52,2014-09-15T07:55:00,19,26173881,180681
OK,69,48,879,69,2014-09-15T08:00:00,23,26174300,180681
OK,65,50,879,65,2014-09-15T08:05:00,21,26174749,180681
OK,57,58,879,57,2014-09-15T08:15:00,22,26175533,180681
OK,88,37,879,88,2014-09-15T08:20:00,30,26175982,180681
OK,54,61,879,54,2014-09-15T08:25:00,29,26176430,180681
OK,51,64,879,51,2014-09-15T08:30:00,24,26176864,180681
OK,57,58,879,57,2014-09-15T08:35:00,29,26177310,180681
OK,60,55,879,60,2014-09-15T08:40:00,23,26177758,180681
OK,64,51,879,64,2014-09-15T08:45:00,23,26178197,180681
OK,53,62,879,53,2014-09-15T08:50:00,27,26178646,180681
OK,53,62,879,53,2014-09-15T08:55:00,26,26179081,180681
OK,53,62,879,53,2014-09-15T09:05:00,24,26179879,180681
OK,65,50,879,65,2014-09-15T09:10:00,30,26180328,180681
OK,55,60,879,55,2014-09-15T09:15:00,26,26180770,180681
OK,46,72,879,46,2014-09-15T09:20:00,22,26181217,180681
OK,62,53,879,62,2014-09-15T09:30:00,14,26181984,180681
OK,60,55,879,60,2014-09-15T09:35:00,12,26182433,180681
OK,69,48,879,69,2014-09-15T09:40:00,12,26182783,180681
OK,60,55,879,60,2014-09-15T09:45:00,20,26183232,180681
OK,58,57,879,58,2014-09-15T09:50:00,22,26183557,180681
OK,70,47,879,70,2014-09-15T09:55:00,16,26184006,180681
OK,68,48,879,68,2014-09-15T10:00:00,19,26184453,180681
OK,49,67,879,49,2014-09-15T10:10:00,19,26185234,180681
OK,76,43,879,76,2014-09-15T10:15:00,20,26185683,180681
OK,54,61,879,54,2014-09-15T10:20:00,22,26186131,180681
OK,69,48,879,69,2014-09-15T10:30:00,26,26186927,180681
OK,83,39,879,83,2014-09-15T10:35:00,29,26187376,180681
OK,75,44,879,75,2014-09-15T10:40:00,22,26187822,180681
OK,54,61,879,54,2014-09-15T10:45:00,23,26188270,180681
OK,65,50,879,65,2014-09-15T10:55:00,21,26189042,180681
OK,64,51,879,64,2014-09-15T11:00:00,16,26189491,180681
OK,83,39,879,83,2014-09-15T11:05:00,11,26189915,180681
OK,72,46,879,72,2014-09-15T11:10:00,13,26190364,180681
OK,67,49,879,67,2014-09-15T11:15:00,17,26190781,180681
OK,75,44,879,75,2014-09-15T11:20:00,23,26191230,180681
OK,80,41,879,80,2014-09-15T11:25:00,27,26191679,180681
OK,62,53,879,62,2014-09-15T11:30:00,34,26192109,180681
OK,58,57,879,58,2014-09-15T11:35:00,34,26192558,180681
OK,60,55,879,60,2014-09-15T11:40:00,35,26192990,180681
OK,60,55,879,60,2014-09-15T11:45:00,36,26193438,180681
OK,63,52,879,63,2014-09-15T11:55:00,27,26194205,180681
OK,64,51,879,64,2014-09-15T12:00:00,24,26194654,180681
OK,63,52,879,63,2014-09-15T12:05:00,22,26195096,180681
OK,60,55,879,60,2014-09-15T12:10:00,32,26195544,180681
OK,63,52,879,63,2014-09-15T12:15:00,31,26195973,180681
OK,70,47,879,70,2014-09-15T12:20:00,27,26196422,180681
OK,68,48,879,68,2014-09-15T12:25:00,21,26196860,180681
OK,66,50,879,66,2014-09-15T12:35:00,29,26197703,180681
OK,59,56,879,59,2014-09-15T12:40:00,21,26198152,180681
OK,64,51,879,64,2014-09-15T12:45:00,23,26198601,180681
OK,70,47,879,70,2014-09-15T12:50:00,37,26199001,180681
OK,86,38,879,86,2014-09-15T13:00:00,27,26199737,180681
OK,82,40,879,82,2014-09-15T13:05:00,17,26200186,180681
OK,77,43,879,77,2014-09-15T13:10:00,22,26200630,180681
OK,87,38,879,87,2014-09-15T13:15:00,33,26201079,180681
OK,79,41,879,79,2014-09-15T13:20:00,30,26201517,180681
OK,66,50,879,66,2014-09-15T13:25:00,27,26201964,180681
OK,65,50,879,65,2014-09-15T13:35:00,21,26202746,180681
OK,79,41,879,79,2014-09-15T13:45:00,25,26203557,180681
OK,72,46,879,72,2014-09-15T13:50:00,20,26204006,180681
OK,78,42,879,78,2014-09-15T13:55:00,20,26204455,180681
OK,60,55,879,60,2014-09-15T14:00:00,25,26204897,180681
OK,75,44,879,75,2014-09-15T14:10:00,33,26205656,180681
OK,85,38,879,85,2014-09-15T14:15:00,43,26206104,180681
OK,83,39,879,83,2014-09-15T14:20:00,27,26206521,180681
OK,67,49,879,67,2014-09-15T14:25:00,25,26206970,180681
OK,65,50,879,65,2014-09-15T14:35:00,13,26207725,180681
OK,64,51,879,64,2014-09-15T14:40:00,18,26208174,180681
OK,73,45,879,73,2014-09-15T14:45:00,21,26208617,180681
OK,64,51,879,64,2014-09-15T14:50:00,26,26209034,180681
OK,59,56,879,59,2014-09-15T14:55:00,20,26209483,180681
OK,91,36,879,91,2014-09-15T15:00:00,16,26209932,180681
OK,103,32,879,103,2014-09-15T15:05:00,13,26210381,180681
OK,68,48,879,68,2014-09-15T15:15:00,13,26211224,180681
OK,50,66,879,50,2014-09-15T15:20:00,13,26211673,180681
OK,57,58,879,57,2014-09-15T15:25:00,18,26212114,180681
OK,57,58,879,57,2014-09-15T15:30:00,17,26212557,180681
OK,52,63,879,52,2014-09-15T15:40:00,16,26213339,180681
OK,47,70,879,47,2014-09-15T15:45:00,11,26213788,180681
OK,77,43,879,77,2014-09-15T15:50:00,16,26214235,180681
OK,83,39,879,83,2014-09-15T15:55:00,19,26214683,180681
OK,59,56,879,59,2014-09-15T16:05:00,14,26215455,180681
OK,48,69,879,48,2014-09-15T16:10:00,17,26215904,180681
OK,47,70,879,47,2014-09-15T16:15:00,12,26216353,180681
OK,53,62,879,53,2014-09-15T16:20:00,9,26216794,180681
OK,45,73,879,45,2014-09-15T16:30:00,12,26217542,180681
OK,48,69,879,48,2014-09-15T16:35:00,13,26217991,180681
OK,51,64,879,51,2014-09-15T16:40:00,9,26218422,180681
OK,51,64,879,51,2014-09-15T16:45:00,7,26218871,180681
OK,62,53,879,62,2014-09-15T16:55:00,10,26219723,180681
OK,53,62,879,53,2014-09-15T17:00:00,8,26220172,180681
OK,51,64,879,51,2014-09-15T17:10:00,11,26220967,180681
OK,49,67,879,49,2014-09-15T17:15:00,10,26221416,180681
OK,53,62,879,53,2014-09-15T17:20:00,8,26221864,180681
OK,66,50,879,66,2014-09-15T17:25:00,13,26222309,180681
OK,47,70,879,47,2014-09-15T17:35:00,14,26223091,180681
OK,46,72,879,46,2014-09-15T17:40:00,11,26223540,180681
OK,53,62,879,53,2014-09-15T17:45:00,3,26223983,180681
OK,52,63,879,52,2014-09-15T17:50:00,9,26224428,180681
OK,58,57,879,58,2014-09-15T18:00:00,5,26225188,180681
OK,35,94,879,35,2014-09-15T18:05:00,4,26225636,180681
OK,46,72,879,46,2014-09-15T18:10:00,3,26226076,180681
OK,42,78,879,42,2014-09-15T18:15:00,4,26226823,180681
OK,59,56,879,59,2014-09-15T18:25:00,5,26227265,180681
OK,71,46,879,71,2014-09-15T18:30:00,6,26227713,180681
OK,66,50,879,66,2014-09-15T18:35:00,4,26228159,180681
OK,48,69,879,48,2014-09-15T18:45:00,8,26229031,180681
OK,47,70,879,47,2014-09-15T18:50:00,5,26229479,180681
OK,44,75,879,44,2014-09-15T18:55:00,7,26229927,180681
OK,45,73,879,45,2014-09-15T19:05:00,7,26230699,180681
OK,47,70,879,47,2014-09-15T19:10:00,6,26231147,180681
OK,54,61,879,54,2014-09-15T19:15:00,5,26231593,180681
OK,51,64,879,51,2014-09-15T19:30:00,11,26232398,180681
OK,51,64,879,51,2014-09-15T19:35:00,8,26232846,180681
OK,61,54,879,61,2014-09-15T19:40:00,6,26233295,180681
OK,46,72,879,46,2014-09-15T19:45:00,4,26234061,180681
OK,49,67,879,49,2014-09-15T19:55:00,3,26234504,180681
OK,93,35,879,93,2014-09-15T20:00:00,5,26235343,180681
OK,93,35,879,93,2014-09-15T20:05:00,5,26235791,180681
OK,68,48,879,68,2014-09-15T20:10:00,3,26236227,180681
OK,47,70,879,47,2014-09-15T20:15:00,5,26236673,180681
OK,43,77,879,43,2014-09-15T20:20:00,6,26237108,180681
OK,45,73,879,45,2014-09-15T20:25:00,2,26237554,180681
OK,40,82,879,40,2014-09-15T20:30:00,0,26237979,180681
OK,44,75,879,44,2014-09-15T20:35:00,1,26238426,180681
OK,42,78,879,42,2014-09-15T20:40:00,4,26238846,180681
OK,56,59,879,56,2014-09-15T20:45:00,4,26239289,180681
OK,44,75,879,44,2014-09-15T20:50:00,8,26239710,180681
OK,42,78,879,42,2014-09-15T20:55:00,5,26240157,180681
OK,44,75,879,44,2014-09-15T21:00:00,4,26240513,180681
OK,46,72,879,46,2014-09-15T21:05:00,3,26240962,180681
OK,88,37,879,88,2014-09-15T21:10:00,2,26241403,180681
OK,67,49,879,67,2014-09-15T21:15:00,4,26241843,180681
OK,67,49,879,67,2014-09-15T21:20:00,6,26242282,180681
OK,72,46,879,72,2014-09-15T21:25:00,4,26242666,180681
OK,173,19,879,173,2014-09-15T21:30:00,1,26243115,180681
OK,114,29,879,114,2014-09-15T21:35:00,2,26243559,180681
OK,55,60,879,55,2014-09-15T21:40:00,3,26244002,180681
OK,79,41,879,79,2014-09-15T21:45:00,3,26244450,180681
OK,49,67,879,49,2014-09-15T21:50:00,5,26244894,180681
OK,49,67,879,49,2014-09-15T21:55:00,5,26245343,180681
OK,91,36,879,91,2014-09-15T22:05:00,0,26245792,180681
OK,45,73,879,45,2014-09-15T22:15:00,2,26246635,180681
OK,49,67,879,49,2014-09-15T22:20:00,1,26247462,180681
OK,49,67,879,49,2014-09-15T22:25:00,0,26247906,180681
OK,83,39,879,83,2014-09-15T22:30:00,3,26248354,180681
OK,54,61,879,54,2014-09-15T22:35:00,2,26248803,180681
OK,54,61,879,54,2014-09-15T22:40:00,0,26249243,180681
OK,54,61,879,54,2014-09-15T22:45:00,0,26249601,180681
OK,44,75,879,44,2014-09-15T22:50:00,2,26250050,180681
OK,39,84,879,39,2014-09-15T23:00:00,0,26250499,180681
OK,60,55,879,60,2014-09-15T23:05:00,1,26251247,180681
OK,60,55,879,60,2014-09-15T23:10:00,0,26251667,180681
OK,42,78,879,42,2014-09-15T23:15:00,1,26252046,180681
OK,52,63,879,52,2014-09-15T23:20:00,1,26252495,180681
OK,48,69,879,48,2014-09-15T23:25:00,1,26252936,180681
OK,48,69,879,48,2014-09-15T23:35:00,0,26253385,180681
OK,78,42,879,78,2014-09-15T23:40:00,1,26253833,180681
OK,78,42,879,78,2014-09-15T23:45:00,1,26254277,180681
OK,78,42,879,78,2014-09-15T23:50:00,0,26254724,180681
OK,78,42,879,78,2014-09-15T23:55:00,0,26255151,180681
OK,78,42,879,78,2014-09-16T00:00:00,0,26255552,180681
OK,78,42,879,78,2014-09-16T00:05:00,0,26255842,180681
OK,78,42,879,78,2014-09-16T00:15:00,0,26256740,180681
OK,78,42,879,78,2014-09-16T00:20:00,0,26257189,180681
OK,78,42,879,78,2014-09-16T00:25:00,0,26257632,180681
OK,63,52,879,63,2014-09-16T00:35:00,0,26258078,180681
OK,63,52,879,63,2014-09-16T00:40:00,0,26258527,180681
OK,63,52,879,63,2014-09-16T00:45:00,0,26258976,180681
OK,63,52,879,63,2014-09-16T00:50:00,0,26259337,180681
OK,70,47,879,70,2014-09-16T01:00:00,1,26259784,180681
OK,49,67,879,49,2014-09-16T01:05:00,0,26260653,180681
OK,49,67,879,49,2014-09-16T01:10:00,0,26261075,180681
OK,83,39,879,83,2014-09-16T01:15:00,0,26261518,180681
OK,66,50,879,66,2014-09-16T01:20:00,1,26261960,180681
OK,66,50,879,66,2014-09-16T01:25:00,0,26262397,180681
OK,66,50,879,66,2014-09-16T01:30:00,0,26262839,180681
OK,66,50,879,66,2014-09-16T01:35:00,0,26263287,180681
OK,66,50,879,66,2014-09-16T01:45:00,0,26263736,180681
OK,66,50,879,66,2014-09-16T01:50:00,0,26264527,180681
OK,66,50,879,66,2014-09-16T01:55:00,0,26264968,180681
OK,69,48,879,69,2014-09-16T02:00:00,3,26265416,180681
OK,39,84,879,39,2014-09-16T02:05:00,1,26265850,180681
OK,39,84,879,39,2014-09-16T02:10:00,0,26266297,180681
OK,57,58,879,57,2014-09-16T02:15:00,1,26266662,180681
OK,53,62,879,53,2014-09-16T02:20:00,1,26267104,180681
OK,53,62,879,53,2014-09-16T02:25:00,0,26267549,180681
OK,68,48,879,68,2014-09-16T02:35:00,5,26267996,180681
OK,45,73,879,45,2014-09-16T02:40:00,4,26268707,180681
OK,34,97,879,34,2014-09-16T02:50:00,1,26269148,180681
OK,34,97,879,34,2014-09-16T03:00:00,0,26270017,180681
OK,38,87,879,38,2014-09-16T03:05:00,1,26270814,180681
OK,38,87,879,38,2014-09-16T03:10:00,1,26271259,180681
OK,38,87,879,38,2014-09-16T03:15:00,0,26271707,180681
OK,66,50,879,66,2014-09-16T03:20:00,1,26272154,180681
OK,42,78,879,42,2014-09-16T03:30:00,0,26272603,180681
OK,50,66,879,50,2014-09-16T03:35:00,2,26273051,180681
OK,51,64,879,51,2014-09-16T03:40:00,2,26273920,180681
OK,65,50,879,65,2014-09-16T03:45:00,3,26274307,180681
OK,63,52,879,63,2014-09-16T03:50:00,6,26274750,180681
OK,55,60,879,55,2014-09-16T04:00:00,5,26275199,180681
OK,62,53,879,62,2014-09-16T04:10:00,9,26276083,180681
OK,63,52,879,63,2014-09-16T04:15:00,11,26276867,180681
OK,56,59,879,56,2014-09-16T04:25:00,9,26277311,180681
OK,65,50,879,65,2014-09-16T04:30:00,15,26277757,180681
OK,59,56,879,59,2014-09-16T04:35:00,22,26278205,180681
OK,59,56,879,59,2014-09-16T04:40:00,17,26278973,180681
OK,74,44,879,74,2014-09-16T04:45:00,18,26279422,180681
OK,73,45,879,73,2014-09-16T04:50:00,28,26279860,180681
OK,68,48,879,68,2014-09-16T05:00:00,26,26280307,180681
OK,70,47,879,70,2014-09-16T05:05:00,31,26281178,180681
OK,73,45,879,73,2014-09-16T05:15:00,43,26281627,180681
OK,77,43,879,77,2014-09-16T05:20:00,43,26282432,180681
OK,81,40,879,81,2014-09-16T05:30:00,29,26282874,180681
OK,91,36,879,91,2014-09-16T05:35:00,20,26283700,180681
OK,93,35,879,93,2014-09-16T05:40:00,25,26284129,180681
OK,92,36,879,92,2014-09-16T05:45:00,38,26284571,180681
OK,93,35,879,93,2014-09-16T05:50:00,38,26285007,180681
OK,102,32,879,102,2014-09-16T05:55:00,33,26285449,180681
OK,101,32,879,101,2014-09-16T06:00:00,33,26285898,180681
OK,83,39,879,83,2014-09-16T06:05:00,28,26286267,180681
OK,82,40,879,82,2014-09-16T06:10:00,34,26286709,180681
OK,79,41,879,79,2014-09-16T06:15:00,31,26287158,180681
OK,77,43,879,77,2014-09-16T06:20:00,25,26287597,180681
OK,83,39,879,83,2014-09-16T06:25:00,28,26287993,180681
OK,89,37,879,89,2014-09-16T06:30:00,28,26288437,180681
OK,72,46,879,72,2014-09-16T06:35:00,37,26288886,180681
OK,78,42,879,78,2014-09-16T06:40:00,38,26289322,180681
OK,70,47,879,70,2014-09-16T06:50:00,31,26289767,180681
OK,61,54,879,61,2014-09-16T07:00:00,24,26290538,180681
OK,56,59,879,56,2014-09-16T07:10:00,13,26291418,180681
OK,59,56,879,59,2014-09-16T07:20:00,19,26292297,180681
OK,73,45,879,73,2014-09-16T07:30:00,34,26293167,180681
OK,60,55,879,60,2014-09-16T07:40:00,27,26293884,180681
OK,59,56,879,59,2014-09-16T07:45:00,28,26294771,180681
OK,61,54,879,61,2014-09-16T07:50:00,21,26295136,180681
OK,76,43,879,76,2014-09-16T08:00:00,15,26295575,180681
OK,61,54,879,61,2014-09-16T08:10:00,15,26296446,180681
OK,60,55,879,60,2014-09-16T08:15:00,22,26297230,180681
OK,66,50,879,66,2014-09-16T08:20:00,20,26297663,180681
OK,67,49,879,67,2014-09-16T08:25:00,16,26298112,180681
OK,60,55,879,60,2014-09-16T08:30:00,16,26298557,180681
OK,69,48,879,69,2014-09-16T08:35:00,24,26298949,180681
OK,69,48,879,69,2014-09-16T08:40:00,22,26299389,180681
OK,56,59,879,56,2014-09-16T08:45:00,17,26299838,180681
OK,53,62,879,53,2014-09-16T08:50:00,15,26300281,180681
OK,58,57,879,58,2014-09-16T08:55:00,19,26300720,180681
OK,55,60,879,55,2014-09-16T09:00:00,26,26301155,180681
OK,77,43,879,77,2014-09-16T09:05:00,30,26301592,180681
OK,69,48,879,69,2014-09-16T09:10:00,23,26301950,180681
OK,59,56,879,59,2014-09-16T09:20:00,25,26302388,180681
OK,79,41,879,79,2014-09-16T09:25:00,22,26302837,180681
OK,76,43,879,76,2014-09-16T09:30:00,17,26303286,180681
OK,67,49,879,67,2014-09-16T09:40:00,25,26304002,180681
OK,64,51,879,64,2014-09-16T09:45:00,31,26304885,180681
OK,64,51,879,64,2014-09-16T09:50:00,23,26305313,180681
OK,76,43,879,76,2014-09-16T09:55:00,22,26305684,180681
OK,66,50,879,66,2014-09-16T10:00:00,23,26306130,180681
OK,56,59,879,56,2014-09-16T10:10:00,11,26306579,180681
OK,69,48,879,69,2014-09-16T10:15:00,16,26307028,180681
OK,66,50,879,66,2014-09-16T10:20:00,23,26307679,180681
OK,71,46,879,71,2014-09-16T10:30:00,24,26308117,180681
OK,74,44,879,74,2014-09-16T10:35:00,21,26308984,180681
OK,75,44,879,75,2014-09-16T10:40:00,15,26309413,180681
OK,74,44,879,74,2014-09-16T10:45:00,19,26309861,180681
OK,72,46,879,72,2014-09-16T10:50:00,23,26310301,180681
OK,52,63,879,52,2014-09-16T10:55:00,14,26310662,180681
OK,73,45,879,73,2014-09-16T11:05:00,24,26311106,180681
OK,68,48,879,68,2014-09-16T11:20:00,20,26311991,180681
OK,60,55,879,60,2014-09-16T11:30:00,18,26312842,180681
OK,58,57,879,58,2014-09-16T11:35:00,16,26313559,180681
OK,67,49,879,67,2014-09-16T11:40:00,22,26314005,180681
OK,64,51,879,64,2014-09-16T11:45:00,35,26314454,180681
OK,73,45,879,73,2014-09-16T11:50:00,20,26314897,180681
OK,112,29,879,112,2014-09-16T11:55:00,17,26315227,180681
OK,73,45,879,73,2014-09-16T12:00:00,28,26315672,180681
OK,67,49,879,67,2014-09-16T12:05:00,34,26316121,180681
OK,75,44,879,75,2014-09-16T12:10:00,38,26316548,180681
OK,75,44,879,75,2014-09-16T12:15:00,32,26316995,180681
OK,72,46,879,72,2014-09-16T12:20:00,28,26317434,180681
OK,71,46,879,71,2014-09-16T12:25:00,28,26317883,180681
OK,71,46,879,71,2014-09-16T12:30:00,27,26318287,180681
OK,77,43,879,77,2014-09-16T12:35:00,30,26318732,180681
OK,78,42,879,78,2014-09-16T12:40:00,27,26319180,180681
OK,75,44,879,75,2014-09-16T12:45:00,23,26319628,180681
OK,60,55,879,60,2014-09-16T12:50:00,25,26320057,180681
OK,71,46,879,71,2014-09-16T12:55:00,26,26320503,180681
OK,62,53,879,62,2014-09-16T13:00:00,20,26320924,180681
OK,72,46,879,72,2014-09-16T13:05:00,24,26321371,180681
OK,90,36,879,90,2014-09-16T13:10:00,26,26321820,180681
OK,89,37,879,89,2014-09-16T13:15:00,26,26322184,180681
OK,78,42,879,78,2014-09-16T13:20:00,24,26322631,180681
OK,85,38,879,85,2014-09-16T13:25:00,27,26323072,180681
OK,94,35,879,94,2014-09-16T13:30:00,31,26323519,180681
OK,93,35,879,93,2014-09-16T13:35:00,33,26323945,180681
OK,93,35,879,93,2014-09-16T13:40:00,35,26324305,180681
OK,122,27,879,122,2014-09-16T13:50:00,24,26325182,180681
OK,140,23,879,140,2014-09-16T13:55:00,27,26325627,180681
OK,154,21,879,154,2014-09-16T14:00:00,29,26326071,180681
OK,102,32,879,102,2014-09-16T14:05:00,29,26326520,180681
OK,94,35,879,94,2014-09-16T14:10:00,20,26326954,180681
OK,86,38,879,86,2014-09-16T14:15:00,20,26327330,180681
OK,86,38,879,86,2014-09-16T14:20:00,25,26327776,180681
OK,99,33,879,99,2014-09-16T14:25:00,27,26328225,180681
OK,95,34,879,95,2014-09-16T14:30:00,31,26328669,180681
OK,85,38,879,85,2014-09-16T14:35:00,33,26329118,180681
OK,85,38,879,85,2014-09-16T14:40:00,39,26329535,180681
OK,88,37,879,88,2014-09-16T14:45:00,35,26329981,180681
OK,97,34,879,97,2014-09-16T14:50:00,22,26330407,180681
OK,86,38,879,86,2014-09-16T14:55:00,27,26330855,180681
OK,69,48,879,69,2014-09-16T15:00:00,21,26331284,180681
OK,68,48,879,68,2014-09-16T15:05:00,19,26331657,180681
OK,68,48,879,68,2014-09-16T15:10:00,13,26332104,180681
OK,80,41,879,80,2014-09-16T15:15:00,17,26332546,180681
OK,76,43,879,76,2014-09-16T15:20:00,25,26332977,180681
OK,71,46,879,71,2014-09-16T15:25:00,18,26333403,180681
OK,62,53,879,62,2014-09-16T15:30:00,15,26333849,180681
OK,59,56,879,59,2014-09-16T15:35:00,15,26334298,180681
OK,56,59,879,56,2014-09-16T15:40:00,14,26334725,180681
OK,48,69,879,48,2014-09-16T15:45:00,9,26335169,180681
OK,48,69,879,48,2014-09-16T15:50:00,13,26335613,180681
OK,61,54,879,61,2014-09-16T15:55:00,18,26336060,180681
OK,59,56,879,59,2014-09-16T16:00:00,20,26336466,180681
OK,52,63,879,52,2014-09-16T16:05:00,20,26336905,180681
OK,56,59,879,56,2014-09-16T16:10:00,14,26337320,180681
OK,74,44,879,74,2014-09-16T16:15:00,13,26337765,180681
OK,49,67,879,49,2014-09-16T16:20:00,12,26338193,180681
OK,50,66,879,50,2014-09-16T16:25:00,12,26338635,180681
OK,54,61,879,54,2014-09-16T16:30:00,7,26339076,180681
OK,54,61,879,54,2014-09-16T16:35:00,9,26339524,180681
OK,54,61,879,54,2014-09-16T16:40:00,13,26339970,180681
OK,66,50,879,66,2014-09-16T16:45:00,17,26340357,180681
OK,62,53,879,62,2014-09-16T16:50:00,16,26340804,180681
OK,57,58,879,57,2014-09-16T16:55:00,14,26341253,180681
OK,64,51,879,64,2014-09-16T17:00:00,10,26341685,180681
OK,53,62,879,53,2014-09-16T17:05:00,11,26342132,180681
OK,53,62,879,53,2014-09-16T17:10:00,10,26342573,180681
OK,71,46,879,71,2014-09-16T17:15:00,5,26343018,180681
OK,71,46,879,71,2014-09-16T17:20:00,7,26343448,180681
OK,50,66,879,50,2014-09-16T17:25:00,2,26343895,180681
OK,52,63,879,52,2014-09-16T17:30:00,3,26344340,180681
OK,69,48,879,69,2014-09-16T17:35:00,7,26344788,180681
OK,45,73,879,45,2014-09-16T17:40:00,7,26345232,180681
OK,58,57,879,58,2014-09-16T17:45:00,9,26345681,180681
OK,55,60,879,55,2014-09-16T17:50:00,5,26346113,180681
OK,59,56,879,59,2014-09-16T17:55:00,4,26346561,180681
OK,57,58,879,57,2014-09-16T18:00:00,2,26346996,180681
OK,72,46,879,72,2014-09-16T18:05:00,2,26347375,180681
OK,58,57,879,58,2014-09-16T18:10:00,6,26347819,180681
OK,74,44,879,74,2014-09-16T18:15:00,10,26348259,180681
OK,66,50,879,66,2014-09-16T18:20:00,10,26348697,180681
OK,56,59,879,56,2014-09-16T18:25:00,8,26349142,180681
OK,57,58,879,57,2014-09-16T18:30:00,10,26349578,180681
OK,72,46,879,72,2014-09-16T18:35:00,4,26350025,180681
OK,65,50,879,65,2014-09-16T18:40:00,5,26350453,180681
OK,65,50,879,65,2014-09-16T18:45:00,7,26350898,180681
OK,69,48,879,69,2014-09-16T18:50:00,12,26351246,180681
OK,62,53,879,62,2014-09-16T18:55:00,12,26351689,180681
OK,48,69,879,48,2014-09-16T19:00:00,8,26352132,180681
OK,57,58,879,57,2014-09-16T19:05:00,7,26352578,180681
OK,65,50,879,65,2014-09-16T19:10:00,6,26353011,180681
OK,51,64,879,51,2014-09-16T19:15:00,8,26353460,180681
OK,51,64,879,51,2014-09-16T19:20:00,10,26353889,180681
OK,60,55,879,60,2014-09-16T19:25:00,10,26354337,180681
OK,52,63,879,52,2014-09-16T19:30:00,4,26354770,180681
OK,62,53,879,62,2014-09-16T19:35:00,3,26355216,180681
OK,62,53,879,62,2014-09-16T19:45:00,2,26355665,180681
OK,63,52,879,63,2014-09-16T19:50:00,4,26356431,180681
OK,53,62,879,53,2014-09-16T19:55:00,3,26356871,180681
OK,53,62,879,53,2014-09-16T20:00:00,0,26357281,180681
OK,64,51,879,64,2014-09-16T20:05:00,4,26357729,180681
OK,51,64,879,51,2014-09-16T20:10:00,7,26358105,180681
OK,48,69,879,48,2014-09-16T20:15:00,6,26358554,180681
OK,56,59,879,56,2014-09-16T20:20:00,8,26358993,180681
OK,55,60,879,55,2014-09-16T20:25:00,4,26359442,180681
OK,49,67,879,49,2014-09-16T20:30:00,4,26359872,180681
OK,48,69,879,48,2014-09-16T20:35:00,6,26360320,180681
OK,49,67,879,49,2014-09-16T20:40:00,3,26360749,180681
OK,67,49,879,67,2014-09-16T20:45:00,2,26361195,180681
OK,54,61,879,54,2014-09-16T20:50:00,3,26361619,180681
OK,51,64,879,51,2014-09-16T20:55:00,4,26362066,180681
OK,39,84,879,39,2014-09-16T21:00:00,3,26362494,180681
OK,53,62,879,53,2014-09-16T21:05:00,1,26362943,180681
OK,55,60,879,55,2014-09-16T21:10:00,2,26363377,180681
OK,53,62,879,53,2014-09-16T21:15:00,3,26363733,180681
OK,34,97,879,34,2014-09-16T21:20:00,1,26364182,180681
OK,66,50,879,66,2014-09-16T21:30:00,2,26364631,180681
OK,60,55,879,60,2014-09-16T21:35:00,1,26364992,180681
OK,60,55,879,60,2014-09-16T21:45:00,3,26365441,180681
OK,60,55,879,60,2014-09-16T21:50:00,1,26366228,180681
OK,60,55,879,60,2014-09-16T21:55:00,0,26366676,180681
OK,60,55,879,60,2014-09-16T22:00:00,0,26367125,180681
OK,60,55,879,60,2014-09-16T22:05:00,0,26367485,180681
OK,53,62,879,53,2014-09-16T22:10:00,1,26367922,180681
OK,53,62,879,53,2014-09-16T22:15:00,0,26368371,180681
OK,53,62,879,53,2014-09-16T22:20:00,0,26368796,180681
OK,53,62,879,53,2014-09-16T22:25:00,0,26369088,180681
OK,53,62,879,53,2014-09-16T22:30:00,0,26369534,180681
OK,57,58,879,57,2014-09-16T22:35:00,2,26369961,180681
OK,61,54,879,61,2014-09-16T22:40:00,1,26370409,180681
OK,61,54,879,61,2014-09-16T22:45:00,0,26370858,180681
OK,68,48,879,68,2014-09-16T22:50:00,1,26371299,180681
OK,65,50,879,65,2014-09-16T22:55:00,2,26371747,180681
OK,65,50,879,65,2014-09-16T23:00:00,0,26372188,180681
OK,65,50,879,65,2014-09-16T23:05:00,0,26372631,180681
OK,42,78,879,42,2014-09-16T23:10:00,1,26373078,180681
OK,42,78,879,42,2014-09-16T23:15:00,1,26373525,180681
OK,45,73,879,45,2014-09-16T23:20:00,1,26373873,180681
OK,45,73,879,45,2014-09-16T23:25:00,0,26374322,180681
OK,37,89,879,37,2014-09-16T23:30:00,1,26374759,180681
OK,32,103,879,32,2014-09-16T23:35:00,1,26375190,180681
OK,32,103,879,32,2014-09-16T23:40:00,0,26375639,180681
OK,32,103,879,32,2014-09-16T23:45:00,0,26376083,180681
OK,44,75,879,44,2014-09-16T23:50:00,1,26376524,180681
OK,44,75,879,44,2014-09-16T23:55:00,0,26376973,180681
OK,44,75,879,44,2014-09-17T00:00:00,0,26377235,180681
OK,44,75,879,44,2014-09-17T00:15:00,0,26377820,180681
OK,44,75,879,44,2014-09-17T00:20:00,0,26378255,180681
OK,44,75,879,44,2014-09-17T00:25:00,0,26378895,180681
OK,44,75,879,44,2014-09-17T00:30:00,0,26379343,180681
OK,44,75,879,44,2014-09-17T00:35:00,0,26379785,180681
OK,76,43,879,76,2014-09-17T00:40:00,1,26380225,180681
OK,76,43,879,76,2014-09-17T00:45:00,0,26380609,180681
OK,76,43,879,76,2014-09-17T00:50:00,0,26381057,180681
OK,76,43,879,76,2014-09-17T00:55:00,0,26381506,180681
OK,76,43,879,76,2014-09-17T01:00:00,0,26381944,180681
OK,76,43,879,76,2014-09-17T01:05:00,0,26382393,180681
OK,76,43,879,76,2014-09-17T01:10:00,0,26382837,180681
OK,43,77,879,43,2014-09-17T01:15:00,0,26383283,180681
OK,47,70,879,47,2014-09-17T01:20:00,1,26383726,180681
OK,47,70,879,47,2014-09-17T01:25:00,1,26384132,180681
OK,44,75,879,44,2014-09-17T01:30:00,1,26384580,180681
OK,52,63,879,52,2014-09-17T01:35:00,2,26385000,180681
OK,52,63,879,52,2014-09-17T01:40:00,0,26385440,180681
OK,52,63,879,52,2014-09-17T01:45:00,0,26385811,180681
OK,52,63,879,52,2014-09-17T01:50:00,0,26386259,180681
OK,95,34,879,95,2014-09-17T01:55:00,2,26386708,180681
OK,92,36,879,92,2014-09-17T02:00:00,2,26387153,180681
OK,79,41,879,79,2014-09-17T02:05:00,0,26387602,180681
OK,76,43,879,76,2014-09-17T02:10:00,1,26388051,180681
OK,76,43,879,76,2014-09-17T02:15:00,0,26388491,180681
OK,76,43,879,76,2014-09-17T02:20:00,0,26388935,180681
OK,59,56,879,59,2014-09-17T02:25:00,1,26389306,180681
OK,59,56,879,59,2014-09-17T02:30:00,1,26389754,180681
OK,46,72,879,46,2014-09-17T02:35:00,2,26390203,180681
OK,53,62,879,53,2014-09-17T02:40:00,3,26390652,180681
OK,54,61,879,54,2014-09-17T02:45:00,2,26391100,180681
OK,72,46,879,72,2014-09-17T02:50:00,3,26391543,180681
OK,81,40,879,81,2014-09-17T02:55:00,1,26391992,180681
OK,81,40,879,81,2014-09-17T03:00:00,0,26392434,180681
OK,81,40,879,81,2014-09-17T03:05:00,0,26392880,180681
OK,53,62,879,53,2014-09-17T03:10:00,1,26393329,180681
OK,52,63,879,52,2014-09-17T03:20:00,2,26393778,180681
OK,36,92,879,36,2014-09-17T03:25:00,1,26394574,180681
OK,58,57,879,58,2014-09-17T03:35:00,3,26395022,180681
OK,66,50,879,66,2014-09-17T03:40:00,3,26395897,180681
OK,67,49,879,67,2014-09-17T03:45:00,5,26396270,180681
OK,50,66,879,50,2014-09-17T03:55:00,6,26396712,180681
OK,47,70,879,47,2014-09-17T04:05:00,6,26397588,180681
OK,49,67,879,49,2014-09-17T04:15:00,12,26398393,180681
OK,51,64,879,51,2014-09-17T04:20:00,9,26398842,180681
OK,54,61,879,54,2014-09-17T04:25:00,7,26399290,180681
OK,54,61,879,54,2014-09-17T04:30:00,7,26399738,180681
OK,52,63,879,52,2014-09-17T04:35:00,15,26400178,180681
OK,57,58,879,57,2014-09-17T04:40:00,24,26400626,180681
OK,58,57,879,58,2014-09-17T04:50:00,28,26401451,180681
OK,64,51,879,64,2014-09-17T04:55:00,26,26401900,180681
OK,76,43,879,76,2014-09-17T05:00:00,28,26402676,180681
OK,67,49,879,67,2014-09-17T05:10:00,25,26403119,180681
OK,69,48,879,69,2014-09-17T05:15:00,32,26403568,180681
OK,83,39,879,83,2014-09-17T05:20:00,32,26403999,180681
OK,84,39,879,84,2014-09-17T05:30:00,27,26404774,180681
OK,81,40,879,81,2014-09-17T05:35:00,32,26405223,180681
OK,81,40,879,81,2014-09-17T05:40:00,30,26405659,180681
OK,80,41,879,80,2014-09-17T05:50:00,33,26406541,180681
OK,80,41,879,80,2014-09-17T05:55:00,32,26406990,180681
OK,80,41,879,80,2014-09-17T06:00:00,30,26407437,180681
OK,70,47,879,70,2014-09-17T06:05:00,24,26408204,180681
OK,75,44,879,75,2014-09-17T06:15:00,28,26408617,180681
OK,81,40,879,81,2014-09-17T06:20:00,41,26409066,180681
OK,77,43,879,77,2014-09-17T06:30:00,37,26409947,180681
OK,88,37,879,88,2014-09-17T06:35:00,38,26410396,180681
OK,91,36,879,91,2014-09-17T06:40:00,27,26410815,180681
OK,67,49,879,67,2014-09-17T06:50:00,42,26411591,180681
OK,70,47,879,70,2014-09-17T06:55:00,23,26412040,180681
OK,69,48,879,69,2014-09-17T07:00:00,11,26412489,180681
OK,47,70,879,47,2014-09-17T07:05:00,11,26412930,180681
OK,63,52,879,63,2014-09-17T07:10:00,22,26413356,180681
OK,60,55,879,60,2014-09-17T07:15:00,27,26413804,180681
OK,56,59,879,56,2014-09-17T07:20:00,27,26414237,180681
OK,70,47,879,70,2014-09-17T07:30:00,19,26415000,180681
OK,69,48,879,69,2014-09-17T07:35:00,17,26415449,180681
OK,61,54,879,61,2014-09-17T07:40:00,17,26415898,180681
OK,69,48,879,69,2014-09-17T07:50:00,26,26416650,180681
OK,81,40,879,81,2014-09-17T07:55:00,28,26417099,180681
OK,60,55,879,60,2014-09-17T08:00:00,23,26417547,180681
OK,59,56,879,59,2014-09-17T08:05:00,21,26417984,180681
OK,51,64,879,51,2014-09-17T08:10:00,21,26418431,180681
OK,56,59,879,56,2014-09-17T08:15:00,19,26418880,180681
OK,68,48,879,68,2014-09-17T08:25:00,29,26419646,180681
OK,66,50,879,66,2014-09-17T08:30:00,13,26420095,180681
OK,62,53,879,62,2014-09-17T08:40:00,20,26420890,180681
OK,65,50,879,65,2014-09-17T08:45:00,16,26421339,180681
OK,62,53,879,62,2014-09-17T08:50:00,21,26421788,180681
OK,54,61,879,54,2014-09-17T08:55:00,26,26422220,180681
OK,56,59,879,56,2014-09-17T09:00:00,24,26422664,180681
OK,58,57,879,58,2014-09-17T09:05:00,24,26423101,180681
OK,65,50,879,65,2014-09-17T09:10:00,21,26423549,180681
OK,71,46,879,71,2014-09-17T09:15:00,23,26423989,180681
OK,69,48,879,69,2014-09-17T09:20:00,22,26424425,180681
OK,67,49,879,67,2014-09-17T09:25:00,21,26424874,180681
OK,54,61,879,54,2014-09-17T09:30:00,21,26425322,180681
OK,73,45,879,73,2014-09-17T11:15:00,16,26426006,180681
OK,60,55,879,60,2014-09-17T11:20:00,23,26426841,180681
OK,75,44,879,75,2014-09-17T11:30:00,17,26427280,180681
OK,63,52,879,63,2014-09-17T11:35:00,24,26428172,180681
OK,55,60,879,55,2014-09-17T11:40:00,23,26428617,180681
OK,50,66,879,50,2014-09-17T11:45:00,21,26429063,180681
OK,60,55,879,60,2014-09-17T11:50:00,19,26429498,180681
OK,74,44,879,74,2014-09-17T12:00:00,30,26429946,180681
OK,80,41,879,80,2014-09-17T12:05:00,27,26430798,180681
OK,89,37,879,89,2014-09-17T12:10:00,16,26431229,180681
OK,58,57,879,58,2014-09-17T12:20:00,25,26431670,180681
OK,72,46,879,72,2014-09-17T12:25:00,22,26432507,180681
OK,78,42,879,78,2014-09-17T12:30:00,23,26432953,180681
OK,49,67,879,49,2014-09-17T12:40:00,7,26433401,180681
OK,64,51,879,64,2014-09-17T12:50:00,27,26434286,180681
OK,70,47,879,70,2014-09-17T13:00:00,26,26435179,180681
OK,52,63,879,52,2014-09-17T13:10:00,26,26435931,180681
OK,74,44,879,74,2014-09-17T13:20:00,19,26436798,180681
OK,73,45,879,73,2014-09-17T13:25:00,25,26437560,180681
OK,80,41,879,80,2014-09-17T13:30:00,37,26438000,180681
OK,81,40,879,81,2014-09-17T13:35:00,29,26438443,180681
OK,80,41,879,80,2014-09-17T13:40:00,10,26438886,180681
OK,78,42,879,78,2014-09-17T13:50:00,30,26439331,180681
OK,86,38,879,86,2014-09-17T14:00:00,26,26440195,180681
OK,75,44,879,75,2014-09-17T14:10:00,27,26440962,180681
OK,90,36,879,90,2014-09-17T14:15:00,22,26441848,180681
OK,90,36,879,90,2014-09-17T14:20:00,32,26442276,180681
OK,69,48,879,69,2014-09-17T14:25:00,39,26442714,180681
OK,53,62,879,53,2014-09-17T14:30:00,27,26443160,180681
OK,84,39,879,84,2014-09-17T14:40:00,29,26443606,180681
OK,74,44,879,74,2014-09-17T14:50:00,27,26444490,180681
OK,72,46,879,72,2014-09-17T14:55:00,26,26444939,180681
OK,69,48,879,69,2014-09-17T15:00:00,15,26445697,180681
OK,66,50,879,66,2014-09-17T15:10:00,20,26446146,180681
OK,67,49,879,67,2014-09-17T15:15:00,15,26447012,180681
OK,67,49,879,67,2014-09-17T15:25:00,19,26447461,180681
OK,62,53,879,62,2014-09-17T15:30:00,20,26447910,180681
OK,56,59,879,56,2014-09-17T15:35:00,11,26448359,180681
OK,59,56,879,59,2014-09-17T15:40:00,11,26448802,180681
OK,61,54,879,61,2014-09-17T15:45:00,19,26449251,180681
OK,72,46,879,72,2014-09-17T15:50:00,17,26449692,180681
OK,72,46,879,72,2014-09-17T15:55:00,17,26450474,180681
OK,64,51,879,64,2014-09-17T16:05:00,16,26450916,180681
OK,63,52,879,63,2014-09-17T16:15:00,9,26451804,180681
OK,58,57,879,58,2014-09-17T16:20:00,12,26452252,180681
OK,77,43,879,77,2014-09-17T16:25:00,9,26452700,180681
OK,59,56,879,59,2014-09-17T16:30:00,6,26453148,180681
OK,69,48,879,69,2014-09-17T16:35:00,10,26454004,180681
OK,64,51,879,64,2014-09-17T16:40:00,18,26454447,180681
OK,56,59,879,56,2014-09-17T16:50:00,16,26454891,180681
OK,69,48,879,69,2014-09-17T17:00:00,11,26455764,180681
OK,64,51,879,64,2014-09-17T17:05:00,11,26456637,180681
OK,74,44,879,74,2014-09-17T17:10:00,16,26457085,180681
OK,59,56,879,59,2014-09-17T17:15:00,21,26457525,180681
OK,57,58,879,57,2014-09-17T17:20:00,13,26457971,180681
OK,46,72,879,46,2014-09-17T17:25:00,11,26458413,180681
OK,51,64,879,51,2014-09-17T17:30:00,8,26458860,180681
OK,54,61,879,54,2014-09-17T17:35:00,4,26459306,180681
OK,70,47,879,70,2014-09-17T17:40:00,8,26459745,180681
OK,59,56,879,59,2014-09-17T17:50:00,8,26460193,180681
OK,41,80,879,41,2014-09-17T18:00:00,7,26461077,180681
OK,40,82,879,40,2014-09-17T18:05:00,4,26461526,180681
OK,48,69,879,48,2014-09-17T18:10:00,4,26462405,180681
OK,67,49,879,67,2014-09-17T18:15:00,6,26462841,180681
OK,73,45,879,73,2014-09-17T18:20:00,7,26463289,180681
OK,41,80,879,41,2014-09-17T18:25:00,3,26463736,180681
OK,45,73,879,45,2014-09-17T18:30:00,6,26464184,180681
OK,59,56,879,59,2014-09-17T18:35:00,7,26464623,180681
OK,56,59,879,56,2014-09-17T18:40:00,6,26465066,180681
OK,54,61,879,54,2014-09-17T18:45:00,5,26465515,180681
OK,65,50,879,65,2014-09-17T18:50:00,5,26465863,180681
OK,57,58,879,57,2014-09-17T18:55:00,6,26466304,180681
OK,84,39,879,84,2014-09-17T19:05:00,1,26466753,180681
OK,76,43,879,76,2014-09-17T19:10:00,4,26467623,180681
OK,50,66,879,50,2014-09-17T19:15:00,6,26468066,180681
OK,69,48,879,69,2014-09-17T19:25:00,3,26468515,180681
OK,62,53,879,62,2014-09-17T19:30:00,4,26469357,180681
OK,55,60,879,55,2014-09-17T19:35:00,3,26469802,180681
OK,74,44,879,74,2014-09-17T19:40:00,6,26470251,180681
OK,73,45,879,73,2014-09-17T19:45:00,8,26470687,180681
OK,71,46,879,71,2014-09-17T19:50:00,5,26471060,180681
OK,60,55,879,60,2014-09-17T19:55:00,3,26471504,180681
OK,51,64,879,51,2014-09-17T20:00:00,7,26471930,180681
OK,50,66,879,50,2014-09-17T20:05:00,7,26472160,180681
OK,74,44,879,74,2014-09-17T21:35:00,1,26472790,180681
OK,74,44,879,74,2014-09-17T21:40:00,0,26473228,180681
OK,64,51,879,64,2014-09-17T21:45:00,1,26473676,180681
OK,47,70,879,47,2014-09-17T21:50:00,4,26474117,180681
OK,43,77,879,43,2014-09-17T21:55:00,4,26474559,180681
OK,42,78,879,42,2014-09-17T22:00:00,0,26475008,180681
OK,33,100,879,33,2014-09-17T22:05:00,1,26475452,180681
OK,33,100,879,33,2014-09-17T22:10:00,1,26475890,180681
OK,33,100,879,33,2014-09-17T22:15:00,0,26476333,180681
OK,33,100,879,33,2014-09-17T22:20:00,0,26476781,180681
OK,44,75,879,44,2014-09-17T22:25:00,3,26477174,180681
OK,53,62,879,53,2014-09-17T22:30:00,1,26477618,180681
OK,48,69,879,48,2014-09-17T22:35:00,2,26478035,180681
OK,48,69,879,48,2014-09-17T22:40:00,2,26478480,180681
OK,72,46,879,72,2014-09-17T22:45:00,1,26478928,180681
OK,74,44,879,74,2014-09-17T22:50:00,2,26479354,180681
OK,77,43,879,77,2014-09-17T22:55:00,1,26479780,180681
OK,65,50,879,65,2014-09-17T23:00:00,1,26480229,180681
OK,62,53,879,62,2014-09-17T23:05:00,4,26480678,180681
OK,37,89,879,37,2014-09-17T23:10:00,3,26481057,180681
OK,35,94,879,35,2014-09-17T23:15:00,2,26481497,180681
OK,38,87,879,38,2014-09-17T23:20:00,1,26481946,180681
OK,38,87,879,38,2014-09-17T23:25:00,0,26482301,180681
OK,38,87,879,38,2014-09-17T23:30:00,0,26482749,180681
OK,38,87,879,38,2014-09-17T23:35:00,0,26483153,180681
OK,38,87,879,38,2014-09-17T23:40:00,0,26483517,180681
OK,38,87,879,38,2014-09-17T23:45:00,0,26483966,180681
OK,38,87,879,38,2014-09-17T23:50:00,0,26484336,180681
OK,38,87,879,38,2014-09-17T23:55:00,0,26484785,180681
OK,38,87,879,38,2014-09-18T00:00:00,0,26485131,180681
OK,38,87,879,38,2014-09-18T00:10:00,0,26486026,180681
OK,38,87,879,38,2014-09-18T00:15:00,0,26486469,180681
OK,38,87,879,38,2014-09-18T00:20:00,0,26486912,180681
OK,38,87,879,38,2014-09-18T00:25:00,0,26487358,180681
OK,37,89,879,37,2014-09-18T00:30:00,1,26487695,180681
OK,46,72,879,46,2014-09-18T00:40:00,1,26488141,180681
OK,46,72,879,46,2014-09-18T00:45:00,1,26488988,180681
OK,46,72,879,46,2014-09-18T00:50:00,0,26489419,180681
OK,46,72,879,46,2014-09-18T00:55:00,0,26489867,180681
OK,46,72,879,46,2014-09-18T01:00:00,0,26490316,180681
OK,46,72,879,46,2014-09-18T01:05:00,0,26490763,180681
OK,34,97,879,34,2014-09-18T01:15:00,1,26491212,180681
OK,49,67,879,49,2014-09-18T01:20:00,2,26492048,180681
OK,49,67,879,49,2014-09-18T01:25:00,1,26492420,180681
OK,49,67,879,49,2014-09-18T01:30:00,1,26492866,180681
OK,40,82,879,40,2014-09-18T01:35:00,2,26493313,180681
OK,38,87,879,38,2014-09-18T01:40:00,1,26493762,180681
OK,38,87,879,38,2014-09-18T01:45:00,0,26494210,180681
OK,41,80,879,41,2014-09-18T01:50:00,1,26494654,180681
OK,41,80,879,41,2014-09-18T01:55:00,0,26495090,180681
OK,41,80,879,41,2014-09-18T02:00:00,0,26495537,180681
OK,41,80,879,41,2014-09-18T02:05:00,0,26495986,180681
OK,41,80,879,41,2014-09-18T02:10:00,0,26496426,180681
OK,76,43,879,76,2014-09-18T02:15:00,0,26496875,180681
OK,76,43,879,76,2014-09-18T02:20:00,0,26497210,180681
OK,76,43,879,76,2014-09-18T02:25:00,0,26497656,180681
OK,76,43,879,76,2014-09-18T02:30:00,0,26498096,180681
OK,71,46,879,71,2014-09-18T02:35:00,2,26498544,180681
OK,62,53,879,62,2014-09-18T02:40:00,2,26498992,180681
OK,55,60,879,55,2014-09-18T02:45:00,3,26499441,180681
OK,48,69,879,48,2014-09-18T02:50:00,2,26499880,180681
OK,55,60,879,55,2014-09-18T02:55:00,0,26500325,180681
OK,46,72,879,46,2014-09-18T03:00:00,1,26500771,180681
OK,46,72,879,46,2014-09-18T03:05:00,1,26501219,180681
OK,72,46,879,72,2014-09-18T03:10:00,1,26501662,180681
OK,72,46,879,72,2014-09-18T03:15:00,1,26502110,180681
OK,79,41,879,79,2014-09-18T03:20:00,4,26502461,180681
OK,79,41,879,79,2014-09-18T03:25:00,5,26502900,180681
OK,42,78,879,42,2014-09-18T03:30:00,3,26503337,180681
OK,51,64,879,51,2014-09-18T03:35:00,4,26503777,180681
OK,51,64,879,51,2014-09-18T03:40:00,4,26504218,180681
OK,58,57,879,58,2014-09-18T03:50:00,7,26504647,180681
OK,64,51,879,64,2014-09-18T03:55:00,3,26505522,180681
OK,70,47,879,70,2014-09-18T04:00:00,5,26505969,180681
OK,59,56,879,59,2014-09-18T04:10:00,7,26506414,180681
OK,59,56,879,59,2014-09-18T04:15:00,8,26506863,180681
OK,67,49,879,67,2014-09-18T04:20:00,9,26507615,180681
OK,80,41,879,80,2014-09-18T04:30:00,6,26508064,180681
OK,69,48,879,69,2014-09-18T04:35:00,12,26508925,180681
OK,66,50,879,66,2014-09-18T04:40:00,10,26509372,180681
OK,52,63,879,52,2014-09-18T04:45:00,17,26509821,180681
OK,67,49,879,67,2014-09-18T04:50:00,23,26510233,180681
OK,69,48,879,69,2014-09-18T05:00:00,27,26510666,180681
OK,69,48,879,69,2014-09-18T05:05:00,21,26511509,180681
OK,68,48,879,68,2014-09-18T05:10:00,23,26511928,180681
OK,75,44,879,75,2014-09-18T05:15:00,31,26512296,180681
OK,78,42,879,78,2014-09-18T05:20:00,36,26512742,180681
OK,79,41,879,79,2014-09-18T05:25:00,37,26513191,180681
OK,77,43,879,77,2014-09-18T05:30:00,40,26513606,180681
OK,92,36,879,92,2014-09-18T05:35:00,32,26514050,180681
OK,110,30,879,110,2014-09-18T05:40:00,30,26514473,180681
OK,85,38,879,85,2014-09-18T05:45:00,34,26514918,180681
OK,83,39,879,83,2014-09-18T05:50:00,42,26515331,180681
OK,86,38,879,86,2014-09-18T05:55:00,35,26515775,180681
OK,72,46,879,72,2014-09-18T06:00:00,30,26516214,180681
OK,69,48,879,69,2014-09-18T06:05:00,26,26516662,180681
OK,80,41,879,80,2014-09-18T06:10:00,27,26517023,180681
OK,81,40,879,81,2014-09-18T06:15:00,35,26517466,180681
OK,90,36,879,90,2014-09-18T06:20:00,52,26517894,180681
OK,92,36,879,92,2014-09-18T06:25:00,52,26518342,180681
OK,90,36,879,90,2014-09-18T06:30:00,46,26518764,180681
OK,78,42,879,78,2014-09-18T06:35:00,44,26519212,180681
OK,74,44,879,74,2014-09-18T06:40:00,29,26519631,180681
OK,89,37,879,89,2014-09-18T06:45:00,37,26520074,180681
OK,86,38,879,86,2014-09-18T06:50:00,31,26520513,180681
OK,65,50,879,65,2014-09-18T06:55:00,20,26520960,180681
OK,64,51,879,64,2014-09-18T07:00:00,22,26521372,180681
OK,67,49,879,67,2014-09-18T07:05:00,23,26521812,180681
OK,65,50,879,65,2014-09-18T07:10:00,20,26522251,180681
OK,60,55,879,60,2014-09-18T07:15:00,28,26522697,180681
OK,70,47,879,70,2014-09-18T07:20:00,25,26523105,180681
OK,65,50,879,65,2014-09-18T07:25:00,22,26523547,180681
OK,65,50,879,65,2014-09-18T07:30:00,13,26523996,180681
OK,64,51,879,64,2014-09-18T07:35:00,16,26524444,180681
OK,64,51,879,64,2014-09-18T07:40:00,18,26524869,180681
OK,70,47,879,70,2014-09-18T07:45:00,15,26525312,180681
OK,60,55,879,60,2014-09-18T07:50:00,24,26525717,180681
OK,62,53,879,62,2014-09-18T07:55:00,25,26526158,180681
OK,60,55,879,60,2014-09-18T08:00:00,26,26526586,180681
OK,63,52,879,63,2014-09-18T08:05:00,26,26527031,180681
OK,66,50,879,66,2014-09-18T08:10:00,29,26527351,180681
OK,68,48,879,68,2014-09-18T08:15:00,28,26527792,180681
OK,72,46,879,72,2014-09-18T08:20:00,31,26528223,180681
OK,67,49,879,67,2014-09-18T08:25:00,28,26528668,180681
OK,61,54,879,61,2014-09-18T08:30:00,17,26529094,180681
OK,71,46,879,71,2014-09-18T08:35:00,24,26529540,180681
OK,66,50,879,66,2014-09-18T08:40:00,36,26529957,180681
OK,68,48,879,68,2014-09-18T08:45:00,37,26530402,180681
OK,73,45,879,73,2014-09-18T08:50:00,28,26530834,180681
OK,71,46,879,71,2014-09-18T08:55:00,20,26531279,180681
OK,50,66,879,50,2014-09-18T09:00:00,27,26531685,180681
OK,55,60,879,55,2014-09-18T09:05:00,28,26532059,180681
OK,68,48,879,68,2014-09-18T09:10:00,23,26532505,180681
OK,67,49,879,67,2014-09-18T09:15:00,20,26532954,180681
OK,61,54,879,61,2014-09-18T09:20:00,21,26533375,180681
OK,53,62,879,53,2014-09-18T09:25:00,30,26533817,180681
OK,60,55,879,60,2014-09-18T09:30:00,35,26534235,180681
OK,63,52,879,63,2014-09-18T09:35:00,20,26534678,180681
OK,54,61,879,54,2014-09-18T09:40:00,24,26535104,180681
OK,61,54,879,61,2014-09-18T09:45:00,26,26535547,180681
OK,65,50,879,65,2014-09-18T09:50:00,19,26535979,180681
OK,62,53,879,62,2014-09-18T09:55:00,16,26536426,180681
OK,68,48,879,68,2014-09-18T10:00:00,21,26536768,180681
OK,70,47,879,70,2014-09-18T10:05:00,26,26537211,180681
OK,66,50,879,66,2014-09-18T10:10:00,21,26537632,180681
OK,55,60,879,55,2014-09-18T10:15:00,16,26538076,180681
OK,61,54,879,61,2014-09-18T10:20:00,12,26538510,180681
OK,53,62,879,53,2014-09-18T10:25:00,8,26538957,180681
OK,51,64,879,51,2014-09-18T10:30:00,15,26539365,180681
OK,55,60,879,55,2014-09-18T10:35:00,13,26539805,180681
OK,64,51,879,64,2014-09-18T10:40:00,17,26540218,180681
OK,67,49,879,67,2014-09-18T10:45:00,30,26540662,180681
OK,67,49,879,67,2014-09-18T10:50:00,30,26541089,180681
OK,63,52,879,63,2014-09-18T11:00:00,20,26541537,180681
OK,57,58,879,57,2014-09-18T11:05:00,15,26542345,180681
OK,72,46,879,72,2014-09-18T11:15:00,17,26542794,180681
OK,69,48,879,69,2014-09-18T11:20:00,24,26543624,180681
OK,64,51,879,64,2014-09-18T11:25:00,29,26544058,180681
OK,50,66,879,50,2014-09-18T11:30:00,23,26544482,180681
OK,72,46,879,72,2014-09-18T11:35:00,16,26544927,180681
OK,75,44,879,75,2014-09-18T11:40:00,24,26545330,180681
OK,75,44,879,75,2014-09-18T11:45:00,23,26545772,180681
OK,71,46,879,71,2014-09-18T11:50:00,24,26546210,180681
OK,68,48,879,68,2014-09-18T11:55:00,25,26546579,180681
OK,71,46,879,71,2014-09-18T12:00:00,23,26547027,180681
OK,71,46,879,71,2014-09-18T12:05:00,17,26547476,180681
OK,67,49,879,67,2014-09-18T12:10:00,23,26547882,180681
OK,67,49,879,67,2014-09-18T12:15:00,27,26548326,180681
OK,69,48,879,69,2014-09-18T12:20:00,22,26548758,180681
OK,69,48,879,69,2014-09-18T12:25:00,28,26549206,180681
OK,64,51,879,64,2014-09-18T12:30:00,29,26549619,180681
OK,66,50,879,66,2014-09-18T12:35:00,30,26550063,180681
OK,66,50,879,66,2014-09-18T12:40:00,28,26550492,180681
OK,62,53,879,62,2014-09-18T12:45:00,26,26550938,180681
OK,63,52,879,63,2014-09-18T12:50:00,15,26551282,180681
OK,68,48,879,68,2014-09-18T12:55:00,21,26551728,180681
OK,62,53,879,62,2014-09-18T13:00:00,24,26552149,180681
OK,68,48,879,68,2014-09-18T13:05:00,24,26552595,180681
OK,85,38,879,85,2014-09-18T13:10:00,24,26553010,180681
OK,83,39,879,83,2014-09-18T13:15:00,23,26553456,180681
OK,84,39,879,84,2014-09-18T13:20:00,30,26553878,180681
OK,99,33,879,99,2014-09-18T13:25:00,40,26554325,180681
OK,115,28,879,115,2014-09-18T13:30:00,28,26554756,180681
OK,113,29,879,113,2014-09-18T13:35:00,34,26555203,180681
OK,90,36,879,90,2014-09-18T13:40:00,37,26555628,180681
OK,86,38,879,86,2014-09-18T13:45:00,29,26555978,180681
OK,89,37,879,89,2014-09-18T13:55:00,21,26556876,180681
OK,81,40,879,81,2014-09-18T14:00:00,19,26557273,180681
OK,67,49,879,67,2014-09-18T14:05:00,17,26557722,180681
OK,66,50,879,66,2014-09-18T14:10:00,19,26558150,180681
OK,70,47,879,70,2014-09-18T14:15:00,23,26558599,180681
OK,70,47,879,70,2014-09-18T14:20:00,22,26559008,180681
OK,97,34,879,97,2014-09-18T14:25:00,22,26559456,180681
OK,94,35,879,94,2014-09-18T14:30:00,29,26559873,180681
OK,92,36,879,92,2014-09-18T14:35:00,40,26560322,180681
OK,88,37,879,88,2014-09-18T14:40:00,42,26560723,180681
OK,75,44,879,75,2014-09-18T14:45:00,39,26561127,180681
OK,73,45,879,73,2014-09-18T14:50:00,27,26561576,180681
OK,74,44,879,74,2014-09-18T14:55:00,21,26562022,180681
OK,77,43,879,77,2014-09-18T15:00:00,24,26562459,180681
OK,72,46,879,72,2014-09-18T15:05:00,23,26562908,180681
OK,66,50,879,66,2014-09-18T15:10:00,14,26563318,180681
OK,62,53,879,62,2014-09-18T15:15:00,13,26563767,180681
OK,78,42,879,78,2014-09-18T15:20:00,17,26564194,180681
OK,78,42,879,78,2014-09-18T15:25:00,15,26564642,180681
OK,60,55,879,60,2014-09-18T15:30:00,17,26565063,180681
OK,63,52,879,63,2014-09-18T15:35:00,21,26565510,180681
OK,85,38,879,85,2014-09-18T15:40:00,21,26565839,180681
OK,63,52,879,63,2014-09-18T15:45:00,18,26566286,180681
OK,61,54,879,61,2014-09-18T15:50:00,18,26566710,180681
OK,63,52,879,63,2014-09-18T15:55:00,19,26567158,180681
OK,65,50,879,65,2014-09-18T16:00:00,13,26567586,180681
OK,70,47,879,70,2014-09-18T16:05:00,15,26568034,180681
OK,52,63,879,52,2014-09-18T16:10:00,15,26568457,180681
OK,57,58,879,57,2014-09-18T16:15:00,17,26568904,180681
OK,60,55,879,60,2014-09-18T16:20:00,10,26569342,180681
OK,62,53,879,62,2014-09-18T16:25:00,15,26569790,180681
OK,62,53,879,62,2014-09-18T16:30:00,21,26570238,180681
OK,48,69,879,48,2014-09-18T16:35:00,13,26570599,180681
OK,58,57,879,58,2014-09-18T16:40:00,10,26571046,180681
OK,64,51,879,64,2014-09-18T16:45:00,19,26571495,180681
OK,64,51,879,64,2014-09-18T16:50:00,20,26571940,180681
OK,53,62,879,53,2014-09-18T16:55:00,26,26572387,180681
OK,50,66,879,50,2014-09-18T17:00:00,17,26572828,180681
OK,59,56,879,59,2014-09-18T17:05:00,15,26573275,180681
OK,54,61,879,54,2014-09-18T17:10:00,14,26573724,180681
OK,43,77,879,43,2014-09-18T17:15:00,10,26574171,180681
OK,47,70,879,47,2014-09-18T17:20:00,11,26574608,180681
OK,42,78,879,42,2014-09-18T17:30:00,5,26575055,180681
OK,48,69,879,48,2014-09-18T17:35:00,12,26575720,180681
OK,56,59,879,56,2014-09-18T17:40:00,11,26576147,180681
OK,55,60,879,55,2014-09-18T17:45:00,10,26576596,180681
OK,54,61,879,54,2014-09-18T17:50:00,9,26577027,180681
OK,74,44,879,74,2014-09-18T17:55:00,6,26577474,180681
OK,65,50,879,65,2014-09-18T18:00:00,4,26577913,180681
OK,53,62,879,53,2014-09-18T18:05:00,5,26578361,180681
OK,54,61,879,54,2014-09-18T18:10:00,4,26578801,180681
OK,64,51,879,64,2014-09-18T18:15:00,4,26579248,180681
OK,63,52,879,63,2014-09-18T18:20:00,11,26579697,180681
OK,52,63,879,52,2014-09-18T18:25:00,10,26580122,180681
OK,70,47,879,70,2014-09-18T18:30:00,5,26580466,180681
OK,50,66,879,50,2014-09-18T18:35:00,6,26580913,180681
OK,51,64,879,51,2014-09-18T18:40:00,9,26581315,180681
OK,47,70,879,47,2014-09-18T18:45:00,10,26581754,180681
OK,45,73,879,45,2014-09-18T18:50:00,12,26582202,180681
OK,44,75,879,44,2014-09-18T18:55:00,10,26582649,180681
OK,45,73,879,45,2014-09-18T19:00:00,5,26583079,180681
OK,55,60,879,55,2014-09-18T19:05:00,6,26583527,180681
OK,47,70,879,47,2014-09-18T19:10:00,9,26583964,180681
OK,59,56,879,59,2014-09-18T19:15:00,13,26584411,180681
OK,66,50,879,66,2014-09-18T19:20:00,14,26584859,180681
OK,58,57,879,58,2014-09-18T19:25:00,20,26585231,180681
OK,56,59,879,56,2014-09-18T19:30:00,17,26585677,180681
OK,51,64,879,51,2014-09-18T19:35:00,8,26586126,180681
OK,49,67,879,49,2014-09-18T19:40:00,4,26586553,180681
OK,59,56,879,59,2014-09-18T19:45:00,2,26586999,180681
OK,58,57,879,58,2014-09-18T19:50:00,5,26587445,180681
OK,45,73,879,45,2014-09-18T19:55:00,3,26587878,180681
OK,48,69,879,48,2014-09-18T20:00:00,3,26588303,180681
OK,49,67,879,49,2014-09-18T20:05:00,8,26588752,180681
OK,50,66,879,50,2014-09-18T20:10:00,5,26589192,180681
OK,62,53,879,62,2014-09-18T20:15:00,2,26589641,180681
OK,50,66,879,50,2014-09-18T20:20:00,2,26590075,180681
OK,53,62,879,53,2014-09-18T20:25:00,2,26590430,180681
OK,61,54,879,61,2014-09-18T20:30:00,6,26590879,180681
OK,79,41,879,79,2014-09-18T20:40:00,7,26591327,180681
OK,61,54,879,61,2014-09-18T20:45:00,1,26592092,180681
OK,77,43,879,77,2014-09-18T20:50:00,1,26592536,180681
OK,90,36,879,90,2014-09-18T20:55:00,1,26592984,180681
OK,90,36,879,90,2014-09-18T21:00:00,1,26593420,180681
OK,80,41,879,80,2014-09-18T21:05:00,1,26593869,180681
OK,88,37,879,88,2014-09-18T21:10:00,2,26594292,180681
OK,97,34,879,97,2014-09-18T21:15:00,1,26594739,180681
OK,56,59,879,56,2014-09-18T21:20:00,2,26595168,180681
OK,60,55,879,60,2014-09-18T21:25:00,3,26595616,180681
OK,96,34,879,96,2014-09-18T21:30:00,0,26596044,180681
OK,56,59,879,56,2014-09-18T21:35:00,0,26596492,180681
OK,37,89,879,37,2014-09-18T21:40:00,1,26596937,180681
OK,47,70,879,47,2014-09-18T21:45:00,4,26597382,180681
OK,43,77,879,43,2014-09-18T21:50:00,1,26597808,180681
OK,70,47,879,70,2014-09-18T21:55:00,2,26598257,180681
OK,70,47,879,70,2014-09-18T22:00:00,0,26598706,180681
OK,70,47,879,70,2014-09-18T22:05:00,0,26599136,180681
OK,70,47,879,70,2014-09-18T22:10:00,0,26599580,180681
OK,23,144,879,23,2014-09-18T22:15:00,1,26600029,180681
OK,23,144,879,23,2014-09-18T22:20:00,0,26600472,180681
OK,23,144,879,23,2014-09-18T22:25:00,0,26600860,180681
OK,53,62,879,53,2014-09-18T22:30:00,1,26601306,180681
OK,63,52,879,63,2014-09-18T22:35:00,2,26601717,180681
OK,74,44,879,74,2014-09-18T22:40:00,1,26602155,180681
OK,48,69,879,48,2014-09-18T22:45:00,1,26602603,180681
OK,48,69,879,48,2014-09-18T22:50:00,1,26603051,180681
OK,48,69,879,48,2014-09-18T22:55:00,0,26603477,180681
OK,48,69,879,48,2014-09-18T23:00:00,0,26603918,180681
OK,46,72,879,46,2014-09-18T23:10:00,1,26604367,180681
OK,48,69,879,48,2014-09-18T23:15:00,3,26605009,180681
OK,48,69,879,48,2014-09-18T23:20:00,3,26605389,180681
OK,69,48,879,69,2014-09-18T23:25:00,1,26605838,180681
OK,50,66,879,50,2014-09-18T23:30:00,1,26606282,180681
OK,52,63,879,52,2014-09-18T23:35:00,1,26606723,180681
OK,41,80,879,41,2014-09-18T23:40:00,1,26607172,180681
OK,41,80,879,41,2014-09-18T23:45:00,0,26607581,180681
OK,41,80,879,41,2014-09-18T23:50:00,0,26607994,180681
OK,41,80,879,41,2014-09-18T23:55:00,0,26608443,180681
OK,52,63,879,52,2014-09-19T00:00:00,1,26608892,180681
OK,52,63,879,52,2014-09-19T00:05:00,1,26609313,180681
OK,52,63,879,52,2014-09-19T00:10:00,0,26609758,180681
OK,52,63,879,52,2014-09-19T00:15:00,0,26610205,180681
OK,52,63,879,52,2014-09-19T00:20:00,0,26610653,180681
OK,52,63,879,52,2014-09-19T00:25:00,0,26611095,180681
OK,35,94,879,35,2014-09-19T00:35:00,0,26611539,180681
OK,35,94,879,35,2014-09-19T00:40:00,0,26612340,180681
OK,50,66,879,50,2014-09-19T00:45:00,1,26612787,180681
OK,56,59,879,56,2014-09-19T00:50:00,1,26613235,180681
OK,56,59,879,56,2014-09-19T00:55:00,1,26613664,180681
OK,48,69,879,48,2014-09-19T01:00:00,1,26614107,180681
OK,92,36,879,92,2014-09-19T01:05:00,1,26614551,180681
OK,63,52,879,63,2014-09-19T01:10:00,2,26615000,180681
OK,40,82,879,40,2014-09-19T01:15:00,1,26615448,180681
OK,57,58,879,57,2014-09-19T01:20:00,1,26615897,180681
OK,57,58,879,57,2014-09-19T01:25:00,0,26616331,180681
OK,50,66,879,50,2014-09-19T01:35:00,1,26616780,180681
OK,44,75,879,44,2014-09-19T01:40:00,2,26617544,180681
OK,39,84,879,39,2014-09-19T01:45:00,0,26617990,180681
OK,39,84,879,39,2014-09-19T01:50:00,0,26618434,180681
OK,51,64,879,51,2014-09-19T01:55:00,1,26618879,180681
OK,50,66,879,50,2014-09-19T02:00:00,3,26619328,180681
OK,48,69,879,48,2014-09-19T02:05:00,2,26619777,180681
OK,48,69,879,48,2014-09-19T02:10:00,0,26620218,180681
OK,48,69,879,48,2014-09-19T02:15:00,0,26620659,180681
OK,48,69,879,48,2014-09-19T02:25:00,0,26621108,180681
OK,48,69,879,48,2014-09-19T02:30:00,0,26621910,180681
OK,48,69,879,48,2014-09-19T02:35:00,0,26622356,180681
OK,56,59,879,56,2014-09-19T02:40:00,3,26622805,180681
OK,61,54,879,61,2014-09-19T02:45:00,1,26623251,180681
OK,39,84,879,39,2014-09-19T02:50:00,1,26623697,180681
OK,64,51,879,64,2014-09-19T02:55:00,1,26624140,180681
OK,64,51,879,64,2014-09-19T03:00:00,5,26624588,180681
OK,64,51,879,64,2014-09-19T03:05:00,3,26625037,180681
OK,57,58,879,57,2014-09-19T03:10:00,1,26625480,180681
OK,120,27,879,120,2014-09-19T03:15:00,2,26625926,180681
OK,112,29,879,112,2014-09-19T03:20:00,2,26626366,180681
OK,41,80,879,41,2014-09-19T03:25:00,0,26626706,180681
OK,88,37,879,88,2014-09-19T03:35:00,0,26627152,180681
OK,66,50,879,66,2014-09-19T03:40:00,5,26627972,180681
OK,75,44,879,75,2014-09-19T03:45:00,7,26628419,180681
OK,95,34,879,95,2014-09-19T03:50:00,8,26628864,180681
OK,75,44,879,75,2014-09-19T03:55:00,5,26629310,180681
OK,107,30,879,107,2014-09-19T04:00:00,10,26629758,180681
OK,109,30,879,109,2014-09-19T04:05:00,8,26630204,180681
OK,56,59,879,56,2014-09-19T04:10:00,7,26630652,180681
OK,52,63,879,52,2014-09-19T04:15:00,16,26631094,180681
OK,48,69,879,48,2014-09-19T04:20:00,15,26631535,180681
OK,50,66,879,50,2014-09-19T04:25:00,8,26631875,180681
OK,50,66,879,50,2014-09-19T04:30:00,13,26632318,180681
OK,64,51,879,64,2014-09-19T04:35:00,18,26632767,180681
OK,55,60,879,55,2014-09-19T04:40:00,23,26633211,180681
OK,54,61,879,54,2014-09-19T04:50:00,28,26633658,180681
OK,72,46,879,72,2014-09-19T04:55:00,38,26634527,180681
OK,77,43,879,77,2014-09-19T05:00:00,33,26634975,180681
OK,66,50,879,66,2014-09-19T05:05:00,19,26635422,180681
OK,66,50,879,66,2014-09-19T05:10:00,25,26635866,180681
OK,55,60,879,55,2014-09-19T05:20:00,33,26636299,180681
OK,54,61,879,54,2014-09-19T05:25:00,29,26637164,180681
OK,57,58,879,57,2014-09-19T05:30:00,21,26637607,180681
OK,83,39,879,83,2014-09-19T05:35:00,28,26638051,180681
OK,86,38,879,86,2014-09-19T05:40:00,38,26638484,180681
OK,92,36,879,92,2014-09-19T05:45:00,47,26638929,180681
OK,93,35,879,93,2014-09-19T05:50:00,45,26639343,180681
OK,69,48,879,69,2014-09-19T05:55:00,36,26639782,180681
OK,67,49,879,67,2014-09-19T06:00:00,30,26640208,180681
OK,57,58,879,57,2014-09-19T06:05:00,28,26640651,180681
OK,58,57,879,58,2014-09-19T06:10:00,32,26640990,180681
OK,61,54,879,61,2014-09-19T06:15:00,27,26641429,180681
OK,65,50,879,65,2014-09-19T06:20:00,28,26641865,180681
OK,66,50,879,66,2014-09-19T06:25:00,31,26642309,180681
OK,69,48,879,69,2014-09-19T06:30:00,26,26642741,180681
OK,69,48,879,69,2014-09-19T06:35:00,26,26643184,180681
OK,71,46,879,71,2014-09-19T06:40:00,21,26643616,180681
OK,55,60,879,55,2014-09-19T06:50:00,12,26644061,180681
OK,53,62,879,53,2014-09-19T06:55:00,18,26644927,180681
OK,56,59,879,56,2014-09-19T07:00:00,18,26645375,180681
OK,56,59,879,56,2014-09-19T07:05:00,18,26645824,180681
OK,54,61,879,54,2014-09-19T07:10:00,18,26646259,180681
OK,69,48,879,69,2014-09-19T07:15:00,14,26646696,180681
OK,71,46,879,71,2014-09-19T07:20:00,14,26647132,180681
OK,72,46,879,72,2014-09-19T07:25:00,17,26647577,180681
OK,50,66,879,50,2014-09-19T07:30:00,16,26648018,180681
OK,58,57,879,58,2014-09-19T07:35:00,26,26648463,180681
OK,53,62,879,53,2014-09-19T07:40:00,31,26648900,180681
OK,53,62,879,53,2014-09-19T07:45:00,31,26649338,180681
OK,56,59,879,56,2014-09-19T07:55:00,26,26649787,180681
OK,58,57,879,58,2014-09-19T08:00:00,24,26650644,180681
OK,66,50,879,66,2014-09-19T08:05:00,27,26651089,180681
OK,64,51,879,64,2014-09-19T08:10:00,23,26651528,180681
OK,53,62,879,53,2014-09-19T08:15:00,24,26651974,180681
OK,50,66,879,50,2014-09-19T08:20:00,21,26652410,180681
OK,56,59,879,56,2014-09-19T08:25:00,20,26652815,180681
OK,67,49,879,67,2014-09-19T08:30:00,23,26653226,180681
OK,60,55,879,60,2014-09-19T08:35:00,19,26653674,180681
OK,66,50,879,66,2014-09-19T08:40:00,19,26654076,180681
OK,62,53,879,62,2014-09-19T08:45:00,28,26654525,180681
OK,54,61,879,54,2014-09-19T08:55:00,20,26654974,180681
OK,53,62,879,53,2014-09-19T09:00:00,34,26655693,180681
OK,51,64,879,51,2014-09-19T09:05:00,35,26656133,180681
OK,60,55,879,60,2014-09-19T09:10:00,30,26656384,180681
OK,52,63,879,52,2014-09-19T09:20:00,26,26657027,180681
OK,53,62,879,53,2014-09-19T09:25:00,21,26657476,180681
OK,54,61,879,54,2014-09-19T09:30:00,18,26657910,180681
OK,50,66,879,50,2014-09-19T09:35:00,25,26658355,180681
OK,60,55,879,60,2014-09-19T09:40:00,24,26658776,180681
OK,58,57,879,58,2014-09-19T09:45:00,19,26659214,180681
OK,58,57,879,58,2014-09-19T09:50:00,25,26659643,180681
OK,73,45,879,73,2014-09-19T09:55:00,26,26660088,180681
OK,76,43,879,76,2014-09-19T10:00:00,17,26660512,180681
OK,53,62,879,53,2014-09-19T10:05:00,25,26660956,180681
OK,52,63,879,52,2014-09-19T10:10:00,31,26661268,180681
OK,62,53,879,62,2014-09-19T10:15:00,25,26661714,180681
OK,54,61,879,54,2014-09-19T10:20:00,27,26662148,180681
OK,55,60,879,55,2014-09-19T10:25:00,29,26662596,180681
OK,57,58,879,57,2014-09-19T10:30:00,19,26663038,180681
OK,68,48,879,68,2014-09-19T10:35:00,13,26663487,180681
OK,69,48,879,69,2014-09-19T10:40:00,22,26663908,180681
OK,69,48,879,69,2014-09-19T10:45:00,29,26664354,180681
OK,67,49,879,67,2014-09-19T10:50:00,14,26664785,180681
OK,59,56,879,59,2014-09-19T10:55:00,18,26665234,180681
OK,57,58,879,57,2014-09-19T11:00:00,29,26665644,180681
OK,50,66,879,50,2014-09-19T11:05:00,25,26666087,180681
OK,59,56,879,59,2014-09-19T11:10:00,20,26666409,180681
OK,55,60,879,55,2014-09-19T11:15:00,29,26666848,180681
OK,54,61,879,54,2014-09-19T11:20:00,24,26667281,180681
OK,65,50,879,65,2014-09-19T11:25:00,17,26667730,180681
OK,54,61,879,54,2014-09-19T11:30:00,17,26668169,180681
OK,57,58,879,57,2014-09-19T11:35:00,20,26668617,180681
OK,52,63,879,52,2014-09-19T11:40:00,18,26669051,180681
OK,57,58,879,57,2014-09-19T11:45:00,21,26669404,180681
OK,75,44,879,75,2014-09-19T11:50:00,19,26669850,180681
OK,69,48,879,69,2014-09-19T11:55:00,24,26670299,180681
OK,64,51,879,64,2014-09-19T12:00:00,22,26670736,180681
OK,67,49,879,67,2014-09-19T12:05:00,32,26671184,180681
OK,60,55,879,60,2014-09-19T12:10:00,30,26671620,180681
OK,64,51,879,64,2014-09-19T12:15:00,20,26672068,180681
OK,81,40,879,81,2014-09-19T12:20:00,22,26672501,180681
OK,83,39,879,83,2014-09-19T12:25:00,25,26672866,180681
OK,81,40,879,81,2014-09-19T12:30:00,28,26673313,180681
OK,80,41,879,80,2014-09-19T12:35:00,32,26673762,180681
OK,64,51,879,64,2014-09-19T12:40:00,41,26674191,180681
OK,56,59,879,56,2014-09-19T12:45:00,37,26674638,180681
OK,62,53,879,62,2014-09-19T12:50:00,31,26675061,180681
OK,78,42,879,78,2014-09-19T12:55:00,23,26675508,180681
OK,78,42,879,78,2014-09-19T13:00:00,25,26675944,180681
OK,75,44,879,75,2014-09-19T13:05:00,24,26676393,180681
OK,79,41,879,79,2014-09-19T13:10:00,22,26676835,180681
OK,89,37,879,89,2014-09-19T13:15:00,26,26677284,180681
OK,67,49,879,67,2014-09-19T13:20:00,30,26677723,180681
OK,70,47,879,70,2014-09-19T13:25:00,29,26678171,180681
OK,77,43,879,77,2014-09-19T13:30:00,22,26678607,180681
OK,74,44,879,74,2014-09-19T13:35:00,23,26679054,180681
OK,69,48,879,69,2014-09-19T13:40:00,25,26679503,180681
OK,63,52,879,63,2014-09-19T13:45:00,23,26679952,180681
OK,71,46,879,71,2014-09-19T13:50:00,28,26680388,180681
OK,78,42,879,78,2014-09-19T13:55:00,32,26680836,180681
OK,65,50,879,65,2014-09-19T14:00:00,23,26681166,180681
OK,51,64,879,51,2014-09-19T14:05:00,22,26681611,180681
OK,84,39,879,84,2014-09-19T14:10:00,25,26682049,180681
OK,79,41,879,79,2014-09-19T14:15:00,30,26682498,180681
OK,63,52,879,63,2014-09-19T14:20:00,40,26682947,180681
OK,59,56,879,59,2014-09-19T14:25:00,34,26683392,180681
OK,60,55,879,60,2014-09-19T14:30:00,15,26683831,180681
OK,67,49,879,67,2014-09-19T14:35:00,20,26684280,180681
OK,61,54,879,61,2014-09-19T14:40:00,29,26684715,180681
OK,64,51,879,64,2014-09-19T14:45:00,22,26685164,180681
OK,65,50,879,65,2014-09-19T14:50:00,11,26685602,180681
OK,58,57,879,58,2014-09-19T15:00:00,13,26686048,180681
OK,58,57,879,58,2014-09-19T15:05:00,15,26686868,180681
OK,53,62,879,53,2014-09-19T15:10:00,14,26687311,180681
OK,61,54,879,61,2014-09-19T15:15:00,14,26687759,180681
OK,65,50,879,65,2014-09-19T15:20:00,14,26688201,180681
OK,66,50,879,66,2014-09-19T15:25:00,15,26688648,180681
OK,61,54,879,61,2014-09-19T15:30:00,16,26689081,180681
OK,49,67,879,49,2014-09-19T15:35:00,13,26689529,180681
OK,58,57,879,58,2014-09-19T15:40:00,19,26689970,180681
OK,68,48,879,68,2014-09-19T15:45:00,28,26690419,180681
OK,62,53,879,62,2014-09-19T15:50:00,13,26690849,180681
OK,56,59,879,56,2014-09-19T16:00:00,9,26691295,180681
OK,51,64,879,51,2014-09-19T16:05:00,18,26692101,180681
OK,46,72,879,46,2014-09-19T16:10:00,17,26692537,180681
OK,52,63,879,52,2014-09-19T16:15:00,11,26692983,180681
OK,63,52,879,63,2014-09-19T16:20:00,14,26693418,180681
OK,54,61,879,54,2014-09-19T16:25:00,7,26693866,180681
OK,57,58,879,57,2014-09-19T16:30:00,7,26694303,180681
OK,56,59,879,56,2014-09-19T16:35:00,14,26694748,180681
OK,47,70,879,47,2014-09-19T16:40:00,14,26695170,180681
OK,43,77,879,43,2014-09-19T16:45:00,9,26695615,180681
OK,41,80,879,41,2014-09-19T16:50:00,3,26696053,180681
OK,44,75,879,44,2014-09-19T16:55:00,3,26696498,180681
OK,36,92,879,36,2014-09-19T17:00:00,6,26696944,180681
OK,44,75,879,44,2014-09-19T17:05:00,6,26697393,180681
OK,56,59,879,56,2014-09-19T17:10:00,4,26697832,180681
OK,53,62,879,53,2014-09-19T17:15:00,3,26698176,180681
OK,44,75,879,44,2014-09-19T17:20:00,9,26698622,180681
OK,45,73,879,45,2014-09-19T17:25:00,9,26699071,180681
OK,51,64,879,51,2014-09-19T17:30:00,9,26699501,180681
OK,47,70,879,47,2014-09-19T17:35:00,14,26699948,180681
OK,41,80,879,41,2014-09-19T17:40:00,10,26700391,180681
OK,47,70,879,47,2014-09-19T17:45:00,5,26700840,180681
OK,49,67,879,49,2014-09-19T17:50:00,3,26701284,180681
OK,38,87,879,38,2014-09-19T17:55:00,3,26701729,180681
OK,46,72,879,46,2014-09-19T18:00:00,7,26702178,180681
OK,55,60,879,55,2014-09-19T18:05:00,5,26702627,180681
OK,48,69,879,48,2014-09-19T18:10:00,5,26703058,180681
OK,47,70,879,47,2014-09-19T18:15:00,7,26703503,180681
OK,48,69,879,48,2014-09-19T18:20:00,4,26703948,180681
OK,58,57,879,58,2014-09-19T18:25:00,4,26704396,180681
OK,75,44,879,75,2014-09-19T18:30:00,5,26704828,180681
OK,75,44,879,75,2014-09-19T18:35:00,5,26705274,180681
OK,73,45,879,73,2014-09-19T18:40:00,6,26705711,180681
OK,58,57,879,58,2014-09-19T18:45:00,12,26706156,180681
OK,56,59,879,56,2014-09-19T18:50:00,8,26706518,180681
OK,49,67,879,49,2014-09-19T18:55:00,7,26706967,180681
OK,49,67,879,49,2014-09-19T19:00:00,9,26707416,180681
OK,49,67,879,49,2014-09-19T19:05:00,7,26707853,180681
OK,65,50,879,65,2014-09-19T19:10:00,4,26708301,180681
OK,53,62,879,53,2014-09-19T19:15:00,4,26708743,180681
OK,54,61,879,54,2014-09-19T19:20:00,6,26709187,180681
OK,73,45,879,73,2014-09-19T19:25:00,3,26709636,180681
OK,99,33,879,99,2014-09-19T19:30:00,3,26710069,180681
OK,73,45,879,73,2014-09-19T19:35:00,4,26710517,180681
OK,55,60,879,55,2014-09-19T19:40:00,5,26710948,180681
OK,62,53,879,62,2014-09-19T19:45:00,7,26711394,180681
OK,72,46,879,72,2014-09-19T19:50:00,4,26711833,180681
OK,45,73,879,45,2014-09-19T19:55:00,2,26712251,180681
OK,64,51,879,64,2014-09-19T20:00:00,5,26712690,180681
OK,64,51,879,64,2014-09-19T20:05:00,6,26713138,180681
OK,70,47,879,70,2014-09-19T20:10:00,2,26713577,180681
OK,43,77,879,43,2014-09-19T20:15:00,2,26714026,180681
OK,49,67,879,49,2014-09-19T20:20:00,3,26714468,180681
OK,58,57,879,58,2014-09-19T20:25:00,1,26714915,180681
OK,57,58,879,57,2014-09-19T20:30:00,4,26715347,180681
OK,70,47,879,70,2014-09-19T20:35:00,8,26715791,180681
OK,52,63,879,52,2014-09-19T20:40:00,8,26716229,180681
OK,46,72,879,46,2014-09-19T20:45:00,4,26716677,180681
OK,51,64,879,51,2014-09-19T20:50:00,7,26717113,180681
OK,62,53,879,62,2014-09-19T20:55:00,7,26717562,180681
OK,59,56,879,59,2014-09-19T21:00:00,3,26718008,180681
OK,59,56,879,59,2014-09-19T21:05:00,1,26718453,180681
OK,45,73,879,45,2014-09-19T21:10:00,3,26718902,180681
OK,52,63,879,52,2014-09-19T21:15:00,3,26719242,180681
OK,65,50,879,65,2014-09-19T21:20:00,3,26719688,180681
OK,65,50,879,65,2014-09-19T21:25:00,1,26720086,180681
OK,43,77,879,43,2014-09-19T21:30:00,3,26720521,180681
OK,49,67,879,49,2014-09-19T21:35:00,2,26720970,180681
OK,47,70,879,47,2014-09-19T21:40:00,3,26721397,180681
OK,44,75,879,44,2014-09-19T21:45:00,1,26721846,180681
OK,44,75,879,44,2014-09-19T21:50:00,0,26722284,180681
OK,75,44,879,75,2014-09-19T21:55:00,1,26722721,180681
OK,75,44,879,75,2014-09-19T22:00:00,0,26723125,180681
OK,44,75,879,44,2014-09-19T22:05:00,1,26723574,180681
OK,47,70,879,47,2014-09-19T22:10:00,3,26724018,180681
OK,68,48,879,68,2014-09-19T22:15:00,2,26724465,180681
OK,62,53,879,62,2014-09-19T22:20:00,1,26724903,180681
OK,50,66,879,50,2014-09-19T22:25:00,3,26725275,180681
OK,51,64,879,51,2014-09-19T22:30:00,4,26725717,180681
OK,56,59,879,56,2014-09-19T22:35:00,4,26726148,180681
OK,60,55,879,60,2014-09-19T22:40:00,2,26726588,180681
OK,51,64,879,51,2014-09-19T22:45:00,1,26727031,180681
OK,82,40,879,82,2014-09-19T22:50:00,1,26727473,180681
OK,67,49,879,67,2014-09-19T22:55:00,2,26727920,180681
OK,52,63,879,52,2014-09-19T23:00:00,0,26728331,180681
OK,41,80,879,41,2014-09-19T23:05:00,1,26728780,180681
OK,41,80,879,41,2014-09-19T23:10:00,0,26729204,180681
OK,41,80,879,41,2014-09-19T23:15:00,0,26729650,180681
OK,41,80,879,41,2014-09-19T23:20:00,0,26730070,180681
OK,60,55,879,60,2014-09-19T23:25:00,2,26730474,180681
OK,45,73,879,45,2014-09-19T23:30:00,0,26730923,180681
OK,67,49,879,67,2014-09-19T23:35:00,1,26731347,180681
OK,70,47,879,70,2014-09-19T23:40:00,2,26731796,180681
OK,57,58,879,57,2014-09-19T23:45:00,2,26732223,180681
OK,68,48,879,68,2014-09-19T23:50:00,0,26732672,180681
OK,47,70,879,47,2014-09-19T23:55:00,0,26733121,180681
OK,47,70,879,47,2014-09-20T00:00:00,0,26733374,180681
OK,47,70,879,47,2014-09-20T00:15:00,0,26734487,180681
OK,62,53,879,62,2014-09-20T00:20:00,1,26734933,180681
OK,62,53,879,62,2014-09-20T00:30:00,0,26735382,180681
OK,62,53,879,62,2014-09-20T00:40:00,0,26736151,180681
OK,37,89,879,37,2014-09-20T00:45:00,1,26737030,180681
OK,37,89,879,37,2014-09-20T00:50:00,0,26737464,180681
OK,37,89,879,37,2014-09-20T01:00:00,0,26737910,180681
OK,37,89,879,37,2014-09-20T01:05:00,0,26738757,180681
OK,37,89,879,37,2014-09-20T01:10:00,0,26739184,180681
OK,37,89,879,37,2014-09-20T01:15:00,0,26739513,180681
OK,37,89,879,37,2014-09-20T01:20:00,1,26739959,180681
OK,37,89,879,37,2014-09-20T01:25:00,1,26740403,180681
OK,37,89,879,37,2014-09-20T01:30:00,0,26740846,180681
OK,41,80,879,41,2014-09-20T01:35:00,1,26741295,180681
OK,41,80,879,41,2014-09-20T01:40:00,0,26741743,180681
OK,44,75,879,44,2014-09-20T01:45:00,2,26742190,180681
OK,46,72,879,46,2014-09-20T01:50:00,1,26742625,180681
OK,49,67,879,49,2014-09-20T01:55:00,2,26743065,180681
OK,45,73,879,45,2014-09-20T02:00:00,1,26743507,180681
OK,45,73,879,45,2014-09-20T02:05:00,0,26743954,180681
OK,45,73,879,45,2014-09-20T02:10:00,0,26744326,180681
OK,45,73,879,45,2014-09-20T02:15:00,0,26744772,180681
OK,45,73,879,45,2014-09-20T02:20:00,0,26745199,180681
OK,45,73,879,45,2014-09-20T02:25:00,0,26745646,180681
OK,43,77,879,43,2014-09-20T02:30:00,1,26746095,180681
OK,45,73,879,45,2014-09-20T02:35:00,2,26746543,180681
OK,58,57,879,58,2014-09-20T02:40:00,2,26746986,180681
OK,76,43,879,76,2014-09-20T02:45:00,0,26747433,180681
OK,48,69,879,48,2014-09-20T02:50:00,1,26747875,180681
OK,48,69,879,48,2014-09-20T02:55:00,0,26748320,180681
OK,48,69,879,48,2014-09-20T03:00:00,0,26748765,180681
OK,48,69,879,48,2014-09-20T03:05:00,0,26749212,180681
OK,58,57,879,58,2014-09-20T03:10:00,1,26749661,180681
OK,58,57,879,58,2014-09-20T03:20:00,0,26750110,180681
OK,53,62,879,53,2014-09-20T03:25:00,1,26750921,180681
OK,68,48,879,68,2014-09-20T03:30:00,3,26751348,180681
OK,68,48,879,68,2014-09-20T03:35:00,3,26751784,180681
OK,59,56,879,59,2014-09-20T03:40:00,1,26752227,180681
OK,54,61,879,54,2014-09-20T03:45:00,1,26752669,180681
OK,54,61,879,54,2014-09-20T03:50:00,1,26753114,180681
OK,57,58,879,57,2014-09-20T03:55:00,1,26753536,180681
OK,57,58,879,57,2014-09-20T04:00:00,1,26753978,180681
OK,51,64,879,51,2014-09-20T04:05:00,1,26754427,180681
OK,51,64,879,51,2014-09-20T04:10:00,0,26754843,180681
OK,52,63,879,52,2014-09-20T04:15:00,3,26755285,180681
OK,46,72,879,46,2014-09-20T04:20:00,1,26755624,180681
OK,46,72,879,46,2014-09-20T04:25:00,0,26756070,180681
OK,46,72,879,46,2014-09-20T04:30:00,0,26756513,180681
OK,57,58,879,57,2014-09-20T04:35:00,0,26756957,180681
OK,41,80,879,41,2014-09-20T04:40:00,1,26757406,180681
OK,53,62,879,53,2014-09-20T04:45:00,3,26757836,180681
OK,61,54,879,61,2014-09-20T04:50:00,2,26758279,180681
OK,52,63,879,52,2014-09-20T04:55:00,2,26758726,180681
OK,53,62,879,53,2014-09-20T05:00:00,4,26759169,180681
OK,49,67,879,49,2014-09-20T05:05:00,3,26759616,180681
OK,47,70,879,47,2014-09-20T05:10:00,3,26760062,180681
OK,53,62,879,53,2014-09-20T05:15:00,5,26760424,180681
OK,53,62,879,53,2014-09-20T05:20:00,5,26760872,180681
OK,49,67,879,49,2014-09-20T05:25:00,8,26761318,180681
OK,49,67,879,49,2014-09-20T05:30:00,4,26761760,180681
OK,92,36,879,92,2014-09-20T05:35:00,2,26762208,180681
OK,73,45,879,73,2014-09-20T05:40:00,2,26762656,180681
OK,60,55,879,60,2014-09-20T05:45:00,7,26763104,180681
OK,58,57,879,58,2014-09-20T05:50:00,7,26763533,180681
OK,49,67,879,49,2014-09-20T05:55:00,3,26763980,180681
OK,54,61,879,54,2014-09-20T06:00:00,3,26764427,180681
OK,46,72,879,46,2014-09-20T06:05:00,3,26764868,180681
OK,45,73,879,45,2014-09-20T06:10:00,4,26765317,180681
OK,44,75,879,44,2014-09-20T06:15:00,0,26765766,180681
OK,41,80,879,41,2014-09-20T06:20:00,1,26766211,180681
OK,41,80,879,41,2014-09-20T06:25:00,2,26766657,180681
OK,74,44,879,74,2014-09-20T06:30:00,6,26767089,180681
OK,80,41,879,80,2014-09-20T06:35:00,4,26767538,180681
OK,56,59,879,56,2014-09-20T06:40:00,3,26767986,180681
OK,55,60,879,55,2014-09-20T06:45:00,6,26768361,180681
OK,47,70,879,47,2014-09-20T06:50:00,8,26768807,180681
OK,45,73,879,45,2014-09-20T06:55:00,8,26769247,180681
OK,41,80,879,41,2014-09-20T07:00:00,6,26769694,180681
OK,48,69,879,48,2014-09-20T07:05:00,7,26770135,180681
OK,61,54,879,61,2014-09-20T07:10:00,7,26770581,180681
OK,60,55,879,60,2014-09-20T07:15:00,8,26771030,180681
OK,67,49,879,67,2014-09-20T07:20:00,4,26771477,180681
OK,45,73,879,45,2014-09-20T07:30:00,3,26771926,180681
OK,46,72,879,46,2014-09-20T07:35:00,5,26772684,180681
OK,65,50,879,65,2014-09-20T07:40:00,13,26773133,180681
OK,66,50,879,66,2014-09-20T07:45:00,16,26773577,180681
OK,66,50,879,66,2014-09-20T07:50:00,16,26774017,180681
OK,50,66,879,50,2014-09-20T07:55:00,13,26774465,180681
OK,48,69,879,48,2014-09-20T08:00:00,8,26774905,180681
OK,60,55,879,60,2014-09-20T08:10:00,13,26775354,180681
OK,67,49,879,67,2014-09-20T08:15:00,12,26776105,180681
OK,58,57,879,58,2014-09-20T08:20:00,7,26776537,180681
OK,53,62,879,53,2014-09-20T08:25:00,12,26776985,180681
OK,55,60,879,55,2014-09-20T08:30:00,12,26777353,180681
OK,52,63,879,52,2014-09-20T08:35:00,15,26777798,180681
OK,53,62,879,53,2014-09-20T08:40:00,15,26778237,180681
OK,53,62,879,53,2014-09-20T08:45:00,13,26778686,180681
OK,56,59,879,56,2014-09-20T08:50:00,10,26779119,180681
OK,55,60,879,55,2014-09-20T08:55:00,13,26779568,180681
OK,47,70,879,47,2014-09-20T09:05:00,14,26780017,180681
OK,50,66,879,50,2014-09-20T09:10:00,24,26780459,180681
OK,60,55,879,60,2014-09-20T09:15:00,18,26780902,180681
OK,64,51,879,64,2014-09-20T09:20:00,17,26781349,180681
OK,48,69,879,48,2014-09-20T09:25:00,14,26781798,180681
OK,53,62,879,53,2014-09-20T09:30:00,11,26782244,180681
OK,43,77,879,43,2014-09-20T09:35:00,15,26782690,180681
OK,43,77,879,43,2014-09-20T09:40:00,11,26783136,180681
OK,90,36,879,90,2014-09-20T09:45:00,6,26783583,180681
OK,79,41,879,79,2014-09-20T09:50:00,20,26784017,180681
OK,63,52,879,63,2014-09-20T09:55:00,24,26784390,180681
OK,54,61,879,54,2014-09-20T10:00:00,18,26784836,180681
OK,52,63,879,52,2014-09-20T10:05:00,15,26785285,180681
OK,51,64,879,51,2014-09-20T10:10:00,13,26785733,180681
OK,53,62,879,53,2014-09-20T10:15:00,12,26786180,180681
OK,67,49,879,67,2014-09-20T10:20:00,18,26786606,180681
OK,66,50,879,66,2014-09-20T10:25:00,16,26787051,180681
OK,49,67,879,49,2014-09-20T10:30:00,14,26787490,180681
OK,49,67,879,49,2014-09-20T10:35:00,17,26787920,180681
OK,50,66,879,50,2014-09-20T10:40:00,18,26788249,180681
OK,60,55,879,60,2014-09-20T10:45:00,20,26788692,180681
OK,54,61,879,54,2014-09-20T10:50:00,17,26789137,180681
OK,53,62,879,53,2014-09-20T10:55:00,14,26789586,180681
OK,64,51,879,64,2014-09-20T11:00:00,6,26790019,180681
OK,64,51,879,64,2014-09-20T11:05:00,12,26790465,180681
OK,63,52,879,63,2014-09-20T11:10:00,12,26790901,180681
OK,50,66,879,50,2014-09-20T11:15:00,13,26791349,180681
OK,68,48,879,68,2014-09-20T11:20:00,10,26791766,180681
OK,47,70,879,47,2014-09-20T11:25:00,7,26792207,180681
OK,49,67,879,49,2014-09-20T11:30:00,3,26792646,180681
OK,43,77,879,43,2014-09-20T11:35:00,7,26793089,180681
OK,54,61,879,54,2014-09-20T11:40:00,12,26793409,180681
OK,56,59,879,56,2014-09-20T11:45:00,13,26793851,180681
OK,51,64,879,51,2014-09-20T11:50:00,16,26794282,180681
OK,47,70,879,47,2014-09-20T11:55:00,16,26794725,180681
OK,52,63,879,52,2014-09-20T12:00:00,13,26795169,180681
OK,54,61,879,54,2014-09-20T12:05:00,12,26795617,180681
OK,71,46,879,71,2014-09-20T12:10:00,13,26796052,180681
OK,65,50,879,65,2014-09-20T12:15:00,10,26796497,180681
OK,63,52,879,63,2014-09-20T12:20:00,12,26796845,180681
OK,62,53,879,62,2014-09-20T12:25:00,15,26797288,180681
OK,68,48,879,68,2014-09-20T12:30:00,7,26797723,180681
OK,48,69,879,48,2014-09-20T12:35:00,7,26798166,180681
OK,53,62,879,53,2014-09-20T12:40:00,13,26798610,180681
OK,59,56,879,59,2014-09-20T12:45:00,16,26799056,180681
OK,63,52,879,63,2014-09-20T12:50:00,22,26799493,180681
OK,64,51,879,64,2014-09-20T12:55:00,19,26799935,180681
OK,61,54,879,61,2014-09-20T13:05:00,12,26800384,180681
OK,73,45,879,73,2014-09-20T13:10:00,14,26801116,180681
OK,59,56,879,59,2014-09-20T13:15:00,14,26801558,180681
OK,50,66,879,50,2014-09-20T13:20:00,10,26802001,180681
OK,47,70,879,47,2014-09-20T13:30:00,9,26802447,180681
OK,51,64,879,51,2014-09-20T13:35:00,11,26803182,180681
OK,51,64,879,51,2014-09-20T13:40:00,12,26803620,180681
OK,47,70,879,47,2014-09-20T13:45:00,7,26804068,180681
OK,47,70,879,47,2014-09-20T13:50:00,9,26804402,180681
OK,44,75,879,44,2014-09-20T13:55:00,13,26804845,180681
OK,42,78,879,42,2014-09-20T14:00:00,12,26805273,180681
OK,40,82,879,40,2014-09-20T14:05:00,7,26805714,180681
OK,69,48,879,69,2014-09-20T14:15:00,12,26806163,180681
OK,60,55,879,60,2014-09-20T14:20:00,10,26807011,180681
OK,63,52,879,63,2014-09-20T14:25:00,18,26807459,180681
OK,65,50,879,65,2014-09-20T14:30:00,21,26807883,180681
OK,48,69,879,48,2014-09-20T14:35:00,10,26808329,180681
OK,50,66,879,50,2014-09-20T14:40:00,7,26808754,180681
OK,52,63,879,52,2014-09-20T14:45:00,10,26809201,180681
OK,45,73,879,45,2014-09-20T14:50:00,15,26809645,180681
OK,47,70,879,47,2014-09-20T14:55:00,11,26810089,180681
OK,46,72,879,46,2014-09-20T15:00:00,11,26810533,180681
OK,46,72,879,46,2014-09-20T15:05:00,14,26810981,180681
OK,51,64,879,51,2014-09-20T15:10:00,9,26811428,180681
OK,52,63,879,52,2014-09-20T15:15:00,12,26811874,180681
OK,56,59,879,56,2014-09-20T15:20:00,12,26812311,180681
OK,66,50,879,66,2014-09-20T15:25:00,9,26812759,180681
OK,47,70,879,47,2014-09-20T15:30:00,9,26813192,180681
OK,58,57,879,58,2014-09-20T15:35:00,9,26813638,180681
OK,64,51,879,64,2014-09-20T15:40:00,9,26814072,180681
OK,51,64,879,51,2014-09-20T15:45:00,11,26814521,180681
OK,52,63,879,52,2014-09-20T15:50:00,10,26814959,180681
OK,54,61,879,54,2014-09-20T15:55:00,13,26815405,180681
OK,59,56,879,59,2014-09-20T16:00:00,14,26815846,180681
OK,65,50,879,65,2014-09-20T16:05:00,15,26816198,180681
OK,61,54,879,61,2014-09-20T16:10:00,12,26816644,180681
OK,63,52,879,63,2014-09-20T16:15:00,8,26817093,180681
OK,47,70,879,47,2014-09-20T16:20:00,5,26817521,180681
OK,55,60,879,55,2014-09-20T16:25:00,8,26817969,180681
OK,66,50,879,66,2014-09-20T16:30:00,12,26818412,180681
OK,46,72,879,46,2014-09-20T16:35:00,14,26818860,180681
OK,50,66,879,50,2014-09-20T16:40:00,14,26819298,180681
OK,46,72,879,46,2014-09-20T16:45:00,8,26819744,180681
OK,49,67,879,49,2014-09-20T16:50:00,5,26820062,180681
OK,49,67,879,49,2014-09-20T16:55:00,7,26820507,180681
OK,52,63,879,52,2014-09-20T17:00:00,5,26820951,180681
OK,43,77,879,43,2014-09-20T17:05:00,5,26821400,180681
OK,89,37,879,89,2014-09-20T17:10:00,6,26821849,180681
OK,110,30,879,110,2014-09-20T17:15:00,0,26822290,180681
OK,38,87,879,38,2014-09-20T17:20:00,4,26822737,180681
OK,36,92,879,36,2014-09-20T17:25:00,3,26823186,180681
OK,55,60,879,55,2014-09-20T17:30:00,2,26823623,180681
OK,55,60,879,55,2014-09-20T17:35:00,4,26824071,180681
OK,46,72,879,46,2014-09-20T17:40:00,9,26824513,180681
OK,44,75,879,44,2014-09-20T17:45:00,9,26824961,180681
OK,47,70,879,47,2014-09-20T17:50:00,6,26825409,180681
OK,49,67,879,49,2014-09-20T17:55:00,3,26825858,180681
OK,57,58,879,57,2014-09-20T18:00:00,4,26826297,180681
OK,81,40,879,81,2014-09-20T18:05:00,2,26826746,180681
OK,48,69,879,48,2014-09-20T18:10:00,7,26827191,180681
OK,47,70,879,47,2014-09-20T18:15:00,8,26827639,180681
OK,57,58,879,57,2014-09-20T18:20:00,6,26828080,180681
OK,51,64,879,51,2014-09-20T18:25:00,10,26828441,180681
OK,51,64,879,51,2014-09-20T18:30:00,15,26828887,180681
OK,61,54,879,61,2014-09-20T18:35:00,9,26829334,180681
OK,79,41,879,79,2014-09-20T18:40:00,5,26829776,180681
OK,47,70,879,47,2014-09-20T18:45:00,3,26830225,180681
OK,47,70,879,47,2014-09-20T18:50:00,3,26830670,180681
OK,63,52,879,63,2014-09-20T18:55:00,3,26831117,180681
OK,82,40,879,82,2014-09-20T19:00:00,1,26831566,180681
OK,79,41,879,79,2014-09-20T19:05:00,4,26832015,180681
OK,94,35,879,94,2014-09-20T19:10:00,4,26832460,180681
OK,71,46,879,71,2014-09-20T19:20:00,2,26832908,180681
OK,47,70,879,47,2014-09-20T19:25:00,0,26833357,180681
OK,42,78,879,42,2014-09-20T19:30:00,3,26833788,180681
OK,50,66,879,50,2014-09-20T19:35:00,5,26834236,180681
OK,50,66,879,50,2014-09-20T19:40:00,5,26834677,180681
OK,45,73,879,45,2014-09-20T19:45:00,6,26835126,180681
OK,45,73,879,45,2014-09-20T19:50:00,4,26835574,180681
OK,53,62,879,53,2014-09-20T19:55:00,3,26836008,180681
OK,49,67,879,49,2014-09-20T20:00:00,6,26836455,180681
OK,46,72,879,46,2014-09-20T20:05:00,5,26836904,180681
OK,52,63,879,52,2014-09-20T20:10:00,5,26837347,180681
OK,52,63,879,52,2014-09-20T20:15:00,6,26837794,180681
OK,61,54,879,61,2014-09-20T20:20:00,5,26838240,180681
OK,54,61,879,54,2014-09-20T20:25:00,5,26838689,180681
OK,75,44,879,75,2014-09-20T20:30:00,6,26839120,180681
OK,77,43,879,77,2014-09-20T20:35:00,4,26839566,180681
OK,61,54,879,61,2014-09-20T20:40:00,2,26840003,180681
OK,71,46,879,71,2014-09-20T20:45:00,3,26840449,180681
OK,69,48,879,69,2014-09-20T20:50:00,2,26840885,180681
OK,42,78,879,42,2014-09-20T20:55:00,3,26841332,180681
OK,50,66,879,50,2014-09-20T21:00:00,1,26841777,180681
OK,50,66,879,50,2014-09-20T21:05:00,1,26842224,180681
OK,58,57,879,58,2014-09-20T21:10:00,1,26842673,180681
OK,73,45,879,73,2014-09-20T21:15:00,3,26843122,180681
OK,74,44,879,74,2014-09-20T21:20:00,3,26843517,180681
OK,58,57,879,58,2014-09-20T21:25:00,4,26843947,180681
OK,60,55,879,60,2014-09-20T21:30:00,5,26844393,180681
OK,78,42,879,78,2014-09-20T21:35:00,6,26844840,180681
OK,83,39,879,83,2014-09-20T21:40:00,3,26845286,180681
OK,48,69,879,48,2014-09-20T21:45:00,3,26845734,180681
OK,48,69,879,48,2014-09-20T21:50:00,2,26846167,180681
OK,63,52,879,63,2014-09-20T21:55:00,2,26846616,180681
OK,70,47,879,70,2014-09-20T22:00:00,0,26847065,180681
OK,70,47,879,70,2014-09-20T22:05:00,0,26847509,180681
OK,58,57,879,58,2014-09-20T22:10:00,2,26847941,180681
OK,69,48,879,69,2014-09-20T22:15:00,4,26848388,180681
OK,50,66,879,50,2014-09-20T22:20:00,3,26848831,180681
OK,43,77,879,43,2014-09-20T22:25:00,2,26849123,180681
OK,52,63,879,52,2014-09-20T22:30:00,4,26849566,180681
OK,56,59,879,56,2014-09-20T22:35:00,3,26849999,180681
OK,44,75,879,44,2014-09-20T22:40:00,3,26850445,180681
OK,44,75,879,44,2014-09-20T22:45:00,3,26850882,180681
OK,44,75,879,44,2014-09-20T22:50:00,0,26851328,180681
OK,62,53,879,62,2014-09-20T22:55:00,1,26851705,180681
OK,62,53,879,62,2014-09-20T23:00:00,1,26852153,180681
OK,62,53,879,62,2014-09-20T23:05:00,0,26852436,180681
OK,48,69,879,48,2014-09-20T23:25:00,0,26853485,180681
OK,48,69,879,48,2014-09-20T23:30:00,0,26853931,180681
OK,75,44,879,75,2014-09-20T23:35:00,1,26854374,180681
OK,67,49,879,67,2014-09-20T23:40:00,2,26854748,180681
OK,46,72,879,46,2014-09-20T23:50:00,2,26855645,180681
OK,46,72,879,46,2014-09-20T23:55:00,0,26856094,180681
OK,46,72,879,46,2014-09-21T00:00:00,0,26856521,180681
OK,56,59,879,56,2014-09-21T00:05:00,2,26856968,180681
OK,58,57,879,58,2014-09-21T00:10:00,2,26857410,180681
OK,43,77,879,43,2014-09-21T00:15:00,2,26857851,180681
OK,45,73,879,45,2014-09-21T00:20:00,0,26858300,180681
OK,45,73,879,45,2014-09-21T00:25:00,0,26858746,180681
OK,68,48,879,68,2014-09-21T00:30:00,1,26859193,180681
OK,68,48,879,68,2014-09-21T00:35:00,0,26859639,180681
OK,47,70,879,47,2014-09-21T00:40:00,1,26859951,180681
OK,49,67,879,49,2014-09-21T00:50:00,1,26860847,180681
OK,45,73,879,45,2014-09-21T00:55:00,2,26861286,180681
OK,41,80,879,41,2014-09-21T01:00:00,0,26861709,180681
OK,41,80,879,41,2014-09-21T01:05:00,0,26862155,180681
OK,41,80,879,41,2014-09-21T01:10:00,0,26862592,180681
OK,41,80,879,41,2014-09-21T01:15:00,0,26863039,180681
OK,34,97,879,34,2014-09-21T01:20:00,1,26863383,180681
OK,34,97,879,34,2014-09-21T01:25:00,1,26863831,180681
OK,34,97,879,34,2014-09-21T01:30:00,0,26864278,180681
OK,34,97,879,34,2014-09-21T01:35:00,0,26864727,180681
OK,34,97,879,34,2014-09-21T01:40:00,0,26865170,180681
OK,48,69,879,48,2014-09-21T01:45:00,1,26865619,180681
OK,48,69,879,48,2014-09-21T01:50:00,0,26866067,180681
OK,48,69,879,48,2014-09-21T01:55:00,0,26866512,180681
OK,48,69,879,48,2014-09-21T02:00:00,0,26866959,180681
OK,48,69,879,48,2014-09-21T02:05:00,0,26867407,180681
OK,52,63,879,52,2014-09-21T02:10:00,2,26867828,180681
OK,51,64,879,51,2014-09-21T02:15:00,3,26868274,180681
OK,38,87,879,38,2014-09-21T02:20:00,0,26868665,180681
OK,38,87,879,38,2014-09-21T02:25:00,0,26869112,180681
OK,38,87,879,38,2014-09-21T02:30:00,0,26869548,180681
OK,38,87,879,38,2014-09-21T02:35:00,0,26869985,180681
OK,57,58,879,57,2014-09-21T02:40:00,1,26870433,180681
OK,81,40,879,81,2014-09-21T02:45:00,1,26870878,180681
OK,81,40,879,81,2014-09-21T02:50:00,0,26871324,180681
OK,81,40,879,81,2014-09-21T02:55:00,0,26871768,180681
OK,81,40,879,81,2014-09-21T03:00:00,0,26872205,180681
OK,67,49,879,67,2014-09-21T03:05:00,1,26872577,180681
OK,67,49,879,67,2014-09-21T03:10:00,0,26873026,180681
OK,67,49,879,67,2014-09-21T03:15:00,0,26873475,180681
OK,51,64,879,51,2014-09-21T03:20:00,1,26873914,180681
OK,51,64,879,51,2014-09-21T03:25:00,0,26874361,180681
OK,51,64,879,51,2014-09-21T03:30:00,0,26874800,180681
OK,51,64,879,51,2014-09-21T03:35:00,0,26875238,180681
OK,51,64,879,51,2014-09-21T03:40:00,0,26875683,180681
OK,51,64,879,51,2014-09-21T03:45:00,0,26876132,180681
OK,43,77,879,43,2014-09-21T03:50:00,1,26876572,180681
OK,43,77,879,43,2014-09-21T03:55:00,1,26876980,180681
OK,43,77,879,43,2014-09-21T04:00:00,0,26877425,180681
OK,43,77,879,43,2014-09-21T04:05:00,0,26877870,180681
OK,43,77,879,43,2014-09-21T04:10:00,1,26878319,180681
OK,43,77,879,43,2014-09-21T04:15:00,1,26878752,180681
OK,55,60,879,55,2014-09-21T04:20:00,2,26879197,180681
OK,65,50,879,65,2014-09-21T04:30:00,0,26879646,180681
OK,65,50,879,65,2014-09-21T04:35:00,0,26880095,180681
OK,65,50,879,65,2014-09-21T04:40:00,0,26880525,180681
OK,65,50,879,65,2014-09-21T04:45:00,0,26880969,180681
OK,39,84,879,39,2014-09-21T04:55:00,1,26881418,180681
OK,39,84,879,39,2014-09-21T05:00:00,1,26881867,180681
OK,39,84,879,39,2014-09-21T05:05:00,0,26882281,180681
OK,50,66,879,50,2014-09-21T05:10:00,1,26882725,180681
OK,48,69,879,48,2014-09-21T05:15:00,2,26883172,180681
OK,44,75,879,44,2014-09-21T05:20:00,1,26883620,180681
OK,64,51,879,64,2014-09-21T05:25:00,1,26884064,180681
OK,30,110,879,30,2014-09-21T05:30:00,1,26884507,180681
OK,37,89,879,37,2014-09-21T05:35:00,2,26884956,180681
OK,66,50,879,66,2014-09-21T05:40:00,2,26885386,180681
OK,51,64,879,51,2014-09-21T05:45:00,1,26885827,180681
OK,51,64,879,51,2014-09-21T05:50:00,0,26886275,180681
OK,51,64,879,51,2014-09-21T05:55:00,0,26886724,180681
OK,51,64,879,51,2014-09-21T06:00:00,0,26887080,180681
OK,59,56,879,59,2014-09-21T06:05:00,2,26887525,180681
OK,47,70,879,47,2014-09-21T06:10:00,5,26887966,180681
OK,47,70,879,47,2014-09-21T06:15:00,5,26888415,180681
OK,60,55,879,60,2014-09-21T06:20:00,2,26888862,180681
OK,47,70,879,47,2014-09-21T06:25:00,0,26889311,180681
OK,46,72,879,46,2014-09-21T06:30:00,2,26889749,180681
OK,46,72,879,46,2014-09-21T06:35:00,3,26890194,180681
OK,51,64,879,51,2014-09-21T06:40:00,4,26890629,180681
OK,47,70,879,47,2014-09-21T06:45:00,8,26891076,180681
OK,45,73,879,45,2014-09-21T06:50:00,6,26891523,180681
OK,47,70,879,47,2014-09-21T06:55:00,4,26891970,180681
OK,47,70,879,47,2014-09-21T07:00:00,3,26892406,180681
OK,48,69,879,48,2014-09-21T07:05:00,3,26892843,180681
OK,41,80,879,41,2014-09-21T07:10:00,3,26893292,180681
OK,51,64,879,51,2014-09-21T07:15:00,3,26893741,180681
OK,54,61,879,54,2014-09-21T07:20:00,8,26894178,180681
OK,53,62,879,53,2014-09-21T07:25:00,8,26894620,180681
OK,41,80,879,41,2014-09-21T07:30:00,4,26895067,180681
OK,43,77,879,43,2014-09-21T07:35:00,4,26895512,180681
OK,54,61,879,54,2014-09-21T07:40:00,6,26895960,180681
OK,54,61,879,54,2014-09-21T07:45:00,6,26896409,180681
OK,48,69,879,48,2014-09-21T07:50:00,5,26896841,180681
OK,49,67,879,49,2014-09-21T07:55:00,3,26897284,180681
OK,90,36,879,90,2014-09-21T08:00:00,2,26897715,180681
OK,82,40,879,82,2014-09-21T08:05:00,5,26898160,180681
OK,56,59,879,56,2014-09-21T08:10:00,12,26898597,180681
OK,61,54,879,61,2014-09-21T08:15:00,11,26899041,180681
OK,66,50,879,66,2014-09-21T08:20:00,8,26899478,180681
OK,57,58,879,57,2014-09-21T08:25:00,6,26899922,180681
OK,45,73,879,45,2014-09-21T08:30:00,6,26900369,180681
OK,46,72,879,46,2014-09-21T08:35:00,10,26900792,180681
OK,44,75,879,44,2014-09-21T08:40:00,13,26901236,180681
OK,54,61,879,54,2014-09-21T08:45:00,13,26901678,180681
OK,76,43,879,76,2014-09-21T08:50:00,12,26902126,180681
OK,64,51,879,64,2014-09-21T08:55:00,11,26902574,180681
OK,64,51,879,64,2014-09-21T09:00:00,6,26903011,180681
OK,83,39,879,83,2014-09-21T09:05:00,5,26903455,180681
OK,67,49,879,67,2014-09-21T09:10:00,7,26903899,180681
OK,57,58,879,57,2014-09-21T09:15:00,12,26904348,180681
OK,52,63,879,52,2014-09-21T09:20:00,11,26904795,180681
OK,50,66,879,50,2014-09-21T09:25:00,16,26905232,180681
OK,50,66,879,50,2014-09-21T09:30:00,17,26905680,180681
OK,47,70,879,47,2014-09-21T09:35:00,9,26906129,180681
OK,71,46,879,71,2014-09-21T09:40:00,11,26906556,180681
OK,72,46,879,72,2014-09-21T09:45:00,9,26907001,180681
OK,86,38,879,86,2014-09-21T09:50:00,9,26907449,180681
OK,86,38,879,86,2014-09-21T09:55:00,11,26907898,180681
OK,55,60,879,55,2014-09-21T10:00:00,14,26908338,180681
OK,45,73,879,45,2014-09-21T10:05:00,14,26908785,180681
OK,46,72,879,46,2014-09-21T10:10:00,5,26909230,180681
OK,46,72,879,46,2014-09-21T10:15:00,7,26909679,180681
OK,46,72,879,46,2014-09-21T10:20:00,14,26910018,180681
OK,47,70,879,47,2014-09-21T10:25:00,13,26910464,180681
OK,65,50,879,65,2014-09-21T10:30:00,15,26910901,180681
OK,66,50,879,66,2014-09-21T10:35:00,21,26911346,180681
OK,53,62,879,53,2014-09-21T10:40:00,15,26911779,180681
OK,50,66,879,50,2014-09-21T10:45:00,9,26912227,180681
OK,50,66,879,50,2014-09-21T10:50:00,7,26912673,180681
OK,55,60,879,55,2014-09-21T10:55:00,7,26913122,180681
OK,46,72,879,46,2014-09-21T11:00:00,9,26913566,180681
OK,49,67,879,49,2014-09-21T11:05:00,8,26914014,180681
OK,56,59,879,56,2014-09-21T11:10:00,16,26914447,180681
OK,50,66,879,50,2014-09-21T11:15:00,15,26914803,180681
OK,57,58,879,57,2014-09-21T11:20:00,16,26915248,180681
OK,67,49,879,67,2014-09-21T11:25:00,13,26915697,180681
OK,67,49,879,67,2014-09-21T11:30:00,5,26916144,180681
OK,47,70,879,47,2014-09-21T11:35:00,11,26916591,180681
OK,50,66,879,50,2014-09-21T11:40:00,12,26917015,180681
OK,68,48,879,68,2014-09-21T11:45:00,8,26917451,180681
OK,68,48,879,68,2014-09-21T11:50:00,11,26917899,180681
OK,51,64,879,51,2014-09-21T11:55:00,10,26918272,180681
OK,55,60,879,55,2014-09-21T12:00:00,16,26918715,180681
OK,61,54,879,61,2014-09-21T12:05:00,12,26919161,180681
OK,55,60,879,55,2014-09-21T12:10:00,13,26919610,180681
OK,45,73,879,45,2014-09-21T12:15:00,12,26920058,180681
OK,57,58,879,57,2014-09-21T12:20:00,9,26920500,180681
OK,76,43,879,76,2014-09-21T12:30:00,17,26920946,180681
OK,55,60,879,55,2014-09-21T12:35:00,9,26921762,180681
OK,52,63,879,52,2014-09-21T12:40:00,6,26922206,180681
OK,44,75,879,44,2014-09-21T12:45:00,9,26922655,180681
OK,45,73,879,45,2014-09-21T12:50:00,11,26923082,180681
OK,46,72,879,46,2014-09-21T12:55:00,10,26923525,180681
OK,82,40,879,82,2014-09-21T13:00:00,12,26923970,180681
OK,65,50,879,65,2014-09-21T13:05:00,12,26924414,180681
OK,54,61,879,54,2014-09-21T13:10:00,13,26924862,180681
OK,54,61,879,54,2014-09-21T13:15:00,14,26925189,180681
OK,54,61,879,54,2014-09-21T13:20:00,9,26925633,180681
OK,49,67,879,49,2014-09-21T13:25:00,6,26926082,180681
OK,59,56,879,59,2014-09-21T13:30:00,11,26926523,180681
OK,59,56,879,59,2014-09-21T13:35:00,17,26926971,180681
OK,49,67,879,49,2014-09-21T13:40:00,9,26927409,180681
OK,57,58,879,57,2014-09-21T13:45:00,0,26927857,180681
OK,61,54,879,61,2014-09-21T13:50:00,13,26928294,180681
OK,73,45,879,73,2014-09-21T13:55:00,12,26928739,180681
OK,56,59,879,56,2014-09-21T14:00:00,14,26929186,180681
OK,52,63,879,52,2014-09-21T14:05:00,18,26929633,180681
OK,49,67,879,49,2014-09-21T14:10:00,15,26930077,180681
OK,63,52,879,63,2014-09-21T14:15:00,12,26930526,180681
OK,62,53,879,62,2014-09-21T14:20:00,18,26930970,180681
OK,64,51,879,64,2014-09-21T14:25:00,18,26931419,180681
OK,71,46,879,71,2014-09-21T14:30:00,11,26931862,180681
OK,49,67,879,49,2014-09-21T14:35:00,5,26932299,180681
OK,74,44,879,74,2014-09-21T14:40:00,7,26932734,180681
OK,67,49,879,67,2014-09-21T14:45:00,16,26933182,180681
OK,60,55,879,60,2014-09-21T14:50:00,14,26933549,180681
OK,57,58,879,57,2014-09-21T14:55:00,14,26933995,180681
OK,53,62,879,53,2014-09-21T15:00:00,11,26934442,180681
OK,54,61,879,54,2014-09-21T15:05:00,11,26934890,180681
OK,54,61,879,54,2014-09-21T15:10:00,7,26935336,180681
OK,50,66,879,50,2014-09-21T15:20:00,16,26935785,180681
OK,54,61,879,54,2014-09-21T15:25:00,9,26936578,180681
OK,54,61,879,54,2014-09-21T15:30:00,11,26937022,180681
OK,47,70,879,47,2014-09-21T15:35:00,10,26937471,180681
OK,56,59,879,56,2014-09-21T15:40:00,8,26937913,180681
OK,51,64,879,51,2014-09-21T15:45:00,6,26938362,180681
OK,63,52,879,63,2014-09-21T15:50:00,10,26938798,180681
OK,48,69,879,48,2014-09-21T15:55:00,7,26939245,180681
OK,46,72,879,46,2014-09-21T16:00:00,5,26939694,180681
OK,45,73,879,45,2014-09-21T16:05:00,10,26940136,180681
OK,45,73,879,45,2014-09-21T16:10:00,8,26940584,180681
OK,47,70,879,47,2014-09-21T16:15:00,11,26940933,180681
OK,63,52,879,63,2014-09-21T16:20:00,16,26941379,180681
OK,68,48,879,68,2014-09-21T16:25:00,10,26941818,180681
OK,41,80,879,41,2014-09-21T16:30:00,5,26942262,180681
OK,71,46,879,71,2014-09-21T16:35:00,5,26942711,180681
OK,71,46,879,71,2014-09-21T16:40:00,7,26943159,180681
OK,59,56,879,59,2014-09-21T16:45:00,4,26943598,180681
OK,52,63,879,52,2014-09-21T16:50:00,6,26944044,180681
OK,55,60,879,55,2014-09-21T16:55:00,5,26944484,180681
OK,57,58,879,57,2014-09-21T17:00:00,4,26944931,180681
OK,51,64,879,51,2014-09-21T17:05:00,6,26945378,180681
OK,57,58,879,57,2014-09-21T17:10:00,3,26945814,180681
OK,48,69,879,48,2014-09-21T17:15:00,3,26946178,180681
OK,40,82,879,40,2014-09-21T17:20:00,7,26946626,180681
OK,40,82,879,40,2014-09-21T17:25:00,7,26947075,180681
OK,44,75,879,44,2014-09-21T17:30:00,5,26947521,180681
OK,44,75,879,44,2014-09-21T17:35:00,4,26947959,180681
OK,48,69,879,48,2014-09-21T17:40:00,9,26948408,180681
OK,46,72,879,46,2014-09-21T17:45:00,7,26948814,180681
OK,51,64,879,51,2014-09-21T17:50:00,7,26949154,180681
OK,57,58,879,57,2014-09-21T17:55:00,8,26949601,180681
OK,73,45,879,73,2014-09-21T18:00:00,9,26950050,180681
OK,73,45,879,73,2014-09-21T18:05:00,8,26950488,180681
OK,57,58,879,57,2014-09-21T18:10:00,6,26950928,180681
OK,64,51,879,64,2014-09-21T18:15:00,5,26951376,180681
OK,61,54,879,61,2014-09-21T18:20:00,5,26951821,180681
OK,53,62,879,53,2014-09-21T18:25:00,6,26952268,180681
OK,41,80,879,41,2014-09-21T18:30:00,2,26952715,180681
OK,44,75,879,44,2014-09-21T18:35:00,3,26953060,180681
OK,51,64,879,51,2014-09-21T18:40:00,4,26953506,180681
OK,51,64,879,51,2014-09-21T18:45:00,4,26953952,180681
OK,48,69,879,48,2014-09-21T18:50:00,6,26954398,180681
OK,45,73,879,45,2014-09-21T18:55:00,10,26954845,180681
OK,44,75,879,44,2014-09-21T19:00:00,11,26955291,180681
OK,44,75,879,44,2014-09-21T19:05:00,7,26955738,180681
OK,45,73,879,45,2014-09-21T19:10:00,7,26956179,180681
OK,64,51,879,64,2014-09-21T19:15:00,4,26956626,180681
OK,54,61,879,54,2014-09-21T19:20:00,6,26956963,180681
OK,47,70,879,47,2014-09-21T19:25:00,0,26957412,180681
OK,50,66,879,50,2014-09-21T19:30:00,6,26957853,180681
OK,47,70,879,47,2014-09-21T19:35:00,5,26958300,180681
OK,48,69,879,48,2014-09-21T19:40:00,2,26958738,180681
OK,82,40,879,82,2014-09-21T19:45:00,6,26959184,180681
OK,82,40,879,82,2014-09-21T19:50:00,7,26959613,180681
OK,52,63,879,52,2014-09-21T19:55:00,8,26960062,180681
OK,52,63,879,52,2014-09-21T20:00:00,5,26960510,180681
OK,45,73,879,45,2014-09-21T20:05:00,5,26960948,180681
OK,48,69,879,48,2014-09-21T20:10:00,7,26961388,180681
OK,50,66,879,50,2014-09-21T20:15:00,2,26961764,180681
OK,48,69,879,48,2014-09-21T20:20:00,3,26962213,180681
OK,45,73,879,45,2014-09-21T20:25:00,4,26962662,180681
OK,60,55,879,60,2014-09-21T20:30:00,5,26963074,180681
OK,58,57,879,58,2014-09-21T20:35:00,5,26963522,180681
OK,73,45,879,73,2014-09-21T20:40:00,3,26963971,180681
OK,73,45,879,73,2014-09-21T20:45:00,3,26964415,180681
OK,79,41,879,79,2014-09-21T20:50:00,1,26964841,180681
OK,79,41,879,79,2014-09-21T20:55:00,1,26965290,180681
OK,50,66,879,50,2014-09-21T21:00:00,2,26965728,180681
OK,62,53,879,62,2014-09-21T21:05:00,5,26966177,180681
OK,65,50,879,65,2014-09-21T21:10:00,3,26966614,180681
OK,50,66,879,50,2014-09-21T21:15:00,1,26967063,180681
OK,44,75,879,44,2014-09-21T21:20:00,1,26967502,180681
OK,44,75,879,44,2014-09-21T21:25:00,1,26967949,180681
OK,57,58,879,57,2014-09-21T21:30:00,1,26968398,180681
OK,40,82,879,40,2014-09-21T21:35:00,1,26968758,180681
OK,53,62,879,53,2014-09-21T21:40:00,1,26969173,180681
OK,53,62,879,53,2014-09-21T21:45:00,0,26969622,180681
OK,53,62,879,53,2014-09-21T21:50:00,0,26970065,180681
OK,53,62,879,53,2014-09-21T21:55:00,0,26970509,180681
OK,53,62,879,53,2014-09-21T22:00:00,0,26970958,180681
OK,53,62,879,53,2014-09-21T22:05:00,0,26971402,180681
OK,40,82,879,40,2014-09-21T22:10:00,2,26971850,180681
OK,51,64,879,51,2014-09-21T22:15:00,2,26972299,180681
OK,40,82,879,40,2014-09-21T22:20:00,1,26972748,180681
OK,40,82,879,40,2014-09-21T22:25:00,0,26973100,180681
OK,55,60,879,55,2014-09-21T22:30:00,2,26973548,180681
OK,55,60,879,55,2014-09-21T22:35:00,0,26973997,180681
OK,55,60,879,55,2014-09-21T22:40:00,1,26974440,180681
OK,55,60,879,55,2014-09-21T22:45:00,0,26974889,180681
OK,55,60,879,55,2014-09-21T22:50:00,0,26975287,180681
OK,55,60,879,55,2014-09-21T22:55:00,0,26975684,180681
OK,55,60,879,55,2014-09-21T23:00:00,0,26976133,180681
OK,55,60,879,55,2014-09-21T23:05:00,0,26976490,180681
OK,40,82,879,40,2014-09-21T23:10:00,2,26976907,180681
OK,66,50,879,66,2014-09-21T23:20:00,2,26977805,180681
OK,68,48,879,68,2014-09-21T23:25:00,0,26978172,180681
OK,68,48,879,68,2014-09-21T23:30:00,0,26978621,180681
OK,68,48,879,68,2014-09-21T23:35:00,0,26979070,180681
OK,68,48,879,68,2014-09-21T23:40:00,0,26979510,180681
OK,68,48,879,68,2014-09-21T23:45:00,0,26979853,180681
OK,68,48,879,68,2014-09-21T23:50:00,0,26980298,180681
OK,68,48,879,68,2014-09-21T23:55:00,0,26980684,180681
OK,68,48,879,68,2014-09-22T00:00:00,0,26981129,180681
OK,68,48,879,68,2014-09-22T00:05:00,0,26981344,180681
OK,40,82,879,40,2014-09-22T00:15:00,0,26982160,180681
OK,40,82,879,40,2014-09-22T00:20:00,0,26982605,180681
OK,40,82,879,40,2014-09-22T00:25:00,0,26983053,180681
OK,40,82,879,40,2014-09-22T00:30:00,0,26983354,180681
OK,40,82,879,40,2014-09-22T00:35:00,0,26983800,180681
OK,40,82,879,40,2014-09-22T00:40:00,0,26984232,180681
OK,73,45,879,73,2014-09-22T00:45:00,1,26984676,180681
OK,41,80,879,41,2014-09-22T00:50:00,1,26985110,180681
OK,43,77,879,43,2014-09-22T00:55:00,1,26985559,180681
OK,43,77,879,43,2014-09-22T01:00:00,0,26986005,180681
OK,43,77,879,43,2014-09-22T01:05:00,0,26986453,180681
OK,43,77,879,43,2014-09-22T01:10:00,0,26986899,180681
OK,43,77,879,43,2014-09-22T01:20:00,0,26987348,180681
OK,43,77,879,43,2014-09-22T01:25:00,0,26988113,180681
OK,43,77,879,43,2014-09-22T01:30:00,1,26988559,180681
OK,43,77,879,43,2014-09-22T01:35:00,1,26989008,180681
OK,45,73,879,45,2014-09-22T01:40:00,1,26989433,180681
OK,58,57,879,58,2014-09-22T01:45:00,2,26989875,180681
OK,42,78,879,42,2014-09-22T01:50:00,1,26990317,180681
OK,42,78,879,42,2014-09-22T01:55:00,0,26990763,180681
OK,42,78,879,42,2014-09-22T02:00:00,0,26991208,180681
OK,42,78,879,42,2014-09-22T02:05:00,0,26991574,180681
OK,42,78,879,42,2014-09-22T02:10:00,0,26992021,180681
OK,67,49,879,67,2014-09-22T02:15:00,1,26992468,180681
OK,67,49,879,67,2014-09-22T02:20:00,0,26992912,180681
OK,33,100,879,33,2014-09-22T02:25:00,1,26993358,180681
OK,61,54,879,61,2014-09-22T02:30:00,3,26993807,180681
OK,61,54,879,61,2014-09-22T02:35:00,1,26994245,180681
OK,61,54,879,61,2014-09-22T02:40:00,0,26994693,180681
OK,59,56,879,59,2014-09-22T02:50:00,2,26995142,180681
OK,84,39,879,84,2014-09-22T02:55:00,0,26995822,180681
OK,84,39,879,84,2014-09-22T03:00:00,0,26996262,180681
OK,84,39,879,84,2014-09-22T03:05:00,0,26996708,180681
OK,84,39,879,84,2014-09-22T03:10:00,0,26997157,180681
OK,84,39,879,84,2014-09-22T03:15:00,0,26997600,180681
OK,84,39,879,84,2014-09-22T03:20:00,0,26998036,180681
OK,84,39,879,84,2014-09-22T03:25:00,0,26998484,180681
OK,84,39,879,84,2014-09-22T03:30:00,0,26998814,180681
OK,66,50,879,66,2014-09-22T03:35:00,2,26999253,180681
OK,55,60,879,55,2014-09-22T03:40:00,4,26999701,180681
OK,79,41,879,79,2014-09-22T03:45:00,8,27000150,180681
OK,65,50,879,65,2014-09-22T03:50:00,12,27000581,180681
OK,58,57,879,58,2014-09-22T03:55:00,11,27001021,180681
OK,87,38,879,87,2014-09-22T04:05:00,5,27001470,180681
OK,57,58,879,57,2014-09-22T04:10:00,5,27002348,180681
OK,55,60,879,55,2014-09-22T04:15:00,9,27002795,180681
OK,52,63,879,52,2014-09-22T04:20:00,8,27003234,180681
OK,49,67,879,49,2014-09-22T04:25:00,6,27003677,180681
OK,55,60,879,55,2014-09-22T04:35:00,19,27004126,180681
OK,56,59,879,56,2014-09-22T04:40:00,22,27004568,180681
OK,80,41,879,80,2014-09-22T04:50:00,21,27005012,180681
OK,83,39,879,83,2014-09-22T05:00:00,32,27005874,180681
OK,66,50,879,66,2014-09-22T05:10:00,36,27006655,180681
OK,72,46,879,72,2014-09-22T05:15:00,43,27007527,180681
OK,84,39,879,84,2014-09-22T05:20:00,43,27007957,180681
OK,98,33,879,98,2014-09-22T05:25:00,38,27008397,180681
OK,94,35,879,94,2014-09-22T05:30:00,37,27008844,180681
OK,104,31,879,104,2014-09-22T05:35:00,32,27009292,180681
OK,114,29,879,114,2014-09-22T05:40:00,34,27009622,180681
OK,104,31,879,104,2014-09-22T05:45:00,45,27010049,180681
OK,105,31,879,105,2014-09-22T05:50:00,46,27010474,180681
OK,97,34,879,97,2014-09-22T05:55:00,35,27010917,180681
OK,82,40,879,82,2014-09-22T06:00:00,24,27011356,180681
OK,74,44,879,74,2014-09-22T06:05:00,17,27011796,180681
OK,78,42,879,78,2014-09-22T06:10:00,32,27012225,180681
OK,94,35,879,94,2014-09-22T06:15:00,31,27012667,180681
OK,103,32,879,103,2014-09-22T06:20:00,36,27013069,180681
OK,101,32,879,101,2014-09-22T06:25:00,42,27013510,180681
OK,98,33,879,98,2014-09-22T06:30:00,33,27013940,180681
OK,97,34,879,97,2014-09-22T06:35:00,39,27014387,180681
OK,96,34,879,96,2014-09-22T06:40:00,33,27014817,180681
OK,73,45,879,73,2014-09-22T06:45:00,24,27015258,180681
OK,64,51,879,64,2014-09-22T06:50:00,35,27015698,180681
OK,72,46,879,72,2014-09-22T06:55:00,30,27016143,180681
OK,70,47,879,70,2014-09-22T07:00:00,26,27016583,180681
OK,86,38,879,86,2014-09-22T07:10:00,20,27017019,180681
OK,79,41,879,79,2014-09-22T07:15:00,18,27017867,180681
OK,69,48,879,69,2014-09-22T07:20:00,28,27018308,180681
OK,75,44,879,75,2014-09-22T07:25:00,26,27018748,180681
OK,55,60,879,55,2014-09-22T07:30:00,17,27019172,180681
OK,58,57,879,58,2014-09-22T07:35:00,18,27019610,180681
OK,67,49,879,67,2014-09-22T07:40:00,17,27020030,180681
OK,83,39,879,83,2014-09-22T07:45:00,16,27020458,180681
OK,73,45,879,73,2014-09-22T07:50:00,17,27020882,180681
OK,64,51,879,64,2014-09-22T07:55:00,19,27021326,180681
OK,64,51,879,64,2014-09-22T08:00:00,19,27021759,180681
OK,79,41,879,79,2014-09-22T08:05:00,17,27022199,180681
OK,62,53,879,62,2014-09-22T08:10:00,19,27022617,180681
OK,61,54,879,61,2014-09-22T08:15:00,24,27023063,180681
OK,73,45,879,73,2014-09-22T08:20:00,25,27023504,180681
OK,73,45,879,73,2014-09-22T08:25:00,21,27023938,180681
OK,82,40,879,82,2014-09-22T08:35:00,16,27024383,180681
OK,71,46,879,71,2014-09-22T08:40:00,14,27024798,180681
OK,82,40,879,82,2014-09-22T08:45:00,28,27025216,180681
OK,71,46,879,71,2014-09-22T08:50:00,31,27025662,180681
OK,83,39,879,83,2014-09-22T08:55:00,19,27026111,180681
OK,84,39,879,84,2014-09-22T09:00:00,12,27026454,180681
OK,48,69,879,48,2014-09-22T09:10:00,15,27026888,180681
OK,88,37,879,88,2014-09-22T09:15:00,13,27027753,180681
OK,59,56,879,59,2014-09-22T09:20:00,21,27028186,180681
OK,88,37,879,88,2014-09-22T09:25:00,24,27028631,180681
OK,65,50,879,65,2014-09-22T09:35:00,24,27029079,180681
OK,78,42,879,78,2014-09-22T09:40:00,16,27029871,180681
OK,64,51,879,64,2014-09-22T09:50:00,17,27030317,180681
OK,58,57,879,58,2014-09-22T09:55:00,16,27031180,180681
OK,65,50,879,65,2014-09-22T10:00:00,14,27031619,180681
OK,54,61,879,54,2014-09-22T10:05:00,22,27032068,180681
OK,57,58,879,57,2014-09-22T10:10:00,23,27032514,180681
OK,57,58,879,57,2014-09-22T10:15:00,19,27032963,180681
OK,71,46,879,71,2014-09-22T10:20:00,16,27033382,180681
OK,71,46,879,71,2014-09-22T10:25:00,17,27033827,180681
OK,74,44,879,74,2014-09-22T10:35:00,15,27034276,180681
OK,66,50,879,66,2014-09-22T10:40:00,18,27035094,180681
OK,70,47,879,70,2014-09-22T10:45:00,29,27035543,180681
OK,49,67,879,49,2014-09-22T10:55:00,28,27035992,180681
OK,50,66,879,50,2014-09-22T11:00:00,25,27036441,180681
OK,55,60,879,55,2014-09-22T11:05:00,25,27036889,180681
OK,64,51,879,64,2014-09-22T11:10:00,20,27037315,180681
OK,73,45,879,73,2014-09-22T11:15:00,18,27037761,180681
OK,67,49,879,67,2014-09-22T11:20:00,19,27038191,180681
OK,68,48,879,68,2014-09-22T11:25:00,22,27038638,180681
OK,53,62,879,53,2014-09-22T11:30:00,25,27039085,180681
OK,54,61,879,54,2014-09-22T11:35:00,26,27039534,180681
OK,69,48,879,69,2014-09-22T11:40:00,28,27039949,180681
OK,72,46,879,72,2014-09-22T11:45:00,26,27040394,180681
OK,71,46,879,71,2014-09-22T11:50:00,26,27040837,180681
OK,71,46,879,71,2014-09-22T11:55:00,24,27041286,180681
OK,76,43,879,76,2014-09-22T12:00:00,30,27041722,180681
OK,74,44,879,74,2014-09-22T12:05:00,25,27042169,180681
OK,71,46,879,71,2014-09-22T12:10:00,21,27042582,180681
OK,80,41,879,80,2014-09-22T12:35:00,37,27043014,180681
OK,74,44,879,74,2014-09-22T12:40:00,28,27043455,180681
OK,79,41,879,79,2014-09-22T12:45:00,18,27043901,180681
OK,70,47,879,70,2014-09-22T12:50:00,22,27044349,180681
OK,69,48,879,69,2014-09-22T12:55:00,26,27044785,180681
OK,71,46,879,71,2014-09-22T13:00:00,37,27045228,180681
OK,75,44,879,75,2014-09-22T13:05:00,37,27045597,180681
OK,73,45,879,73,2014-09-22T13:10:00,27,27046043,180681
OK,86,38,879,86,2014-09-22T13:15:00,25,27046492,180681
OK,69,48,879,69,2014-09-22T13:20:00,25,27046888,180681
OK,73,45,879,73,2014-09-22T13:25:00,34,27047323,180681
OK,89,37,879,89,2014-09-22T13:30:00,26,27047764,180681
OK,89,37,879,89,2014-09-22T13:35:00,26,27048213,180681
OK,74,44,879,74,2014-09-22T13:40:00,43,27048652,180681
OK,71,46,879,71,2014-09-22T13:45:00,42,27049101,180681
OK,81,40,879,81,2014-09-22T13:50:00,25,27049528,180681
OK,81,40,879,81,2014-09-22T14:00:00,25,27049974,180681
OK,79,41,879,79,2014-09-22T14:05:00,25,27050776,180681
OK,78,42,879,78,2014-09-22T14:10:00,24,27051208,180681
OK,89,37,879,89,2014-09-22T14:15:00,24,27051653,180681
OK,87,38,879,87,2014-09-22T14:20:00,35,27052099,180681
OK,86,38,879,86,2014-09-22T14:25:00,25,27052546,180681
OK,79,41,879,79,2014-09-22T14:30:00,20,27052985,180681
OK,91,36,879,91,2014-09-22T14:35:00,23,27053433,180681
OK,74,44,879,74,2014-09-22T14:40:00,27,27053882,180681
OK,72,46,879,72,2014-09-22T14:45:00,18,27054308,180681
OK,91,36,879,91,2014-09-22T14:50:00,19,27054748,180681
OK,67,49,879,67,2014-09-22T14:55:00,23,27055197,180681
OK,88,37,879,88,2014-09-22T15:05:00,15,27055646,180681
OK,72,46,879,72,2014-09-22T15:10:00,11,27056402,180681
OK,57,58,879,57,2014-09-22T15:15:00,15,27056848,180681
OK,54,61,879,54,2014-09-22T15:20:00,16,27057292,180681
OK,51,64,879,51,2014-09-22T15:25:00,18,27057741,180681
OK,50,66,879,50,2014-09-22T15:30:00,14,27058170,180681
OK,46,72,879,46,2014-09-22T15:35:00,9,27058615,180681
OK,73,45,879,73,2014-09-22T15:40:00,5,27059046,180681
OK,75,44,879,75,2014-09-22T15:45:00,10,27059418,180681
OK,48,69,879,48,2014-09-22T15:50:00,13,27059864,180681
OK,54,61,879,54,2014-09-22T15:55:00,13,27060313,180681
OK,80,41,879,80,2014-09-22T16:00:00,16,27060743,180681
OK,54,61,879,54,2014-09-22T16:05:00,13,27061190,180681
OK,54,61,879,54,2014-09-22T16:10:00,9,27061620,180681
OK,70,47,879,70,2014-09-22T16:15:00,18,27062069,180681
OK,67,49,879,67,2014-09-22T16:20:00,19,27062518,180681
OK,67,49,879,67,2014-09-22T16:25:00,13,27062859,180681
OK,55,60,879,55,2014-09-22T16:30:00,14,27063305,180681
OK,69,48,879,69,2014-09-22T16:35:00,13,27063752,180681
OK,83,39,879,83,2014-09-22T16:40:00,12,27064201,180681
OK,51,64,879,51,2014-09-22T16:45:00,6,27064650,180681
OK,81,40,879,81,2014-09-22T16:50:00,4,27065089,180681
OK,69,48,879,69,2014-09-22T16:55:00,6,27065537,180681
OK,66,50,879,66,2014-09-22T17:00:00,8,27065985,180681
OK,71,46,879,71,2014-09-22T17:05:00,11,27066433,180681
OK,71,46,879,71,2014-09-22T17:10:00,7,27066871,180681
OK,69,48,879,69,2014-09-22T17:15:00,12,27067320,180681
OK,52,63,879,52,2014-09-22T17:20:00,15,27067758,180681
OK,49,67,879,49,2014-09-22T17:25:00,12,27068207,180681
OK,41,80,879,41,2014-09-22T17:30:00,6,27068640,180681
OK,42,78,879,42,2014-09-22T17:35:00,7,27069087,180681
OK,53,62,879,53,2014-09-22T17:40:00,9,27069532,180681
OK,59,56,879,59,2014-09-22T17:45:00,5,27069981,180681
OK,102,32,879,102,2014-09-22T17:50:00,2,27070326,180681
OK,71,46,879,71,2014-09-22T17:55:00,5,27070772,180681
OK,49,67,879,49,2014-09-22T18:00:00,4,27071221,180681
OK,50,66,879,50,2014-09-22T18:05:00,3,27071667,180681
OK,52,63,879,52,2014-09-22T18:10:00,3,27072116,180681
OK,69,48,879,69,2014-09-22T18:15:00,9,27072562,180681
OK,69,48,879,69,2014-09-22T18:20:00,9,27073008,180681
OK,56,59,879,56,2014-09-22T18:25:00,10,27073457,180681
OK,52,63,879,52,2014-09-22T18:30:00,11,27073862,180681
OK,47,70,879,47,2014-09-22T18:35:00,11,27074308,180681
OK,48,69,879,48,2014-09-22T18:40:00,14,27074751,180681
OK,89,37,879,89,2014-09-22T18:45:00,9,27075194,180681
OK,74,44,879,74,2014-09-22T18:50:00,4,27075638,180681
OK,48,69,879,48,2014-09-22T18:55:00,5,27076086,180681
OK,59,56,879,59,2014-09-22T19:00:00,9,27076520,180681
OK,44,75,879,44,2014-09-22T19:05:00,10,27076969,180681
OK,43,77,879,43,2014-09-22T19:10:00,10,27077416,180681
OK,62,53,879,62,2014-09-22T19:15:00,9,27077861,180681
OK,49,67,879,49,2014-09-22T19:20:00,6,27078308,180681
OK,58,57,879,58,2014-09-22T19:25:00,6,27078756,180681
OK,44,75,879,44,2014-09-22T19:30:00,5,27079203,180681
OK,55,60,879,55,2014-09-22T19:35:00,8,27079650,180681
OK,65,50,879,65,2014-09-22T19:40:00,4,27080092,180681
OK,47,70,879,47,2014-09-22T19:50:00,5,27080540,180681
OK,47,70,879,47,2014-09-22T19:55:00,3,27080962,180681
OK,54,61,879,54,2014-09-22T20:00:00,5,27081385,180681
OK,53,62,879,53,2014-09-22T20:05:00,5,27081832,180681
OK,55,60,879,55,2014-09-22T20:10:00,3,27082279,180681
OK,62,53,879,62,2014-09-22T20:15:00,3,27082726,180681
OK,69,48,879,69,2014-09-22T20:20:00,2,27083161,180681
OK,104,31,879,104,2014-09-22T20:25:00,2,27083605,180681
OK,51,64,879,51,2014-09-22T20:30:00,5,27084036,180681
OK,50,66,879,50,2014-09-22T20:35:00,5,27084485,180681
OK,50,66,879,50,2014-09-22T20:40:00,7,27084914,180681
OK,54,61,879,54,2014-09-22T20:45:00,3,27085362,180681
OK,73,45,879,73,2014-09-22T20:50:00,3,27085810,180681
OK,68,48,879,68,2014-09-22T20:55:00,2,27086251,180681
OK,48,69,879,48,2014-09-22T21:00:00,2,27086692,180681
OK,54,61,879,54,2014-09-22T21:05:00,2,27087133,180681
OK,66,50,879,66,2014-09-22T21:10:00,3,27087582,180681
OK,62,53,879,62,2014-09-22T21:15:00,2,27088023,180681
OK,80,41,879,80,2014-09-22T21:20:00,1,27088463,180681
OK,80,41,879,80,2014-09-22T21:25:00,1,27088912,180681
OK,50,66,879,50,2014-09-22T21:30:00,2,27089312,180681
OK,44,75,879,44,2014-09-22T21:35:00,1,27089755,180681
OK,44,75,879,44,2014-09-22T21:40:00,0,27090202,180681
OK,41,80,879,41,2014-09-22T21:45:00,1,27090646,180681
OK,41,80,879,41,2014-09-22T21:50:00,1,27091012,180681
OK,41,80,879,41,2014-09-22T21:55:00,0,27091461,180681
OK,41,80,879,41,2014-09-22T22:00:00,0,27091910,180681
OK,41,80,879,41,2014-09-22T22:05:00,0,27092341,180681
OK,41,80,879,41,2014-09-22T22:10:00,0,27092759,180681
OK,56,59,879,56,2014-09-22T22:15:00,0,27093207,180681
OK,56,59,879,56,2014-09-22T22:20:00,0,27093653,180681
OK,56,59,879,56,2014-09-22T22:25:00,0,27094048,180681
OK,56,59,879,56,2014-09-22T22:30:00,0,27094494,180681
OK,56,59,879,56,2014-09-22T22:40:00,0,27094943,180681
OK,76,43,879,76,2014-09-22T22:45:00,1,27095392,180681
OK,75,44,879,75,2014-09-22T22:50:00,2,27095815,180681
OK,75,44,879,75,2014-09-22T22:55:00,1,27096171,180681
OK,75,44,879,75,2014-09-22T23:00:00,0,27096620,180681
OK,75,44,879,75,2014-09-22T23:05:00,0,27097048,180681
OK,75,44,879,75,2014-09-22T23:10:00,0,27097497,180681
OK,75,44,879,75,2014-09-22T23:15:00,0,27097838,180681
OK,75,44,879,75,2014-09-22T23:20:00,0,27098255,180681
OK,48,69,879,48,2014-09-22T23:30:00,1,27099153,180681
OK,48,69,879,48,2014-09-22T23:35:00,0,27099541,180681
OK,48,69,879,48,2014-09-22T23:40:00,0,27099965,180681
OK,43,77,879,43,2014-09-22T23:50:00,1,27100848,180681
OK,43,77,879,43,2014-09-22T23:55:00,1,27101292,180681
OK,43,77,879,43,2014-09-23T00:00:00,0,27101695,180681
OK,33,100,879,33,2014-09-23T00:10:00,1,27102397,180681
OK,35,94,879,35,2014-09-23T00:15:00,2,27102845,180681
OK,38,87,879,38,2014-09-23T00:20:00,0,27103275,180681
OK,38,87,879,38,2014-09-23T00:25:00,0,27103724,180681
OK,38,87,879,38,2014-09-23T00:30:00,0,27104040,180681
OK,50,66,879,50,2014-09-23T00:35:00,0,27104489,180681
OK,50,66,879,50,2014-09-23T00:40:00,0,27104933,180681
OK,68,48,879,68,2014-09-23T00:45:00,0,27105382,180681
OK,68,48,879,68,2014-09-23T00:50:00,0,27105819,180681
OK,68,48,879,68,2014-09-23T00:55:00,0,27106265,180681
OK,48,69,879,48,2014-09-23T01:00:00,1,27106701,180681
OK,45,73,879,45,2014-09-23T01:05:00,2,27107149,180681
OK,43,77,879,43,2014-09-23T01:10:00,0,27107598,180681
OK,43,77,879,43,2014-09-23T01:15:00,0,27108041,180681
OK,43,77,879,43,2014-09-23T01:20:00,0,27108480,180681
OK,43,77,879,43,2014-09-23T01:25:00,0,27108859,180681
OK,43,77,879,43,2014-09-23T01:30:00,0,27109308,180681
OK,43,77,879,43,2014-09-23T01:35:00,0,27109745,180681
OK,43,77,879,43,2014-09-23T01:40:00,0,27110193,180681
OK,40,82,879,40,2014-09-23T01:45:00,0,27110640,180681
OK,40,82,879,40,2014-09-23T01:50:00,0,27111089,180681
OK,40,82,879,40,2014-09-23T01:55:00,0,27111536,180681
OK,124,26,879,124,2014-09-23T02:00:00,3,27111983,180681
OK,126,26,879,126,2014-09-23T02:05:00,2,27112423,180681
OK,126,26,879,126,2014-09-23T02:10:00,0,27112870,180681
OK,48,69,879,48,2014-09-23T02:15:00,1,27113319,180681
OK,48,69,879,48,2014-09-23T02:20:00,1,27113761,180681
OK,48,69,879,48,2014-09-23T02:25:00,0,27114210,180681
OK,44,75,879,44,2014-09-23T02:30:00,1,27114653,180681
OK,44,75,879,44,2014-09-23T02:35:00,0,27115102,180681
OK,43,77,879,43,2014-09-23T02:40:00,2,27115470,180681
OK,45,73,879,45,2014-09-23T02:45:00,1,27115919,180681
OK,45,73,879,45,2014-09-23T02:50:00,0,27116347,180681
OK,58,57,879,58,2014-09-23T02:55:00,2,27116793,180681
OK,58,57,879,58,2014-09-23T03:00:00,2,27117241,180681
OK,53,62,879,53,2014-09-23T03:05:00,2,27117690,180681
OK,48,69,879,48,2014-09-23T03:10:00,3,27118139,180681
OK,46,72,879,46,2014-09-23T03:15:00,4,27118588,180681
OK,99,33,879,99,2014-09-23T03:20:00,2,27119030,180681
OK,70,47,879,70,2014-09-23T03:25:00,2,27119474,180681
OK,97,34,879,97,2014-09-23T03:30:00,1,27119923,180681
OK,97,34,879,97,2014-09-23T03:35:00,0,27120372,180681
OK,52,63,879,52,2014-09-23T03:45:00,3,27120820,180681
OK,69,48,879,69,2014-09-23T03:50:00,8,27121663,180681
OK,63,52,879,63,2014-09-23T03:55:00,10,27122110,180681
OK,52,63,879,52,2014-09-23T04:00:00,6,27122555,180681
OK,54,61,879,54,2014-09-23T04:05:00,4,27122928,180681
OK,51,64,879,51,2014-09-23T04:10:00,5,27123374,180681
OK,48,69,879,48,2014-09-23T04:15:00,4,27123823,180681
OK,51,64,879,51,2014-09-23T04:20:00,6,27124271,180681
OK,46,72,879,46,2014-09-23T04:25:00,6,27124716,180681
OK,51,64,879,51,2014-09-23T04:30:00,5,27125147,180681
OK,61,54,879,61,2014-09-23T04:35:00,12,27125593,180681
OK,59,56,879,59,2014-09-23T04:40:00,20,27126042,180681
OK,60,55,879,60,2014-09-23T04:45:00,25,27126388,180681
OK,71,46,879,71,2014-09-23T04:50:00,34,27126833,180681
OK,73,45,879,73,2014-09-23T04:55:00,37,27127282,180681
OK,67,49,879,67,2014-09-23T05:00:00,18,27127730,180681
OK,78,42,879,78,2014-09-23T05:05:00,20,27128179,180681
OK,78,42,879,78,2014-09-23T05:10:00,37,27128617,180681
OK,78,42,879,78,2014-09-23T05:15:00,43,27129064,180681
OK,70,47,879,70,2014-09-23T05:20:00,31,27129503,180681
OK,97,34,879,97,2014-09-23T05:30:00,33,27129952,180681
OK,78,42,879,78,2014-09-23T05:35:00,27,27130401,180681
OK,84,39,879,84,2014-09-23T05:40:00,37,27130836,180681
OK,86,38,879,86,2014-09-23T05:45:00,37,27131283,180681
OK,99,33,879,99,2014-09-23T05:50:00,38,27131729,180681
OK,98,33,879,98,2014-09-23T05:55:00,37,27132177,180681
OK,72,46,879,72,2014-09-23T06:00:00,34,27132585,180681
OK,76,43,879,76,2014-09-23T06:05:00,31,27133018,180681
OK,78,42,879,78,2014-09-23T06:10:00,25,27133446,180681
OK,56,59,879,56,2014-09-23T06:15:00,17,27133894,180681
OK,58,57,879,58,2014-09-23T06:20:00,20,27134332,180681
OK,57,58,879,57,2014-09-23T06:25:00,27,27134781,180681
OK,61,54,879,61,2014-09-23T06:30:00,30,27135198,180681
OK,68,48,879,68,2014-09-23T06:35:00,47,27135643,180681
OK,66,50,879,66,2014-09-23T06:40:00,52,27136077,180681
OK,66,50,879,66,2014-09-23T06:45:00,36,27136525,180681
OK,73,45,879,73,2014-09-23T06:50:00,21,27136961,180681
OK,67,49,879,67,2014-09-23T06:55:00,31,27137409,180681
OK,65,50,879,65,2014-09-23T07:00:00,30,27137858,180681
OK,57,58,879,57,2014-09-23T07:05:00,17,27138307,180681
OK,62,53,879,62,2014-09-23T07:10:00,21,27138745,180681
OK,63,52,879,63,2014-09-23T07:15:00,28,27139193,180681
OK,65,50,879,65,2014-09-23T07:20:00,28,27139641,180681
OK,59,56,879,59,2014-09-23T07:25:00,20,27140090,180681
OK,59,56,879,59,2014-09-23T07:30:00,28,27140538,180681
OK,57,58,879,57,2014-09-23T07:35:00,24,27140965,180681
OK,55,60,879,55,2014-09-23T07:40:00,17,27141407,180681
OK,55,60,879,55,2014-09-23T07:45:00,17,27141856,180681
OK,67,49,879,67,2014-09-23T07:50:00,18,27142304,180681
OK,68,48,879,68,2014-09-23T07:55:00,21,27142735,180681
OK,59,56,879,59,2014-09-23T08:00:00,27,27143171,180681
OK,56,59,879,56,2014-09-23T08:05:00,31,27143618,180681
OK,51,64,879,51,2014-09-23T08:10:00,32,27144042,180681
OK,71,46,879,71,2014-09-23T08:15:00,28,27144491,180681
OK,68,48,879,68,2014-09-23T08:20:00,28,27144930,180681
OK,65,50,879,65,2014-09-23T08:30:00,20,27145379,180681
OK,74,44,879,74,2014-09-23T08:35:00,11,27146194,180681
OK,63,52,879,63,2014-09-23T08:40:00,10,27146643,180681
OK,54,61,879,54,2014-09-23T08:45:00,20,27147087,180681
OK,58,57,879,58,2014-09-23T08:50:00,15,27147536,180681
OK,52,63,879,52,2014-09-23T08:55:00,16,27147967,180681
OK,51,64,879,51,2014-09-23T09:00:00,21,27148411,180681
OK,69,48,879,69,2014-09-23T09:05:00,16,27148860,180681
OK,69,48,879,69,2014-09-23T09:10:00,22,27149299,180681
OK,64,51,879,64,2014-09-23T09:15:00,23,27149746,180681
OK,53,62,879,53,2014-09-23T09:20:00,17,27150178,180681
OK,71,46,879,71,2014-09-23T09:25:00,17,27150532,180681
OK,59,56,879,59,2014-09-23T09:30:00,14,27150978,180681
OK,57,58,879,57,2014-09-23T09:40:00,22,27151427,180681
OK,58,57,879,58,2014-09-23T09:45:00,24,27152182,180681
OK,67,49,879,67,2014-09-23T09:50:00,28,27152621,180681
OK,52,63,879,52,2014-09-23T09:55:00,30,27153067,180681
OK,63,52,879,63,2014-09-23T10:00:00,14,27153459,180681
OK,61,54,879,61,2014-09-23T10:05:00,10,27153905,180681
OK,58,57,879,58,2014-09-23T10:10:00,14,27154339,180681
OK,56,59,879,56,2014-09-23T10:15:00,25,27154783,180681
OK,56,59,879,56,2014-09-23T10:20:00,30,27155230,180681
OK,59,56,879,59,2014-09-23T10:25:00,19,27155677,180681
OK,60,55,879,60,2014-09-23T10:30:00,18,27156126,180681
OK,51,64,879,51,2014-09-23T10:35:00,20,27156542,180681
OK,64,51,879,64,2014-09-23T10:40:00,17,27156980,180681
OK,70,47,879,70,2014-09-23T10:45:00,17,27157429,180681
OK,53,62,879,53,2014-09-23T10:55:00,25,27157878,180681
OK,70,47,879,70,2014-09-23T11:00:00,20,27158668,180681
OK,57,58,879,57,2014-09-23T11:05:00,20,27159117,180681
OK,57,58,879,57,2014-09-23T11:10:00,28,27159535,180681
OK,63,52,879,63,2014-09-23T11:15:00,30,27159876,180681
OK,76,43,879,76,2014-09-23T11:20:00,23,27160322,180681
OK,70,47,879,70,2014-09-23T11:25:00,24,27160771,180681
OK,68,48,879,68,2014-09-23T11:30:00,21,27161216,180681
OK,66,50,879,66,2014-09-23T11:35:00,17,27161665,180681
OK,66,50,879,66,2014-09-23T11:40:00,13,27162114,180681
OK,49,67,879,49,2014-09-23T11:45:00,18,27162540,180681
OK,53,62,879,53,2014-09-23T11:50:00,29,27162980,180681
OK,84,39,879,84,2014-09-23T11:55:00,28,27163426,180681
OK,97,34,879,97,2014-09-23T12:00:00,19,27163866,180681
OK,59,56,879,59,2014-09-23T12:05:00,20,27164312,180681
OK,48,69,879,48,2014-09-23T12:10:00,25,27164758,180681
OK,48,69,879,48,2014-09-23T12:15:00,21,27165202,180681
OK,61,54,879,61,2014-09-23T12:20:00,18,27165650,180681
OK,68,48,879,68,2014-09-23T12:25:00,26,27166099,180681
OK,65,50,879,65,2014-09-23T12:30:00,23,27166537,180681
OK,62,53,879,62,2014-09-23T12:35:00,17,27166985,180681
OK,69,48,879,69,2014-09-23T12:40:00,19,27167329,180681
OK,75,44,879,75,2014-09-23T12:45:00,28,27167777,180681
OK,69,48,879,69,2014-09-23T12:50:00,32,27168219,180681
OK,67,49,879,67,2014-09-23T12:55:00,29,27168666,180681
OK,55,60,879,55,2014-09-23T13:00:00,33,27169095,180681
OK,61,54,879,61,2014-09-23T13:05:00,35,27169541,180681
OK,81,40,879,81,2014-09-23T13:10:00,24,27169984,180681
OK,78,42,879,78,2014-09-23T13:15:00,22,27170330,180681
OK,77,43,879,77,2014-09-23T13:20:00,43,27170778,180681
OK,86,38,879,86,2014-09-23T13:25:00,47,27171227,180681
OK,93,35,879,93,2014-09-23T13:30:00,27,27171675,180681
OK,93,35,879,93,2014-09-23T13:40:00,29,27172124,180681
OK,68,48,879,68,2014-09-23T13:45:00,23,27172829,180681
OK,74,44,879,74,2014-09-23T13:50:00,30,27173278,180681
OK,84,39,879,84,2014-09-23T13:55:00,29,27173721,180681
OK,81,40,879,81,2014-09-23T14:00:00,20,27174165,180681
OK,54,61,879,54,2014-09-23T14:05:00,22,27174613,180681
OK,68,48,879,68,2014-09-23T14:10:00,20,27175019,180681
OK,82,40,879,82,2014-09-23T14:15:00,23,27175463,180681
OK,79,41,879,79,2014-09-23T14:20:00,30,27175900,180681
OK,79,41,879,79,2014-09-23T14:25:00,25,27176347,180681
OK,81,40,879,81,2014-09-23T14:30:00,33,27176788,180681
OK,74,44,879,74,2014-09-23T14:35:00,31,27177235,180681
OK,77,43,879,77,2014-09-23T14:40:00,36,27177573,180681
OK,72,46,879,72,2014-09-23T14:45:00,39,27178020,180681
OK,64,51,879,64,2014-09-23T14:50:00,23,27178462,180681
OK,56,59,879,56,2014-09-23T14:55:00,22,27178910,180681
OK,52,63,879,52,2014-09-23T15:00:00,22,27179354,180681
OK,47,70,879,47,2014-09-23T15:05:00,18,27179802,180681
OK,44,75,879,44,2014-09-23T15:10:00,9,27180197,180681
OK,67,49,879,67,2014-09-23T15:15:00,28,27180641,180681
OK,53,62,879,53,2014-09-23T15:20:00,25,27181077,180681
OK,61,54,879,61,2014-09-23T15:25:00,24,27181526,180681
OK,60,55,879,60,2014-09-23T15:30:00,24,27181957,180681
OK,54,61,879,54,2014-09-23T15:40:00,19,27182404,180681
OK,55,60,879,55,2014-09-23T15:45:00,26,27183185,180681
OK,59,56,879,59,2014-09-23T15:50:00,22,27183625,180681
OK,51,64,879,51,2014-09-23T15:55:00,11,27184073,180681
OK,53,62,879,53,2014-09-23T16:00:00,9,27184513,180681
OK,57,58,879,57,2014-09-23T16:05:00,14,27184961,180681
OK,59,56,879,59,2014-09-23T16:10:00,13,27185402,180681
OK,65,50,879,65,2014-09-23T16:15:00,8,27185850,180681
OK,60,55,879,60,2014-09-23T16:20:00,7,27186285,180681
OK,55,60,879,55,2014-09-23T16:25:00,4,27186732,180681
OK,52,63,879,52,2014-09-23T16:30:00,16,27187167,180681
OK,54,61,879,54,2014-09-23T16:35:00,14,27187614,180681
OK,64,51,879,64,2014-09-23T16:40:00,11,27188060,180681
OK,56,59,879,56,2014-09-23T16:45:00,11,27188508,180681
OK,44,75,879,44,2014-09-23T16:50:00,16,27188936,180681
OK,45,73,879,45,2014-09-23T16:55:00,19,27189384,180681
OK,67,49,879,67,2014-09-23T17:00:00,11,27189816,180681
OK,42,78,879,42,2014-09-23T17:05:00,10,27190261,180681
OK,44,75,879,44,2014-09-23T17:10:00,8,27190698,180681
OK,48,69,879,48,2014-09-23T17:15:00,7,27191066,180681
OK,46,72,879,46,2014-09-23T17:20:00,7,27191515,180681
OK,44,75,879,44,2014-09-23T17:25:00,6,27191964,180681
OK,49,67,879,49,2014-09-23T17:30:00,8,27192405,180681
OK,51,64,879,51,2014-09-23T17:35:00,7,27192853,180681
OK,64,51,879,64,2014-09-23T17:40:00,10,27193289,180681
OK,68,48,879,68,2014-09-23T17:45:00,9,27193737,180681
OK,59,56,879,59,2014-09-23T17:50:00,2,27194059,180681
OK,48,69,879,48,2014-09-23T17:55:00,2,27194505,180681
OK,55,60,879,55,2014-09-23T18:00:00,7,27194944,180681
OK,67,49,879,67,2014-09-23T18:05:00,6,27195390,180681
OK,46,72,879,46,2014-09-23T18:10:00,7,27195833,180681
OK,52,63,879,52,2014-09-23T18:15:00,8,27196276,180681
OK,49,67,879,49,2014-09-23T18:20:00,6,27196723,180681
OK,49,67,879,49,2014-09-23T18:25:00,7,27197172,180681
OK,44,75,879,44,2014-09-23T18:30:00,6,27197584,180681
OK,55,60,879,55,2014-09-23T18:35:00,6,27198031,180681
OK,55,60,879,55,2014-09-23T18:40:00,4,27198466,180681
OK,53,62,879,53,2014-09-23T18:45:00,6,27198915,180681
OK,48,69,879,48,2014-09-23T18:50:00,4,27199359,180681
OK,46,72,879,46,2014-09-23T18:55:00,7,27199808,180681
OK,41,80,879,41,2014-09-23T19:00:00,7,27200254,180681
OK,36,92,879,36,2014-09-23T19:05:00,4,27200702,180681
OK,69,48,879,69,2014-09-23T19:10:00,4,27201150,180681
OK,47,70,879,47,2014-09-23T19:15:00,7,27201596,180681
OK,47,70,879,47,2014-09-23T19:20:00,9,27202026,180681
OK,52,63,879,52,2014-09-23T19:25:00,5,27202475,180681
OK,52,63,879,52,2014-09-23T19:30:00,3,27202924,180681
OK,53,62,879,53,2014-09-23T19:35:00,2,27203371,180681
OK,65,50,879,65,2014-09-23T19:45:00,12,27203820,180681
OK,64,51,879,64,2014-09-23T19:50:00,17,27204268,180681
OK,64,51,879,64,2014-09-23T19:55:00,15,27204688,180681
OK,69,48,879,69,2014-09-23T20:00:00,7,27205131,180681
OK,59,56,879,59,2014-09-23T20:05:00,5,27205572,180681
OK,45,73,879,45,2014-09-23T20:10:00,13,27206013,180681
OK,48,69,879,48,2014-09-23T20:15:00,13,27206462,180681
OK,44,75,879,44,2014-09-23T20:20:00,5,27206905,180681
OK,50,66,879,50,2014-09-23T20:25:00,5,27207351,180681
OK,53,62,879,53,2014-09-23T20:30:00,4,27207792,180681
OK,68,48,879,68,2014-09-23T20:35:00,3,27208238,180681
OK,59,56,879,59,2014-09-23T20:40:00,6,27208681,180681
OK,59,56,879,59,2014-09-23T20:45:00,6,27209130,180681
OK,81,40,879,81,2014-09-23T20:50:00,1,27209564,180681
OK,43,77,879,43,2014-09-23T20:55:00,1,27210011,180681
OK,40,82,879,40,2014-09-23T21:00:00,2,27210451,180681
OK,43,77,879,43,2014-09-23T21:05:00,3,27210899,180681
OK,45,73,879,45,2014-09-23T21:10:00,4,27211347,180681
OK,47,70,879,47,2014-09-23T21:15:00,6,27211792,180681
OK,50,66,879,50,2014-09-23T21:20:00,4,27212233,180681
OK,57,58,879,57,2014-09-23T21:25:00,2,27212680,180681
OK,44,75,879,44,2014-09-23T21:30:00,1,27213115,180681
OK,44,75,879,44,2014-09-23T21:35:00,0,27213564,180681
OK,44,75,879,44,2014-09-23T21:40:00,0,27214001,180681
OK,61,54,879,61,2014-09-23T21:45:00,1,27214342,180681
OK,61,54,879,61,2014-09-23T21:50:00,0,27214791,180681
OK,51,64,879,51,2014-09-23T21:55:00,4,27215240,180681
OK,51,64,879,51,2014-09-23T22:00:00,0,27215689,180681
OK,104,31,879,104,2014-09-23T22:05:00,1,27216122,180681
OK,104,31,879,104,2014-09-23T22:10:00,1,27216569,180681
OK,104,31,879,104,2014-09-23T22:15:00,0,27217014,180681
OK,104,31,879,104,2014-09-23T22:20:00,0,27217442,180681
OK,104,31,879,104,2014-09-23T22:25:00,0,27217842,180681
OK,104,31,879,104,2014-09-23T22:30:00,0,27218286,180681
OK,104,31,879,104,2014-09-23T22:35:00,0,27218726,180681
OK,104,31,879,104,2014-09-23T22:40:00,0,27219174,180681
OK,104,31,879,104,2014-09-23T22:45:00,0,27219622,180681
OK,104,31,879,104,2014-09-23T22:50:00,0,27220056,180681
OK,104,31,879,104,2014-09-23T22:55:00,0,27220505,180681
OK,57,58,879,57,2014-09-23T23:00:00,1,27220948,180681
OK,57,58,879,57,2014-09-23T23:05:00,0,27221395,180681
OK,63,52,879,63,2014-09-23T23:10:00,1,27221842,180681
OK,63,52,879,63,2014-09-23T23:15:00,1,27222283,180681
OK,36,92,879,36,2014-09-23T23:20:00,1,27222727,180681
OK,36,92,879,36,2014-09-23T23:25:00,0,27223176,180681
OK,61,54,879,61,2014-09-23T23:30:00,3,27223549,180681
OK,34,97,879,34,2014-09-23T23:35:00,1,27223998,180681
OK,34,97,879,34,2014-09-23T23:40:00,0,27224372,180681
OK,34,97,879,34,2014-09-23T23:50:00,0,27225269,180681
OK,34,97,879,34,2014-09-23T23:55:00,0,27225698,180681
OK,34,97,879,34,2014-09-24T00:00:00,0,27226147,180681
OK,34,97,879,34,2014-09-24T00:05:00,0,27226400,180681
OK,53,62,879,53,2014-09-24T00:15:00,2,27227000,180681
OK,45,73,879,45,2014-09-24T00:20:00,0,27227447,180681
OK,45,73,879,45,2014-09-24T00:25:00,0,27227894,180681
OK,45,73,879,45,2014-09-24T00:30:00,0,27228342,180681
OK,45,73,879,45,2014-09-24T00:35:00,0,27228786,180681
OK,45,73,879,45,2014-09-24T00:40:00,0,27229228,180681
OK,48,69,879,48,2014-09-24T00:45:00,1,27229675,180681
OK,48,69,879,48,2014-09-24T00:50:00,1,27230121,180681
OK,55,60,879,55,2014-09-24T00:55:00,0,27230570,180681
OK,55,60,879,55,2014-09-24T01:00:00,1,27231004,180681
OK,55,60,879,55,2014-09-24T01:05:00,0,27231453,180681
OK,60,55,879,60,2014-09-24T01:10:00,2,27231894,180681
OK,46,72,879,46,2014-09-24T01:15:00,3,27232342,180681
OK,40,82,879,40,2014-09-24T01:20:00,1,27232791,180681
OK,40,82,879,40,2014-09-24T01:25:00,0,27233223,180681
OK,40,82,879,40,2014-09-24T01:30:00,0,27233668,180681
OK,69,48,879,69,2014-09-24T01:35:00,1,27234117,180681
OK,69,48,879,69,2014-09-24T01:40:00,0,27234557,180681
OK,69,48,879,69,2014-09-24T01:45:00,0,27234990,180681
OK,37,89,879,37,2014-09-24T01:50:00,1,27235436,180681
OK,37,89,879,37,2014-09-24T01:55:00,0,27235885,180681
OK,37,89,879,37,2014-09-24T02:00:00,0,27236333,180681
OK,70,47,879,70,2014-09-24T02:05:00,0,27236776,180681
OK,70,47,879,70,2014-09-24T02:10:00,0,27237218,180681
OK,47,70,879,47,2014-09-24T02:15:00,0,27237667,180681
OK,47,70,879,47,2014-09-24T02:20:00,0,27238090,180681
OK,47,70,879,47,2014-09-24T02:25:00,0,27238538,180681
OK,47,70,879,47,2014-09-24T02:30:00,0,27238986,180681
OK,47,70,879,47,2014-09-24T02:35:00,0,27239429,180681
OK,60,55,879,60,2014-09-24T02:40:00,5,27239866,180681
OK,60,55,879,60,2014-09-24T02:45:00,7,27240315,180681
OK,54,61,879,54,2014-09-24T02:50:00,4,27240744,180681
OK,61,54,879,61,2014-09-24T02:55:00,2,27241191,180681
OK,42,78,879,42,2014-09-24T03:00:00,2,27241620,180681
OK,63,52,879,63,2014-09-24T03:05:00,2,27242069,180681
OK,48,69,879,48,2014-09-24T03:10:00,1,27242513,180681
OK,42,78,879,42,2014-09-24T03:15:00,2,27242961,180681
OK,37,89,879,37,2014-09-24T03:20:00,1,27243410,180681
OK,70,47,879,70,2014-09-24T03:25:00,2,27243848,180681
OK,75,44,879,75,2014-09-24T03:30:00,1,27244296,180681
OK,78,42,879,78,2014-09-24T03:35:00,1,27244745,180681
OK,51,64,879,51,2014-09-24T03:40:00,8,27245183,180681
OK,52,63,879,52,2014-09-24T03:45:00,8,27245522,180681
OK,52,63,879,52,2014-09-24T03:50:00,3,27245971,180681
OK,58,57,879,58,2014-09-24T03:55:00,2,27246419,180681
OK,76,43,879,76,2014-09-24T04:00:00,5,27246855,180681
OK,71,46,879,71,2014-09-24T04:05:00,6,27247303,180681
OK,87,38,879,87,2014-09-24T04:10:00,0,27247745,180681
OK,53,62,879,53,2014-09-24T04:15:00,13,27248189,180681
OK,54,61,879,54,2014-09-24T04:20:00,18,27248630,180681
OK,52,63,879,52,2014-09-24T04:25:00,11,27249077,180681
OK,50,66,879,50,2014-09-24T04:30:00,8,27249514,180681
OK,53,62,879,53,2014-09-24T04:35:00,17,27249963,180681
OK,55,60,879,55,2014-09-24T04:40:00,25,27250401,180681
OK,63,52,879,63,2014-09-24T04:45:00,24,27250849,180681
OK,54,61,879,54,2014-09-24T04:50:00,27,27251279,180681
OK,80,41,879,80,2014-09-24T04:55:00,29,27251728,180681
OK,73,45,879,73,2014-09-24T05:00:00,43,27252149,180681
OK,63,52,879,63,2014-09-24T05:05:00,37,27252598,180681
OK,66,50,879,66,2014-09-24T05:10:00,30,27253042,180681
OK,73,45,879,73,2014-09-24T05:15:00,36,27253491,180681
OK,79,41,879,79,2014-09-24T05:20:00,46,27253919,180681
OK,79,41,879,79,2014-09-24T05:25:00,40,27254368,180681
OK,67,49,879,67,2014-09-24T05:30:00,29,27254776,180681
OK,100,33,879,100,2014-09-24T05:35:00,29,27255225,180681
OK,102,32,879,102,2014-09-24T05:40:00,37,27255572,180681
OK,114,29,879,114,2014-09-24T05:45:00,47,27256021,180681
OK,122,27,879,122,2014-09-24T05:50:00,50,27256470,180681
OK,124,26,879,124,2014-09-24T05:55:00,37,27256919,180681
OK,94,35,879,94,2014-09-24T06:00:00,32,27257324,180681
OK,52,63,879,52,2014-09-24T06:10:00,28,27257772,180681
OK,65,50,879,65,2014-09-24T06:15:00,16,27258221,180681
OK,75,44,879,75,2014-09-24T06:20:00,32,27258668,180681
OK,81,40,879,81,2014-09-24T06:25:00,33,27259117,180681
OK,82,40,879,82,2014-09-24T06:30:00,30,27259518,180681
OK,95,34,879,95,2014-09-24T06:35:00,34,27259964,180681
OK,144,23,879,144,2014-09-24T06:40:00,41,27260413,180681
OK,141,23,879,141,2014-09-24T06:45:00,49,27260862,180681
OK,103,32,879,103,2014-09-24T06:50:00,45,27261305,180681
OK,62,53,879,62,2014-09-24T07:00:00,28,27261754,180681
OK,54,61,879,54,2014-09-24T07:05:00,19,27262203,180681
OK,52,63,879,52,2014-09-24T07:10:00,18,27262623,180681
OK,51,64,879,51,2014-09-24T07:15:00,16,27263069,180681
OK,63,52,879,63,2014-09-24T07:20:00,22,27263513,180681
OK,72,46,879,72,2014-09-24T07:25:00,30,27263960,180681
OK,54,61,879,54,2014-09-24T07:30:00,25,27264399,180681
OK,49,67,879,49,2014-09-24T07:35:00,22,27264845,180681
OK,51,64,879,51,2014-09-24T07:40:00,23,27265273,180681
OK,71,46,879,71,2014-09-24T07:45:00,21,27265719,180681
OK,73,45,879,73,2014-09-24T07:50:00,22,27266159,180681
OK,62,53,879,62,2014-09-24T07:55:00,29,27266607,180681
OK,66,50,879,66,2014-09-24T08:05:00,15,27267056,180681
OK,53,62,879,53,2014-09-24T08:10:00,17,27267782,180681
OK,55,60,879,55,2014-09-24T08:15:00,24,27268230,180681
OK,54,61,879,54,2014-09-24T08:20:00,25,27268671,180681
OK,52,63,879,52,2014-09-24T08:25:00,28,27269119,180681
OK,52,63,879,52,2014-09-24T08:30:00,18,27269551,180681
OK,54,61,879,54,2014-09-24T08:35:00,21,27269999,180681
OK,69,48,879,69,2014-09-24T08:40:00,20,27270420,180681
OK,69,48,879,69,2014-09-24T08:45:00,27,27270866,180681
OK,52,63,879,52,2014-09-24T08:50:00,28,27271302,180681
OK,54,61,879,54,2014-09-24T08:55:00,29,27271749,180681
OK,58,57,879,58,2014-09-24T09:00:00,22,27272190,180681
OK,62,53,879,62,2014-09-24T09:10:00,21,27272636,180681
OK,60,55,879,60,2014-09-24T09:15:00,23,27273443,180681
OK,52,63,879,52,2014-09-24T09:20:00,21,27273874,180681
OK,48,69,879,48,2014-09-24T09:25:00,19,27274322,180681
OK,54,61,879,54,2014-09-24T09:30:00,26,27274763,180681
OK,58,57,879,58,2014-09-24T09:35:00,25,27275210,180681
OK,58,57,879,58,2014-09-24T09:40:00,25,27275640,180681
OK,87,38,879,87,2014-09-24T09:50:00,23,27276087,180681
OK,78,42,879,78,2014-09-24T09:55:00,22,27276794,180681
OK,75,44,879,75,2014-09-24T10:00:00,20,27277235,180681
OK,58,57,879,58,2014-09-24T10:05:00,18,27277681,180681
OK,53,62,879,53,2014-09-24T10:10:00,27,27278127,180681
OK,52,63,879,52,2014-09-24T10:15:00,28,27278575,180681
OK,48,69,879,48,2014-09-24T10:20:00,22,27279008,180681
OK,51,64,879,51,2014-09-24T10:25:00,22,27279456,180681
OK,57,58,879,57,2014-09-24T10:30:00,19,27279886,180681
OK,53,62,879,53,2014-09-24T10:35:00,16,27280333,180681
OK,56,59,879,56,2014-09-24T10:40:00,18,27280679,180681
OK,56,59,879,56,2014-09-24T10:45:00,14,27281125,180681
OK,56,59,879,56,2014-09-24T10:50:00,14,27281567,180681
OK,63,52,879,63,2014-09-24T11:00:00,16,27282013,180681
OK,64,51,879,64,2014-09-24T11:05:00,24,27282845,180681
OK,58,57,879,58,2014-09-24T11:15:00,23,27283294,180681
OK,58,57,879,58,2014-09-24T11:25:00,37,27283743,180681
OK,70,47,879,70,2014-09-24T11:30:00,27,27284472,180681
OK,64,51,879,64,2014-09-24T11:35:00,26,27284918,180681
OK,54,61,879,54,2014-09-24T11:40:00,22,27285367,180681
OK,70,47,879,70,2014-09-24T11:50:00,27,27285816,180681
OK,62,53,879,62,2014-09-24T11:55:00,18,27286265,180681
OK,55,60,879,55,2014-09-24T12:05:00,26,27287038,180681
OK,52,63,879,52,2014-09-24T12:10:00,17,27287835,180681
OK,69,48,879,69,2014-09-24T12:15:00,32,27288284,180681
OK,80,41,879,80,2014-09-24T12:20:00,30,27288722,180681
OK,73,45,879,73,2014-09-24T12:25:00,26,27289036,180681
OK,73,45,879,73,2014-09-24T12:30:00,23,27289485,180681
OK,71,46,879,71,2014-09-24T12:35:00,26,27289932,180681
OK,70,47,879,70,2014-09-24T12:40:00,25,27290369,180681
OK,73,45,879,73,2014-09-24T12:45:00,23,27290818,180681
OK,52,63,879,52,2014-09-24T12:50:00,18,27291267,180681
OK,53,62,879,53,2014-09-24T12:55:00,23,27291654,180681
OK,67,49,879,67,2014-09-24T13:00:00,24,27292100,180681
OK,81,40,879,81,2014-09-24T13:05:00,28,27292549,180681
OK,85,38,879,85,2014-09-24T13:10:00,26,27292960,180681
OK,74,44,879,74,2014-09-24T13:15:00,31,27293409,180681
OK,81,40,879,81,2014-09-24T13:20:00,37,27293813,180681
OK,87,38,879,87,2014-09-24T13:25:00,41,27294262,180681
OK,84,39,879,84,2014-09-24T13:30:00,36,27294681,180681
OK,72,46,879,72,2014-09-24T13:35:00,26,27295130,180681
OK,82,40,879,82,2014-09-24T13:40:00,24,27295575,180681
OK,88,37,879,88,2014-09-24T13:45:00,31,27296023,180681
OK,85,38,879,85,2014-09-24T13:50:00,33,27296460,180681
OK,80,41,879,80,2014-09-24T13:55:00,22,27296909,180681
OK,71,46,879,71,2014-09-24T14:05:00,35,27297790,180681
OK,72,46,879,72,2014-09-24T14:10:00,28,27298214,180681
OK,67,49,879,67,2014-09-24T14:15:00,14,27298663,180681
OK,77,43,879,77,2014-09-24T14:20:00,28,27299089,180681
OK,85,38,879,85,2014-09-24T14:25:00,35,27299538,180681
OK,76,43,879,76,2014-09-24T14:30:00,30,27299956,180681
OK,64,51,879,64,2014-09-24T14:35:00,27,27300405,180681
OK,55,60,879,55,2014-09-24T14:40:00,21,27300832,180681
OK,61,54,879,61,2014-09-24T14:45:00,27,27301281,180681
OK,71,46,879,71,2014-09-24T14:50:00,28,27301709,180681
OK,68,48,879,68,2014-09-24T14:55:00,26,27302158,180681
OK,60,55,879,60,2014-09-24T15:00:00,25,27302579,180681
OK,77,43,879,77,2014-09-24T15:05:00,15,27303028,180681
OK,76,43,879,76,2014-09-24T15:10:00,26,27303452,180681
OK,77,43,879,77,2014-09-24T15:15:00,28,27303901,180681
OK,54,61,879,54,2014-09-24T15:20:00,25,27304331,180681
OK,62,53,879,62,2014-09-24T15:25:00,26,27304690,180681
OK,51,64,879,51,2014-09-24T15:30:00,27,27305139,180681
OK,50,66,879,50,2014-09-24T15:35:00,26,27305588,180681
OK,61,54,879,61,2014-09-24T15:40:00,14,27305923,180681
OK,54,61,879,54,2014-09-24T15:45:00,14,27306372,180681
OK,55,60,879,55,2014-09-24T15:50:00,13,27306808,180681
OK,59,56,879,59,2014-09-24T15:55:00,15,27307257,180681
OK,53,62,879,53,2014-09-24T16:00:00,19,27307706,180681
OK,48,69,879,48,2014-09-24T16:05:00,11,27308142,180681
OK,51,64,879,51,2014-09-24T16:10:00,18,27308580,180681
OK,49,67,879,49,2014-09-24T16:15:00,18,27309029,180681
OK,53,62,879,53,2014-09-24T16:20:00,9,27309463,180681
OK,60,55,879,60,2014-09-24T16:25:00,12,27309911,180681
OK,53,62,879,53,2014-09-24T16:30:00,6,27310259,180681
OK,60,55,879,60,2014-09-24T16:35:00,11,27310705,180681
OK,57,58,879,57,2014-09-24T16:40:00,17,27311146,180681
OK,57,58,879,57,2014-09-24T16:45:00,15,27311595,180681
OK,51,64,879,51,2014-09-24T16:50:00,19,27312044,180681
OK,50,66,879,50,2014-09-24T16:55:00,16,27312484,180681
OK,50,66,879,50,2014-09-24T17:00:00,7,27312921,180681
OK,78,42,879,78,2014-09-24T17:05:00,6,27313370,180681
OK,52,63,879,52,2014-09-24T17:10:00,11,27313810,180681
OK,47,70,879,47,2014-09-24T17:15:00,13,27314259,180681
OK,47,70,879,47,2014-09-24T17:20:00,7,27314697,180681
OK,50,66,879,50,2014-09-24T17:30:00,4,27315144,180681
OK,45,73,879,45,2014-09-24T17:35:00,3,27315959,180681
OK,47,70,879,47,2014-09-24T17:40:00,6,27316397,180681
OK,45,73,879,45,2014-09-24T17:45:00,6,27316845,180681
OK,45,73,879,45,2014-09-24T17:50:00,4,27317287,180681
OK,55,60,879,55,2014-09-24T17:55:00,5,27317736,180681
OK,57,58,879,57,2014-09-24T18:00:00,9,27318165,180681
OK,53,62,879,53,2014-09-24T18:05:00,8,27318612,180681
OK,66,50,879,66,2014-09-24T18:10:00,6,27319050,180681
OK,65,50,879,65,2014-09-24T18:15:00,7,27319499,180681
OK,52,63,879,52,2014-09-24T18:20:00,12,27319946,180681
OK,49,67,879,49,2014-09-24T18:25:00,13,27320395,180681
OK,48,69,879,48,2014-09-24T18:30:00,7,27320844,180681
OK,61,54,879,61,2014-09-24T18:35:00,5,27321293,180681
OK,74,44,879,74,2014-09-24T18:40:00,8,27321728,180681
OK,73,45,879,73,2014-09-24T18:45:00,7,27322167,180681
OK,44,75,879,44,2014-09-24T18:50:00,3,27322603,180681
OK,41,80,879,41,2014-09-24T18:55:00,1,27323052,180681
OK,85,38,879,85,2014-09-24T19:00:00,3,27323480,180681
OK,75,44,879,75,2014-09-24T19:05:00,8,27323929,180681
OK,55,60,879,55,2014-09-24T19:10:00,7,27324366,180681
OK,58,57,879,58,2014-09-24T19:15:00,5,27324815,180681
OK,68,48,879,68,2014-09-24T19:20:00,6,27325253,180681
OK,55,60,879,55,2014-09-24T19:25:00,7,27325686,180681
OK,55,60,879,55,2014-09-24T19:30:00,7,27326135,180681
OK,53,62,879,53,2014-09-24T19:35:00,5,27326584,180681
OK,57,58,879,57,2014-09-24T19:40:00,3,27327033,180681
OK,57,58,879,57,2014-09-24T19:45:00,3,27327457,180681
OK,140,23,879,140,2014-09-24T19:50:00,0,27327897,180681
OK,42,78,879,42,2014-09-24T19:55:00,3,27328346,180681
OK,74,44,879,74,2014-09-24T20:00:00,5,27328762,180681
OK,81,40,879,81,2014-09-24T20:05:00,7,27329207,180681
OK,68,48,879,68,2014-09-24T20:10:00,6,27329648,180681
OK,41,80,879,41,2014-09-24T20:15:00,5,27330095,180681
OK,68,48,879,68,2014-09-24T20:20:00,3,27330447,180681
OK,68,48,879,68,2014-09-24T20:25:00,5,27330896,180681
OK,49,67,879,49,2014-09-24T20:30:00,1,27331343,180681
OK,49,67,879,49,2014-09-24T20:35:00,3,27331778,180681
OK,63,52,879,63,2014-09-24T20:40:00,2,27332219,180681
OK,75,44,879,75,2014-09-24T20:45:00,3,27332666,180681
OK,72,46,879,72,2014-09-24T20:50:00,3,27333107,180681
OK,54,61,879,54,2014-09-24T20:55:00,1,27333556,180681
OK,95,34,879,95,2014-09-24T21:00:00,1,27333997,180681
OK,52,63,879,52,2014-09-24T21:05:00,4,27334445,180681
OK,52,63,879,52,2014-09-24T21:10:00,5,27334892,180681
OK,52,63,879,52,2014-09-24T21:15:00,3,27335340,180681
OK,52,63,879,52,2014-09-24T21:20:00,0,27335768,180681
OK,52,63,879,52,2014-09-24T21:25:00,0,27336150,180681
OK,46,72,879,46,2014-09-24T21:30:00,1,27336599,180681
OK,43,77,879,43,2014-09-24T21:35:00,2,27337045,180681
OK,72,46,879,72,2014-09-24T21:40:00,2,27337477,180681
OK,72,46,879,72,2014-09-24T21:45:00,2,27337926,180681
OK,72,46,879,72,2014-09-24T21:50:00,1,27338367,180681
OK,72,46,879,72,2014-09-24T21:55:00,1,27338809,180681
OK,72,46,879,72,2014-09-24T22:00:00,0,27339258,180681
OK,72,46,879,72,2014-09-24T22:05:00,0,27339707,180681
OK,56,59,879,56,2014-09-24T22:10:00,1,27340137,180681
OK,63,52,879,63,2014-09-24T22:15:00,2,27340583,180681
OK,32,103,879,32,2014-09-24T22:20:00,1,27341030,180681
OK,32,103,879,32,2014-09-24T22:25:00,0,27341405,180681
OK,32,103,879,32,2014-09-24T22:30:00,0,27341854,180681
OK,32,103,879,32,2014-09-24T22:35:00,0,27342195,180681
OK,32,103,879,32,2014-09-24T22:40:00,0,27342644,180681
OK,53,62,879,53,2014-09-24T22:45:00,1,27343092,180681
OK,46,72,879,46,2014-09-24T22:50:00,2,27343522,180681
OK,40,82,879,40,2014-09-24T22:55:00,1,27343927,180681
OK,31,106,879,31,2014-09-24T23:00:00,1,27344376,180681
OK,31,106,879,31,2014-09-24T23:05:00,0,27344814,180681
OK,46,72,879,46,2014-09-24T23:10:00,1,27345258,180681
OK,46,72,879,46,2014-09-24T23:15:00,1,27345706,180681
OK,46,72,879,46,2014-09-24T23:20:00,0,27346143,180681
OK,45,73,879,45,2014-09-24T23:25:00,3,27346561,180681
OK,63,52,879,63,2014-09-24T23:30:00,2,27347010,180681
OK,44,75,879,44,2014-09-24T23:35:00,0,27347443,180681
OK,44,75,879,44,2014-09-24T23:40:00,0,27347889,180681
OK,44,75,879,44,2014-09-24T23:45:00,0,27348323,180681
OK,44,75,879,44,2014-09-24T23:50:00,0,27348762,180681
OK,42,78,879,42,2014-09-24T23:55:00,1,27349183,180681
OK,50,66,879,50,2014-09-25T00:00:00,4,27349632,180681
OK,57,58,879,57,2014-09-25T00:05:00,2,27349920,180681
OK,74,44,879,74,2014-09-25T00:15:00,1,27350575,180681
OK,74,44,879,74,2014-09-25T00:20:00,0,27351000,180681
OK,39,84,879,39,2014-09-25T00:25:00,0,27351422,180681
OK,39,84,879,39,2014-09-25T00:30:00,0,27351871,180681
OK,39,84,879,39,2014-09-25T00:35:00,0,27352314,180681
OK,81,40,879,81,2014-09-25T00:40:00,1,27352763,180681
OK,81,40,879,81,2014-09-25T00:45:00,0,27353210,180681
OK,81,40,879,81,2014-09-25T00:50:00,0,27353657,180681
OK,81,40,879,81,2014-09-25T00:55:00,0,27354106,180681
OK,81,40,879,81,2014-09-25T01:00:00,0,27354555,180681
OK,81,40,879,81,2014-09-25T01:05:00,0,27354964,180681
OK,48,69,879,48,2014-09-25T01:10:00,1,27355413,180681
OK,48,69,879,48,2014-09-25T01:15:00,0,27355862,180681
OK,74,44,879,74,2014-09-25T01:20:00,1,27356297,180681
OK,76,43,879,76,2014-09-25T01:25:00,1,27356741,180681
OK,76,43,879,76,2014-09-25T01:30:00,0,27357187,180681
OK,76,43,879,76,2014-09-25T01:35:00,0,27357628,180681
OK,76,43,879,76,2014-09-25T01:40:00,0,27357976,180681
OK,76,43,879,76,2014-09-25T01:45:00,0,27358425,180681
OK,76,43,879,76,2014-09-25T01:50:00,0,27358874,180681
OK,76,43,879,76,2014-09-25T01:55:00,0,27359318,180681
OK,70,47,879,70,2014-09-25T02:00:00,1,27359756,180681
OK,70,47,879,70,2014-09-25T02:05:00,0,27360205,180681
OK,70,47,879,70,2014-09-25T02:10:00,0,27360654,180681
OK,70,47,879,70,2014-09-25T02:15:00,0,27361066,180681
OK,56,59,879,56,2014-09-25T02:20:00,1,27361406,180681
OK,56,59,879,56,2014-09-25T02:25:00,0,27361855,180681
OK,56,59,879,56,2014-09-25T02:30:00,0,27362303,180681
OK,59,56,879,59,2014-09-25T02:35:00,2,27362752,180681
OK,43,77,879,43,2014-09-25T02:40:00,2,27363194,180681
OK,48,69,879,48,2014-09-25T02:45:00,0,27363643,180681
OK,48,69,879,48,2014-09-25T02:50:00,1,27364088,180681
OK,64,51,879,64,2014-09-25T02:55:00,2,27364536,180681
OK,72,46,879,72,2014-09-25T03:00:00,2,27364980,180681
OK,45,73,879,45,2014-09-25T03:05:00,3,27365419,180681
OK,80,41,879,80,2014-09-25T03:10:00,3,27365866,180681
OK,80,41,879,80,2014-09-25T03:15:00,4,27366315,180681
OK,42,78,879,42,2014-09-25T03:20:00,3,27366758,180681
OK,43,77,879,43,2014-09-25T03:25:00,6,27367205,180681
OK,44,75,879,44,2014-09-25T03:30:00,2,27367650,180681
OK,44,75,879,44,2014-09-25T03:35:00,0,27368099,180681
OK,57,58,879,57,2014-09-25T03:40:00,2,27368536,180681
OK,66,50,879,66,2014-09-25T03:45:00,3,27368985,180681
OK,67,49,879,67,2014-09-25T03:50:00,2,27369420,180681
OK,76,43,879,76,2014-09-25T03:55:00,6,27369869,180681
OK,58,57,879,58,2014-09-25T04:00:00,9,27370301,180681
OK,49,67,879,49,2014-09-25T04:05:00,12,27370745,180681
OK,44,75,879,44,2014-09-25T04:10:00,6,27371185,180681
OK,64,51,879,64,2014-09-25T04:15:00,5,27371634,180681
OK,65,50,879,65,2014-09-25T04:20:00,6,27372010,180681
OK,59,56,879,59,2014-09-25T04:25:00,13,27372448,180681
OK,55,60,879,55,2014-09-25T04:30:00,18,27372889,180681
OK,68,48,879,68,2014-09-25T04:35:00,14,27373330,180681
OK,92,36,879,92,2014-09-25T04:40:00,14,27373779,180681
OK,80,41,879,80,2014-09-25T04:45:00,24,27374225,180681
OK,60,55,879,60,2014-09-25T04:50:00,21,27374670,180681
OK,74,44,879,74,2014-09-25T04:55:00,26,27375119,180681
OK,91,36,879,91,2014-09-25T05:00:00,29,27375550,180681
OK,87,38,879,87,2014-09-25T05:05:00,21,27375999,180681
OK,79,41,879,79,2014-09-25T05:10:00,36,27376399,180681
OK,78,42,879,78,2014-09-25T05:15:00,55,27376846,180681
OK,76,43,879,76,2014-09-25T05:20:00,50,27377258,180681
OK,78,42,879,78,2014-09-25T05:25:00,31,27377641,180681
OK,87,38,879,87,2014-09-25T05:30:00,23,27378090,180681
OK,86,38,879,86,2014-09-25T05:35:00,32,27378539,180681
OK,92,36,879,92,2014-09-25T05:40:00,30,27378951,180681
OK,91,36,879,91,2014-09-25T05:45:00,34,27379400,180681
OK,100,33,879,100,2014-09-25T05:50:00,31,27379821,180681
OK,126,26,879,126,2014-09-25T05:55:00,37,27380240,180681
OK,123,26,879,123,2014-09-25T06:00:00,36,27380689,180681
OK,100,33,879,100,2014-09-25T06:05:00,21,27381138,180681
OK,94,35,879,94,2014-09-25T06:10:00,29,27381559,180681
OK,97,34,879,97,2014-09-25T06:15:00,31,27382008,180681
OK,116,28,879,116,2014-09-25T06:20:00,20,27382449,180681
OK,109,30,879,109,2014-09-25T06:25:00,23,27382898,180681
OK,84,39,879,84,2014-09-25T06:30:00,30,27383250,180681
OK,86,38,879,86,2014-09-25T06:35:00,27,27383699,180681
OK,84,39,879,84,2014-09-25T06:40:00,33,27384128,180681
OK,86,38,879,86,2014-09-25T06:45:00,37,27384577,180681
OK,94,35,879,94,2014-09-25T06:50:00,36,27385000,180681
OK,91,36,879,91,2014-09-25T06:55:00,30,27385448,180681
OK,83,39,879,83,2014-09-25T07:00:00,17,27385886,180681
OK,91,36,879,91,2014-09-25T07:05:00,20,27386226,180681
OK,65,50,879,65,2014-09-25T07:10:00,23,27386675,180681
OK,64,51,879,64,2014-09-25T07:15:00,20,27387124,180681
OK,72,46,879,72,2014-09-25T07:20:00,14,27387551,180681
OK,62,53,879,62,2014-09-25T07:25:00,23,27388000,180681
OK,72,46,879,72,2014-09-25T07:30:00,29,27388449,180681
OK,72,46,879,72,2014-09-25T07:35:00,19,27388869,180681
OK,63,52,879,63,2014-09-25T07:40:00,10,27389313,180681
OK,65,50,879,65,2014-09-25T07:45:00,18,27389652,180681
OK,66,50,879,66,2014-09-25T07:50:00,26,27390101,180681
OK,68,48,879,68,2014-09-25T07:55:00,26,27390547,180681
OK,74,44,879,74,2014-09-25T08:00:00,29,27390996,180681
OK,81,40,879,81,2014-09-25T08:05:00,32,27391445,180681
OK,75,44,879,75,2014-09-25T08:10:00,30,27391858,180681
OK,63,52,879,63,2014-09-25T08:15:00,28,27392240,180681
OK,61,54,879,61,2014-09-25T08:20:00,26,27392689,180681
OK,60,55,879,60,2014-09-25T08:25:00,23,27393138,180681
OK,67,49,879,67,2014-09-25T08:30:00,26,27393568,180681
OK,73,45,879,73,2014-09-25T08:35:00,31,27394016,180681
OK,85,38,879,85,2014-09-25T08:40:00,22,27394443,180681
OK,79,41,879,79,2014-09-25T08:45:00,31,27394801,180681
OK,76,43,879,76,2014-09-25T08:50:00,27,27395250,180681
OK,65,50,879,65,2014-09-25T08:55:00,13,27395699,180681
OK,59,56,879,59,2014-09-25T09:00:00,23,27396116,180681
OK,61,54,879,61,2014-09-25T09:05:00,20,27396564,180681
OK,66,50,879,66,2014-09-25T09:10:00,20,27396992,180681
OK,61,54,879,61,2014-09-25T09:15:00,16,27397441,180681
OK,71,46,879,71,2014-09-25T09:20:00,15,27397864,180681
OK,78,42,879,78,2014-09-25T09:25:00,16,27398313,180681
OK,83,39,879,83,2014-09-25T09:30:00,17,27398747,180681
OK,84,39,879,84,2014-09-25T09:35:00,23,27399196,180681
OK,84,39,879,84,2014-09-25T09:40:00,22,27399633,180681
OK,65,50,879,65,2014-09-25T09:45:00,22,27400079,180681
OK,64,51,879,64,2014-09-25T09:50:00,22,27400513,180681
OK,79,41,879,79,2014-09-25T09:55:00,21,27400876,180681
OK,74,44,879,74,2014-09-25T10:00:00,30,27401325,180681
OK,69,48,879,69,2014-09-25T10:05:00,25,27401774,180681
OK,68,48,879,68,2014-09-25T10:10:00,20,27402210,180681
OK,77,43,879,77,2014-09-25T10:15:00,20,27402659,180681
OK,72,46,879,72,2014-09-25T10:20:00,23,27403082,180681
OK,65,50,879,65,2014-09-25T10:25:00,27,27403531,180681
OK,79,41,879,79,2014-09-25T10:30:00,24,27403949,180681
OK,91,36,879,91,2014-09-25T10:35:00,22,27404397,180681
OK,72,46,879,72,2014-09-25T10:40:00,21,27404818,180681
OK,72,46,879,72,2014-09-25T10:45:00,21,27405267,180681
OK,72,46,879,72,2014-09-25T10:50:00,28,27405692,180681
OK,76,43,879,76,2014-09-25T10:55:00,36,27406140,180681
OK,89,37,879,89,2014-09-25T11:00:00,29,27406489,180681
OK,80,41,879,80,2014-09-25T11:05:00,28,27406938,180681
OK,74,44,879,74,2014-09-25T11:10:00,24,27407349,180681
OK,78,42,879,78,2014-09-25T11:15:00,19,27407798,180681
OK,93,35,879,93,2014-09-25T11:20:00,22,27408220,180681
OK,93,35,879,93,2014-09-25T11:25:00,24,27408669,180681
OK,77,43,879,77,2014-09-25T11:30:00,16,27409094,180681
OK,95,34,879,95,2014-09-25T11:35:00,14,27409440,180681
OK,101,32,879,101,2014-09-25T11:40:00,24,27409889,180681
OK,98,33,879,98,2014-09-25T11:45:00,39,27410337,180681
OK,87,38,879,87,2014-09-25T11:50:00,25,27410777,180681
OK,91,36,879,91,2014-09-25T11:55:00,20,27411226,180681
OK,93,35,879,93,2014-09-25T12:00:00,17,27411672,180681
OK,96,34,879,96,2014-09-25T12:05:00,29,27412107,180681
OK,96,34,879,96,2014-09-25T12:10:00,27,27412543,180681
OK,78,42,879,78,2014-09-25T12:15:00,22,27412992,180681
OK,77,43,879,77,2014-09-25T12:20:00,20,27413419,180681
OK,65,50,879,65,2014-09-25T12:25:00,25,27413868,180681
OK,75,44,879,75,2014-09-25T12:30:00,32,27414302,180681
OK,73,45,879,73,2014-09-25T12:35:00,35,27414751,180681
OK,73,45,879,73,2014-09-25T12:40:00,38,27415187,180681
OK,94,35,879,94,2014-09-25T12:45:00,25,27415573,180681
OK,101,32,879,101,2014-09-25T12:50:00,31,27416022,180681
OK,90,36,879,90,2014-09-25T12:55:00,31,27416471,180681
OK,89,37,879,89,2014-09-25T13:00:00,24,27416902,180681
OK,96,34,879,96,2014-09-25T13:05:00,22,27417351,180681
OK,102,32,879,102,2014-09-25T13:10:00,28,27417799,180681
OK,104,31,879,104,2014-09-25T13:15:00,26,27418248,180681
OK,79,41,879,79,2014-09-25T13:20:00,29,27418576,180681
OK,84,39,879,84,2014-09-25T13:25:00,21,27419024,180681
OK,81,40,879,81,2014-09-25T13:30:00,26,27419442,180681
OK,86,38,879,86,2014-09-25T13:35:00,30,27419891,180681
OK,99,33,879,99,2014-09-25T13:40:00,33,27420311,180681
OK,89,37,879,89,2014-09-25T13:45:00,35,27420760,180681
OK,106,31,879,106,2014-09-25T13:50:00,30,27421089,180681
OK,108,30,879,108,2014-09-25T13:55:00,27,27421538,180681
OK,113,29,879,113,2014-09-25T14:00:00,21,27421975,180681
OK,84,39,879,84,2014-09-25T14:05:00,27,27422423,180681
OK,83,39,879,83,2014-09-25T14:10:00,25,27422862,180681
OK,92,36,879,92,2014-09-25T14:15:00,23,27423311,180681
OK,96,34,879,96,2014-09-25T14:20:00,23,27423734,180681
OK,76,43,879,76,2014-09-25T14:25:00,21,27424183,180681
OK,84,39,879,84,2014-09-25T14:30:00,25,27424616,180681
OK,101,32,879,101,2014-09-25T14:35:00,20,27425065,180681
OK,79,41,879,79,2014-09-25T14:40:00,20,27425510,180681
OK,78,42,879,78,2014-09-25T14:45:00,11,27425959,180681
OK,92,36,879,92,2014-09-25T14:50:00,22,27426376,180681
OK,72,46,879,72,2014-09-25T14:55:00,22,27426825,180681
OK,85,38,879,85,2014-09-25T15:00:00,18,27427267,180681
OK,76,43,879,76,2014-09-25T15:05:00,21,27427716,180681
OK,70,47,879,70,2014-09-25T15:10:00,20,27428142,180681
OK,65,50,879,65,2014-09-25T15:15:00,10,27428590,180681
OK,89,37,879,89,2014-09-25T15:20:00,16,27429038,180681
OK,82,40,879,82,2014-09-25T15:25:00,24,27429487,180681
OK,62,53,879,62,2014-09-25T15:30:00,22,27429931,180681
OK,50,66,879,50,2014-09-25T15:35:00,15,27430286,180681
OK,59,56,879,59,2014-09-25T15:40:00,17,27430735,180681
OK,75,44,879,75,2014-09-25T15:45:00,14,27431184,180681
OK,75,44,879,75,2014-09-25T15:50:00,11,27431628,180681
OK,70,47,879,70,2014-09-25T15:55:00,22,27432072,180681
OK,59,56,879,59,2014-09-25T16:00:00,20,27432520,180681
OK,56,59,879,56,2014-09-25T16:05:00,17,27432969,180681
OK,62,53,879,62,2014-09-25T16:10:00,14,27433411,180681
OK,56,59,879,56,2014-09-25T16:15:00,9,27433860,180681
OK,51,64,879,51,2014-09-25T16:20:00,5,27434283,180681
OK,69,48,879,69,2014-09-25T16:25:00,11,27434729,180681
OK,56,59,879,56,2014-09-25T16:30:00,10,27435165,180681
OK,50,66,879,50,2014-09-25T16:35:00,8,27435614,180681
OK,59,56,879,59,2014-09-25T16:40:00,11,27436049,180681
OK,66,50,879,66,2014-09-25T16:45:00,9,27436498,180681
OK,59,56,879,59,2014-09-25T16:50:00,8,27436933,180681
OK,64,51,879,64,2014-09-25T16:55:00,14,27437381,180681
OK,66,50,879,66,2014-09-25T17:00:00,11,27437830,180681
OK,71,46,879,71,2014-09-25T17:05:00,10,27438266,180681
OK,80,41,879,80,2014-09-25T17:10:00,10,27438697,180681
OK,75,44,879,75,2014-09-25T17:15:00,9,27439144,180681
OK,70,47,879,70,2014-09-25T17:20:00,12,27439591,180681
OK,70,47,879,70,2014-09-25T17:25:00,10,27439934,180681
OK,59,56,879,59,2014-09-25T17:30:00,9,27440383,180681
OK,49,67,879,49,2014-09-25T17:35:00,12,27440832,180681
OK,47,70,879,47,2014-09-25T17:40:00,8,27441280,180681
OK,61,54,879,61,2014-09-25T17:45:00,4,27441711,180681
OK,56,59,879,56,2014-09-25T17:50:00,9,27442160,180681
OK,54,61,879,54,2014-09-25T17:55:00,6,27442608,180681
OK,60,55,879,60,2014-09-25T18:00:00,7,27443034,180681
OK,62,53,879,62,2014-09-25T18:05:00,6,27443482,180681
OK,62,53,879,62,2014-09-25T18:10:00,9,27443931,180681
OK,62,53,879,62,2014-09-25T18:15:00,7,27444348,180681
OK,51,64,879,51,2014-09-25T18:20:00,2,27444786,180681
OK,49,67,879,49,2014-09-25T18:25:00,3,27445227,180681
OK,44,75,879,44,2014-09-25T18:30:00,4,27445676,180681
OK,44,75,879,44,2014-09-25T18:35:00,5,27446124,180681
OK,148,22,879,148,2014-09-25T18:40:00,0,27446572,180681
OK,47,70,879,47,2014-09-25T18:45:00,6,27447019,180681
OK,70,47,879,70,2014-09-25T18:50:00,5,27447468,180681
OK,52,63,879,52,2014-09-25T18:55:00,2,27447895,180681
OK,58,57,879,58,2014-09-25T19:00:00,2,27448323,180681
OK,59,56,879,59,2014-09-25T19:05:00,5,27448772,180681
OK,61,54,879,61,2014-09-25T19:10:00,6,27449199,180681
OK,57,58,879,57,2014-09-25T19:15:00,6,27449648,180681
OK,61,54,879,61,2014-09-25T19:20:00,6,27450096,180681
OK,80,41,879,80,2014-09-25T19:30:00,4,27450545,180681
OK,40,82,879,40,2014-09-25T19:35:00,1,27451280,180681
OK,53,62,879,53,2014-09-25T19:40:00,6,27451727,180681
OK,66,50,879,66,2014-09-25T19:45:00,6,27452162,180681
OK,75,44,879,75,2014-09-25T19:50:00,0,27452610,180681
OK,50,66,879,50,2014-09-25T19:55:00,3,27453054,180681
OK,50,66,879,50,2014-09-25T20:00:00,8,27453476,180681
OK,51,64,879,51,2014-09-25T20:05:00,6,27453925,180681
OK,51,64,879,51,2014-09-25T20:10:00,4,27454345,180681
OK,50,66,879,50,2014-09-25T20:15:00,6,27454794,180681
OK,52,63,879,52,2014-09-25T20:20:00,4,27455235,180681
OK,45,73,879,45,2014-09-25T20:25:00,4,27455684,180681
OK,40,82,879,40,2014-09-25T20:30:00,5,27456062,180681
OK,42,78,879,42,2014-09-25T20:35:00,2,27456507,180681
OK,72,46,879,72,2014-09-25T20:40:00,4,27456946,180681
OK,76,43,879,76,2014-09-25T20:45:00,3,27457393,180681
OK,66,50,879,66,2014-09-25T20:50:00,1,27457726,180681
OK,43,77,879,43,2014-09-25T20:55:00,3,27458175,180681
OK,47,70,879,47,2014-09-25T21:00:00,3,27458614,180681
OK,51,64,879,51,2014-09-25T21:05:00,7,27459060,180681
OK,64,51,879,64,2014-09-25T21:10:00,3,27459502,180681
OK,50,66,879,50,2014-09-25T21:15:00,2,27459951,180681
OK,56,59,879,56,2014-09-25T21:20:00,2,27460388,180681
OK,62,53,879,62,2014-09-25T21:25:00,1,27460835,180681
OK,55,60,879,55,2014-09-25T21:30:00,2,27461273,180681
OK,49,67,879,49,2014-09-25T21:35:00,1,27461718,180681
OK,38,87,879,38,2014-09-25T21:40:00,1,27462167,180681
OK,38,87,879,38,2014-09-25T21:45:00,0,27462589,180681
OK,38,87,879,38,2014-09-25T21:50:00,0,27463034,180681
OK,51,64,879,51,2014-09-25T21:55:00,1,27463482,180681
OK,51,64,879,51,2014-09-25T22:00:00,0,27463931,180681
OK,51,64,879,51,2014-09-25T22:05:00,0,27464362,180681
OK,97,34,879,97,2014-09-25T22:10:00,1,27464806,180681
OK,97,34,879,97,2014-09-25T22:15:00,1,27465255,180681
OK,52,63,879,52,2014-09-25T22:20:00,4,27465699,180681
OK,52,63,879,52,2014-09-25T22:25:00,2,27466064,180681
OK,50,66,879,50,2014-09-25T22:30:00,2,27466513,180681
OK,55,60,879,55,2014-09-25T22:35:00,1,27466906,180681
OK,83,39,879,83,2014-09-25T22:40:00,2,27467349,180681
OK,50,66,879,50,2014-09-25T22:45:00,1,27467794,180681
OK,43,77,879,43,2014-09-25T22:50:00,2,27468243,180681
OK,38,87,879,38,2014-09-25T22:55:00,3,27468684,180681
OK,47,70,879,47,2014-09-25T23:00:00,2,27469133,180681
OK,46,72,879,46,2014-09-25T23:05:00,1,27469539,180681
OK,61,54,879,61,2014-09-25T23:10:00,1,27469985,180681
OK,61,54,879,61,2014-09-25T23:15:00,1,27470430,180681
OK,64,51,879,64,2014-09-25T23:20:00,1,27470879,180681
OK,44,75,879,44,2014-09-25T23:25:00,1,27471297,180681
OK,64,51,879,64,2014-09-25T23:30:00,2,27471705,180681
OK,67,49,879,67,2014-09-25T23:35:00,0,27472152,180681
OK,48,69,879,48,2014-09-25T23:40:00,1,27472577,180681
OK,48,69,879,48,2014-09-25T23:45:00,1,27473026,180681
OK,45,73,879,45,2014-09-25T23:50:00,1,27473468,180681
OK,45,73,879,45,2014-09-25T23:55:00,1,27473915,180681
OK,45,73,879,45,2014-09-26T00:05:00,0,27474699,180681
OK,45,73,879,45,2014-09-26T00:15:00,0,27475442,180681
OK,63,52,879,63,2014-09-26T00:20:00,1,27475891,180681
OK,63,52,879,63,2014-09-26T00:25:00,1,27476288,180681
OK,63,52,879,63,2014-09-26T00:30:00,0,27476720,180681
OK,63,52,879,63,2014-09-26T00:35:00,0,27477166,180681
OK,47,70,879,47,2014-09-26T00:40:00,1,27477612,180681
OK,71,46,879,71,2014-09-26T00:45:00,1,27478057,180681
OK,50,66,879,50,2014-09-26T00:55:00,2,27478506,180681
OK,41,80,879,41,2014-09-26T01:00:00,0,27478953,180681
OK,41,80,879,41,2014-09-26T01:05:00,0,27479402,180681
OK,41,80,879,41,2014-09-26T01:10:00,0,27479832,180681
OK,46,72,879,46,2014-09-26T01:15:00,0,27480281,180681
OK,41,80,879,41,2014-09-26T01:20:00,1,27480724,180681
OK,41,80,879,41,2014-09-26T01:25:00,0,27481173,180681
OK,41,80,879,41,2014-09-26T01:30:00,0,27481604,180681
OK,65,50,879,65,2014-09-26T01:35:00,1,27482053,180681
OK,65,50,879,65,2014-09-26T01:40:00,0,27482451,180681
OK,65,50,879,65,2014-09-26T01:45:00,0,27482887,180681
OK,65,50,879,65,2014-09-26T01:50:00,0,27483336,180681
OK,65,50,879,65,2014-09-26T01:55:00,0,27483777,180681
OK,65,50,879,65,2014-09-26T02:00:00,0,27484222,180681
OK,77,43,879,77,2014-09-26T02:05:00,0,27484667,180681
OK,77,43,879,77,2014-09-26T02:10:00,0,27485116,180681
OK,59,56,879,59,2014-09-26T02:15:00,1,27485557,180681
OK,59,56,879,59,2014-09-26T02:20:00,1,27485997,180681
OK,59,56,879,59,2014-09-26T02:25:00,0,27486445,180681
OK,52,63,879,52,2014-09-26T02:30:00,1,27486877,180681
OK,40,82,879,40,2014-09-26T02:35:00,3,27487326,180681
OK,40,82,879,40,2014-09-26T02:40:00,0,27487760,180681
OK,79,41,879,79,2014-09-26T02:45:00,3,27488208,180681
OK,39,84,879,39,2014-09-26T02:50:00,1,27488558,180681
OK,51,64,879,51,2014-09-26T02:55:00,1,27489005,180681
OK,51,64,879,51,2014-09-26T03:00:00,3,27489440,180681
OK,43,77,879,43,2014-09-26T03:05:00,5,27489887,180681
OK,41,80,879,41,2014-09-26T03:10:00,1,27490334,180681
OK,41,80,879,41,2014-09-26T03:15:00,0,27490778,180681
OK,84,39,879,84,2014-09-26T03:20:00,3,27491226,180681
OK,84,39,879,84,2014-09-26T03:25:00,3,27491511,180681
OK,49,67,879,49,2014-09-26T03:30:00,2,27491955,180681
OK,55,60,879,55,2014-09-26T03:40:00,2,27492404,180681
OK,47,70,879,47,2014-09-26T03:45:00,5,27492853,180681
OK,60,55,879,60,2014-09-26T03:50:00,4,27493289,180681
OK,59,56,879,59,2014-09-26T03:55:00,6,27493737,180681
OK,56,59,879,56,2014-09-26T04:00:00,7,27494155,180681
OK,61,54,879,61,2014-09-26T04:05:00,4,27494600,180681
OK,59,56,879,59,2014-09-26T04:10:00,10,27495042,180681
OK,54,61,879,54,2014-09-26T04:15:00,10,27495490,180681
OK,53,62,879,53,2014-09-26T04:20:00,12,27495932,180681
OK,56,59,879,56,2014-09-26T04:25:00,12,27496377,180681
OK,57,58,879,57,2014-09-26T04:30:00,10,27496826,180681
OK,47,70,879,47,2014-09-26T04:35:00,17,27497246,180681
OK,53,62,879,53,2014-09-26T04:40:00,15,27497692,180681
OK,51,64,879,51,2014-09-26T04:45:00,23,27498141,180681
OK,49,67,879,49,2014-09-26T04:50:00,29,27498580,180681
OK,57,58,879,57,2014-09-26T04:55:00,24,27499028,180681
OK,78,42,879,78,2014-09-26T05:00:00,31,27499475,180681
OK,60,55,879,60,2014-09-26T05:05:00,37,27499924,180681
OK,54,61,879,54,2014-09-26T05:10:00,26,27500367,180681
OK,73,45,879,73,2014-09-26T05:15:00,43,27500813,180681
OK,65,50,879,65,2014-09-26T05:20:00,53,27501248,180681
OK,66,50,879,66,2014-09-26T05:25:00,35,27501695,180681
OK,90,36,879,90,2014-09-26T05:30:00,30,27502132,180681
OK,89,37,879,89,2014-09-26T05:35:00,51,27502579,180681
OK,79,41,879,79,2014-09-26T05:40:00,33,27503017,180681
OK,88,37,879,88,2014-09-26T05:45:00,29,27503464,180681
OK,89,37,879,89,2014-09-26T05:50:00,29,27503892,180681
OK,92,36,879,92,2014-09-26T05:55:00,38,27504340,180681
OK,68,48,879,68,2014-09-26T06:00:00,37,27504760,180681
OK,70,47,879,70,2014-09-26T06:05:00,32,27505207,180681
OK,80,41,879,80,2014-09-26T06:10:00,26,27505621,180681
OK,85,38,879,85,2014-09-26T06:15:00,29,27506067,180681
OK,72,46,879,72,2014-09-26T06:20:00,33,27506516,180681
OK,71,46,879,71,2014-09-26T06:25:00,28,27506963,180681
OK,72,46,879,72,2014-09-26T06:30:00,30,27507407,180681
OK,70,47,879,70,2014-09-26T06:35:00,21,27507851,180681
OK,62,53,879,62,2014-09-26T06:40:00,21,27508293,180681
OK,79,41,879,79,2014-09-26T06:45:00,23,27508741,180681
OK,80,41,879,80,2014-09-26T06:50:00,21,27509190,180681
OK,73,45,879,73,2014-09-26T06:55:00,25,27509630,180681
OK,75,44,879,75,2014-09-26T07:00:00,31,27510075,180681
OK,69,48,879,69,2014-09-26T07:05:00,23,27510524,180681
OK,68,48,879,68,2014-09-26T07:10:00,20,27510958,180681
OK,66,50,879,66,2014-09-26T07:15:00,14,27511404,180681
OK,71,46,879,71,2014-09-26T07:20:00,14,27511846,180681
OK,65,50,879,65,2014-09-26T07:25:00,16,27512293,180681
OK,49,67,879,49,2014-09-26T07:30:00,13,27512730,180681
OK,54,61,879,54,2014-09-26T07:35:00,24,27513176,180681
OK,54,61,879,54,2014-09-26T07:40:00,26,27513589,180681
OK,59,56,879,59,2014-09-26T07:45:00,29,27513937,180681
OK,59,56,879,59,2014-09-26T07:50:00,23,27514386,180681
OK,62,53,879,62,2014-09-26T07:55:00,23,27514835,180681
OK,67,49,879,67,2014-09-26T08:00:00,26,27515257,180681
OK,59,56,879,59,2014-09-26T08:05:00,21,27515704,180681
OK,63,52,879,63,2014-09-26T08:10:00,10,27516149,180681
OK,76,43,879,76,2014-09-26T08:15:00,11,27516598,180681
OK,74,44,879,74,2014-09-26T08:20:00,15,27517021,180681
OK,50,66,879,50,2014-09-26T08:25:00,20,27517467,180681
OK,51,64,879,51,2014-09-26T08:30:00,24,27517899,180681
OK,56,59,879,56,2014-09-26T08:35:00,18,27518346,180681
OK,63,52,879,63,2014-09-26T08:40:00,14,27518795,180681
OK,51,64,879,51,2014-09-26T08:45:00,17,27519244,180681
OK,56,59,879,56,2014-09-26T08:50:00,23,27519681,180681
OK,60,55,879,60,2014-09-26T08:55:00,17,27520071,180681
OK,49,67,879,49,2014-09-26T09:05:00,21,27520520,180681
OK,57,58,879,57,2014-09-26T09:10:00,24,27521258,180681
OK,72,46,879,72,2014-09-26T09:15:00,24,27521707,180681
OK,65,50,879,65,2014-09-26T09:20:00,25,27522156,180681
OK,59,56,879,59,2014-09-26T09:25:00,23,27522507,180681
OK,55,60,879,55,2014-09-26T09:30:00,31,27522956,180681
OK,55,60,879,55,2014-09-26T09:35:00,28,27523405,180681
OK,57,58,879,57,2014-09-26T09:40:00,30,27523848,180681
OK,61,54,879,61,2014-09-26T09:45:00,18,27524297,180681
OK,60,55,879,60,2014-09-26T09:50:00,21,27524743,180681
OK,61,54,879,61,2014-09-26T09:55:00,18,27525189,180681
OK,54,61,879,54,2014-09-26T10:00:00,26,27525637,180681
OK,56,59,879,56,2014-09-26T10:05:00,33,27526065,180681
OK,66,50,879,66,2014-09-26T10:10:00,36,27526501,180681
OK,74,44,879,74,2014-09-26T10:15:00,30,27526949,180681
OK,66,50,879,66,2014-09-26T10:20:00,18,27527389,180681
OK,67,49,879,67,2014-09-26T10:25:00,21,27527838,180681
OK,64,51,879,64,2014-09-26T10:30:00,23,27528287,180681
OK,51,64,879,51,2014-09-26T10:35:00,32,27528630,180681
OK,51,64,879,51,2014-09-26T10:40:00,34,27529077,180681
OK,49,67,879,49,2014-09-26T10:45:00,19,27529522,180681
OK,47,70,879,47,2014-09-26T10:50:00,22,27529954,180681
OK,64,51,879,64,2014-09-26T10:55:00,29,27530403,180681
OK,66,50,879,66,2014-09-26T11:00:00,23,27530852,180681
OK,61,54,879,61,2014-09-26T11:05:00,25,27531300,180681
OK,48,69,879,48,2014-09-26T11:10:00,19,27531743,180681
OK,51,64,879,51,2014-09-26T11:20:00,21,27532190,180681
OK,63,52,879,63,2014-09-26T11:25:00,26,27532934,180681
OK,57,58,879,57,2014-09-26T11:30:00,19,27533360,180681
OK,62,53,879,62,2014-09-26T11:35:00,32,27533809,180681
OK,64,51,879,64,2014-09-26T11:40:00,32,27534231,180681
OK,54,61,879,54,2014-09-26T11:45:00,22,27534680,180681
OK,59,56,879,59,2014-09-26T11:50:00,31,27535109,180681
OK,70,47,879,70,2014-09-26T11:55:00,24,27535558,180681
OK,64,51,879,64,2014-09-26T12:00:00,18,27535989,180681
OK,67,49,879,67,2014-09-26T12:05:00,18,27536332,180681
OK,72,46,879,72,2014-09-26T12:10:00,19,27536781,180681
OK,68,48,879,68,2014-09-26T12:15:00,27,27537230,180681
OK,67,49,879,67,2014-09-26T12:20:00,24,27537646,180681
OK,59,56,879,59,2014-09-26T12:25:00,20,27538095,180681
OK,62,53,879,62,2014-09-26T12:30:00,21,27538475,180681
OK,78,42,879,78,2014-09-26T12:35:00,27,27538920,180681
OK,79,41,879,79,2014-09-26T12:40:00,24,27539340,180681
OK,97,34,879,97,2014-09-26T12:45:00,28,27539787,180681
OK,97,34,879,97,2014-09-26T12:50:00,31,27540236,180681
OK,87,38,879,87,2014-09-26T12:55:00,37,27540685,180681
OK,79,41,879,79,2014-09-26T13:00:00,32,27541106,180681
OK,58,57,879,58,2014-09-26T13:05:00,24,27541555,180681
OK,75,44,879,75,2014-09-26T13:10:00,20,27541998,180681
OK,84,39,879,84,2014-09-26T13:15:00,23,27542379,180681
OK,86,38,879,86,2014-09-26T13:20:00,34,27542828,180681
OK,81,40,879,81,2014-09-26T13:25:00,40,27543276,180681
OK,75,44,879,75,2014-09-26T13:30:00,31,27543707,180681
OK,65,50,879,65,2014-09-26T13:35:00,20,27544156,180681
OK,58,57,879,58,2014-09-26T13:40:00,30,27544597,180681
OK,78,42,879,78,2014-09-26T13:45:00,33,27545046,180681
OK,89,37,879,89,2014-09-26T13:50:00,22,27545393,180681
OK,101,32,879,101,2014-09-26T13:55:00,26,27545842,180681
OK,82,40,879,82,2014-09-26T14:00:00,28,27546266,180681
OK,62,53,879,62,2014-09-26T14:05:00,24,27546715,180681
OK,63,52,879,63,2014-09-26T14:10:00,17,27547142,180681
OK,66,50,879,66,2014-09-26T14:15:00,27,27547591,180681
OK,76,43,879,76,2014-09-26T14:20:00,25,27548012,180681
OK,89,37,879,89,2014-09-26T14:25:00,14,27548459,180681
OK,50,66,879,50,2014-09-26T14:30:00,20,27548885,180681
OK,46,72,879,46,2014-09-26T14:35:00,18,27549334,180681
OK,50,66,879,50,2014-09-26T14:40:00,17,27549777,180681
OK,57,58,879,57,2014-09-26T14:45:00,20,27550226,180681
OK,57,58,879,57,2014-09-26T14:50:00,16,27550668,180681
OK,56,59,879,56,2014-09-26T14:55:00,21,27551111,180681
OK,64,51,879,64,2014-09-26T15:00:00,19,27551560,180681
OK,58,57,879,58,2014-09-26T15:05:00,16,27551984,180681
OK,57,58,879,57,2014-09-26T15:10:00,22,27552414,180681
OK,74,44,879,74,2014-09-26T15:20:00,18,27552863,180681
OK,53,62,879,53,2014-09-26T15:25:00,11,27553655,180681
OK,53,62,879,53,2014-09-26T15:30:00,9,27553988,180681
OK,65,50,879,65,2014-09-26T15:35:00,17,27554437,180681
OK,68,48,879,68,2014-09-26T15:40:00,14,27554886,180681
OK,67,49,879,67,2014-09-26T15:45:00,11,27555317,180681
OK,48,69,879,48,2014-09-26T15:55:00,20,27555765,180681
OK,50,66,879,50,2014-09-26T16:00:00,17,27556552,180681
OK,49,67,879,49,2014-09-26T16:05:00,12,27557000,180681
OK,47,70,879,47,2014-09-26T16:10:00,12,27557442,180681
OK,56,59,879,56,2014-09-26T16:15:00,13,27557891,180681
OK,67,49,879,67,2014-09-26T16:20:00,11,27558326,180681
OK,61,54,879,61,2014-09-26T16:25:00,8,27558774,180681
OK,54,61,879,54,2014-09-26T16:30:00,13,27559222,180681
OK,50,66,879,50,2014-09-26T16:35:00,10,27559614,180681
OK,45,73,879,45,2014-09-26T16:40:00,8,27560062,180681
OK,55,60,879,55,2014-09-26T16:45:00,10,27560511,180681
OK,53,62,879,53,2014-09-26T16:50:00,6,27560957,180681
OK,44,75,879,44,2014-09-26T16:55:00,5,27561406,180681
OK,40,82,879,40,2014-09-26T17:00:00,4,27561833,180681
OK,47,70,879,47,2014-09-26T17:05:00,10,27562277,180681
OK,48,69,879,48,2014-09-26T17:10:00,10,27562726,180681
OK,47,70,879,47,2014-09-26T17:15:00,8,27563123,180681
OK,48,69,879,48,2014-09-26T17:20:00,9,27563551,180681
OK,48,69,879,48,2014-09-26T17:25:00,12,27563999,180681
OK,53,62,879,53,2014-09-26T17:30:00,12,27564444,180681
OK,62,53,879,62,2014-09-26T17:40:00,4,27564893,180681
OK,47,70,879,47,2014-09-26T17:45:00,7,27565585,180681
OK,73,45,879,73,2014-09-26T17:50:00,7,27566034,180681
OK,75,44,879,75,2014-09-26T17:55:00,4,27566461,180681
OK,46,72,879,46,2014-09-26T18:00:00,5,27566897,180681
OK,41,80,879,41,2014-09-26T18:05:00,3,27567346,180681
OK,42,78,879,42,2014-09-26T18:10:00,3,27567785,180681
OK,42,78,879,42,2014-09-26T18:15:00,3,27568214,180681
OK,45,73,879,45,2014-09-26T18:20:00,2,27568663,180681
OK,79,41,879,79,2014-09-26T18:25:00,2,27569110,180681
OK,123,26,879,123,2014-09-26T18:30:00,1,27569551,180681
OK,47,70,879,47,2014-09-26T18:35:00,3,27570000,180681
OK,69,48,879,69,2014-09-26T18:40:00,9,27570428,180681
OK,69,48,879,69,2014-09-26T18:45:00,5,27570877,180681
OK,55,60,879,55,2014-09-26T18:50:00,2,27571325,180681
OK,69,48,879,69,2014-09-26T18:55:00,1,27571766,180681
OK,61,54,879,61,2014-09-26T19:00:00,3,27572210,180681
OK,61,54,879,61,2014-09-26T19:05:00,3,27572659,180681
OK,52,63,879,52,2014-09-26T19:10:00,1,27573096,180681
OK,61,54,879,61,2014-09-26T19:15:00,2,27573545,180681
OK,45,73,879,45,2014-09-26T19:20:00,2,27573983,180681
OK,50,66,879,50,2014-09-26T19:25:00,6,27574432,180681
OK,58,57,879,58,2014-09-26T19:30:00,10,27574847,180681
OK,54,61,879,54,2014-09-26T19:35:00,7,27575284,180681
OK,54,61,879,54,2014-09-26T19:40:00,5,27575733,180681
OK,76,43,879,76,2014-09-26T19:45:00,2,27576171,180681
OK,46,72,879,46,2014-09-26T19:50:00,1,27576610,180681
OK,40,82,879,40,2014-09-26T19:55:00,2,27577037,180681
OK,48,69,879,48,2014-09-26T20:00:00,5,27577474,180681
OK,73,45,879,73,2014-09-26T20:05:00,5,27577923,180681
OK,80,41,879,80,2014-09-26T20:10:00,10,27578364,180681
OK,52,63,879,52,2014-09-26T20:15:00,9,27578812,180681
OK,77,43,879,77,2014-09-26T20:20:00,5,27579255,180681
OK,92,36,879,92,2014-09-26T20:25:00,5,27579699,180681
OK,62,53,879,62,2014-09-26T20:30:00,5,27580145,180681
OK,63,52,879,63,2014-09-26T20:35:00,3,27580592,180681
OK,46,72,879,46,2014-09-26T20:40:00,6,27581035,180681
OK,47,70,879,47,2014-09-26T20:45:00,8,27581477,180681
OK,51,64,879,51,2014-09-26T20:50:00,8,27581923,180681
OK,51,64,879,51,2014-09-26T20:55:00,7,27582358,180681
OK,67,49,879,67,2014-09-26T21:00:00,2,27582804,180681
OK,47,70,879,47,2014-09-26T21:05:00,1,27583253,180681
OK,47,70,879,47,2014-09-26T21:10:00,0,27583702,180681
OK,54,61,879,54,2014-09-26T21:15:00,2,27584134,180681
OK,74,44,879,74,2014-09-26T21:20:00,4,27584580,180681
OK,74,44,879,74,2014-09-26T21:25:00,6,27585024,180681
OK,65,50,879,65,2014-09-26T21:30:00,3,27585454,180681
OK,65,50,879,65,2014-09-26T21:35:00,0,27585902,180681
OK,65,50,879,65,2014-09-26T21:40:00,0,27586342,180681
OK,65,50,879,65,2014-09-26T21:45:00,0,27586791,180681
OK,47,70,879,47,2014-09-26T21:50:00,4,27587236,180681
OK,44,75,879,44,2014-09-26T21:55:00,2,27587685,180681
OK,45,73,879,45,2014-09-26T22:00:00,0,27588134,180681
OK,73,45,879,73,2014-09-26T22:05:00,3,27588542,180681
OK,77,43,879,77,2014-09-26T22:10:00,5,27588858,180681
OK,119,27,879,119,2014-09-26T22:15:00,1,27589307,180681
OK,119,27,879,119,2014-09-26T22:20:00,0,27589748,180681
OK,44,75,879,44,2014-09-26T22:25:00,2,27590113,180681
OK,44,75,879,44,2014-09-26T22:30:00,0,27590562,180681
OK,53,62,879,53,2014-09-26T22:35:00,2,27590974,180681
OK,58,57,879,58,2014-09-26T22:40:00,2,27591411,180681
OK,56,59,879,56,2014-09-26T22:45:00,4,27591860,180681
OK,60,55,879,60,2014-09-26T22:50:00,9,27592286,180681
OK,64,51,879,64,2014-09-26T22:55:00,5,27592735,180681
OK,54,61,879,54,2014-09-26T23:00:00,1,27593182,180681
OK,54,61,879,54,2014-09-26T23:05:00,3,27593622,180681
OK,70,47,879,70,2014-09-26T23:10:00,5,27594052,180681
OK,70,47,879,70,2014-09-26T23:15:00,2,27594500,180681
OK,57,58,879,57,2014-09-26T23:20:00,2,27594939,180681
OK,52,63,879,52,2014-09-26T23:25:00,4,27595315,180681
OK,60,55,879,60,2014-09-26T23:30:00,2,27595763,180681
OK,60,55,879,60,2014-09-26T23:35:00,0,27596196,180681
OK,60,55,879,60,2014-09-26T23:40:00,0,27596645,180681
OK,60,55,879,60,2014-09-26T23:45:00,0,27597089,180681
OK,63,52,879,63,2014-09-26T23:50:00,1,27597498,180681
OK,41,80,879,41,2014-09-26T23:55:00,1,27597937,180681
OK,51,64,879,51,2014-09-27T00:05:00,0,27598835,180681
OK,68,48,879,68,2014-09-27T00:10:00,2,27599066,180681
OK,56,59,879,56,2014-09-27T00:25:00,3,27599674,180681
OK,47,70,879,47,2014-09-27T00:30:00,0,27600123,180681
OK,80,41,879,80,2014-09-27T00:35:00,1,27600553,180681
OK,80,41,879,80,2014-09-27T00:40:00,0,27601000,180681
OK,39,84,879,39,2014-09-27T00:45:00,1,27601439,180681
OK,69,48,879,69,2014-09-27T00:50:00,1,27601888,180681
OK,66,50,879,66,2014-09-27T00:55:00,1,27602310,180681
OK,66,50,879,66,2014-09-27T01:00:00,0,27602662,180681
OK,66,50,879,66,2014-09-27T01:05:00,0,27603111,180681
OK,40,82,879,40,2014-09-27T01:10:00,1,27603556,180681
OK,46,72,879,46,2014-09-27T01:15:00,1,27603981,180681
OK,70,47,879,70,2014-09-27T01:20:00,1,27604429,180681
OK,64,51,879,64,2014-09-27T01:25:00,3,27604877,180681
OK,40,82,879,40,2014-09-27T01:30:00,1,27605254,180681
OK,40,82,879,40,2014-09-27T01:40:00,0,27606151,180681
OK,40,82,879,40,2014-09-27T01:45:00,0,27606516,180681
OK,40,82,879,40,2014-09-27T01:50:00,0,27606965,180681
OK,55,60,879,55,2014-09-27T01:55:00,1,27607407,180681
OK,55,60,879,55,2014-09-27T02:00:00,1,27607856,180681
OK,55,60,879,55,2014-09-27T02:05:00,0,27608304,180681
OK,55,60,879,55,2014-09-27T02:10:00,0,27608753,180681
OK,43,77,879,43,2014-09-27T02:15:00,1,27609200,180681
OK,43,77,879,43,2014-09-27T02:20:00,0,27609545,180681
OK,43,77,879,43,2014-09-27T02:25:00,0,27609994,180681
OK,43,77,879,43,2014-09-27T02:30:00,0,27610442,180681
OK,43,77,879,43,2014-09-27T02:35:00,0,27610883,180681
OK,43,77,879,43,2014-09-27T02:40:00,0,27611332,180681
OK,53,62,879,53,2014-09-27T02:45:00,0,27611727,180681
OK,53,62,879,53,2014-09-27T02:50:00,0,27612164,180681
OK,45,73,879,45,2014-09-27T02:55:00,0,27612525,180681
OK,45,73,879,45,2014-09-27T03:00:00,0,27612974,180681
OK,45,73,879,45,2014-09-27T03:05:00,0,27613377,180681
OK,45,73,879,45,2014-09-27T03:10:00,0,27613823,180681
OK,45,73,879,45,2014-09-27T03:15:00,0,27614257,180681
OK,45,73,879,45,2014-09-27T03:20:00,0,27614706,180681
OK,45,73,879,45,2014-09-27T03:25:00,0,27615154,180681
OK,45,73,879,45,2014-09-27T03:30:00,0,27615597,180681
OK,45,73,879,45,2014-09-27T03:35:00,0,27616046,180681
OK,64,51,879,64,2014-09-27T03:40:00,1,27616495,180681
OK,64,51,879,64,2014-09-27T03:45:00,0,27616943,180681
OK,64,51,879,64,2014-09-27T03:50:00,0,27617392,180681
OK,64,51,879,64,2014-09-27T03:55:00,0,27617798,180681
OK,64,51,879,64,2014-09-27T04:00:00,0,27618234,180681
OK,64,51,879,64,2014-09-27T04:05:00,0,27618683,180681
OK,37,89,879,37,2014-09-27T04:10:00,4,27619128,180681
OK,44,75,879,44,2014-09-27T04:15:00,4,27619568,180681
OK,50,66,879,50,2014-09-27T04:20:00,1,27620016,180681
OK,52,63,879,52,2014-09-27T04:25:00,2,27620445,180681
OK,55,60,879,55,2014-09-27T04:30:00,1,27620894,180681
OK,61,54,879,61,2014-09-27T04:35:00,2,27621305,180681
OK,60,55,879,60,2014-09-27T04:40:00,3,27621753,180681
OK,56,59,879,56,2014-09-27T04:45:00,2,27622202,180681
OK,66,50,879,66,2014-09-27T04:50:00,1,27622635,180681
OK,69,48,879,69,2014-09-27T04:55:00,1,27623070,180681
OK,94,35,879,94,2014-09-27T05:00:00,3,27623517,180681
OK,66,50,879,66,2014-09-27T05:05:00,1,27623964,180681
OK,64,51,879,64,2014-09-27T05:10:00,2,27624406,180681
OK,51,64,879,51,2014-09-27T05:15:00,2,27624855,180681
OK,59,56,879,59,2014-09-27T05:20:00,1,27625301,180681
OK,59,56,879,59,2014-09-27T05:25:00,0,27625748,180681
OK,59,56,879,59,2014-09-27T05:30:00,0,27626195,180681
OK,45,73,879,45,2014-09-27T05:35:00,4,27626632,180681
OK,45,73,879,45,2014-09-27T05:40:00,4,27627076,180681
OK,52,63,879,52,2014-09-27T05:45:00,4,27627525,180681
OK,49,67,879,49,2014-09-27T05:50:00,8,27627897,180681
OK,48,69,879,48,2014-09-27T05:55:00,5,27628346,180681
OK,44,75,879,44,2014-09-27T06:00:00,2,27628792,180681
OK,43,77,879,43,2014-09-27T06:05:00,2,27629240,180681
OK,47,70,879,47,2014-09-27T06:10:00,4,27629677,180681
OK,47,70,879,47,2014-09-27T06:15:00,4,27630113,180681
OK,38,87,879,38,2014-09-27T06:20:00,4,27630562,180681
OK,40,82,879,40,2014-09-27T06:25:00,3,27631011,180681
OK,43,77,879,43,2014-09-27T06:30:00,5,27631443,180681
OK,48,69,879,48,2014-09-27T06:35:00,10,27631803,180681
OK,61,54,879,61,2014-09-27T06:40:00,5,27632251,180681
OK,87,38,879,87,2014-09-27T06:45:00,3,27632696,180681
OK,74,44,879,74,2014-09-27T06:50:00,6,27633136,180681
OK,74,44,879,74,2014-09-27T06:55:00,1,27633583,180681
OK,69,48,879,69,2014-09-27T07:00:00,4,27634030,180681
OK,62,53,879,62,2014-09-27T07:05:00,9,27634419,180681
OK,55,60,879,55,2014-09-27T07:10:00,10,27634867,180681
OK,56,59,879,56,2014-09-27T07:15:00,5,27635316,180681
OK,37,89,879,37,2014-09-27T07:20:00,2,27635741,180681
OK,45,73,879,45,2014-09-27T07:25:00,6,27636187,180681
OK,52,63,879,52,2014-09-27T07:30:00,6,27636626,180681
OK,53,62,879,53,2014-09-27T07:35:00,4,27637074,180681
OK,67,49,879,67,2014-09-27T07:40:00,12,27637407,180681
OK,75,44,879,75,2014-09-27T07:45:00,12,27637853,180681
OK,63,52,879,63,2014-09-27T07:50:00,16,27638275,180681
OK,55,60,879,55,2014-09-27T07:55:00,19,27638721,180681
OK,66,50,879,66,2014-09-27T08:00:00,10,27639151,180681
OK,56,59,879,56,2014-09-27T08:05:00,8,27639598,180681
OK,47,70,879,47,2014-09-27T08:10:00,10,27640046,180681
OK,41,80,879,41,2014-09-27T08:15:00,9,27640361,180681
OK,68,48,879,68,2014-09-27T08:20:00,11,27640809,180681
OK,68,48,879,68,2014-09-27T08:30:00,8,27641258,180681
OK,58,57,879,58,2014-09-27T08:35:00,11,27641707,180681
OK,64,51,879,64,2014-09-27T08:40:00,9,27642155,180681
OK,63,52,879,63,2014-09-27T08:45:00,12,27642603,180681
OK,64,51,879,64,2014-09-27T08:50:00,14,27643024,180681
OK,64,51,879,64,2014-09-27T08:55:00,12,27643471,180681
OK,66,50,879,66,2014-09-27T09:00:00,6,27643913,180681
OK,78,42,879,78,2014-09-27T09:05:00,6,27644362,180681
OK,70,47,879,70,2014-09-27T09:10:00,15,27644795,180681
OK,64,51,879,64,2014-09-27T09:15:00,25,27645242,180681
OK,57,58,879,57,2014-09-27T09:20:00,20,27645570,180681
OK,67,49,879,67,2014-09-27T09:25:00,22,27646017,180681
OK,66,50,879,66,2014-09-27T09:30:00,17,27646463,180681
OK,59,56,879,59,2014-09-27T09:35:00,12,27646912,180681
OK,53,62,879,53,2014-09-27T09:40:00,12,27647361,180681
OK,67,49,879,67,2014-09-27T09:45:00,16,27647783,180681
OK,69,48,879,69,2014-09-27T09:50:00,19,27648215,180681
OK,56,59,879,56,2014-09-27T09:55:00,15,27648662,180681
OK,55,60,879,55,2014-09-27T10:00:00,18,27649093,180681
OK,48,69,879,48,2014-09-27T10:05:00,16,27649541,180681
OK,69,48,879,69,2014-09-27T10:10:00,11,27649988,180681
OK,66,50,879,66,2014-09-27T10:15:00,11,27650437,180681
OK,63,52,879,63,2014-09-27T10:20:00,15,27650860,180681
OK,55,60,879,55,2014-09-27T10:25:00,15,27651306,180681
OK,58,57,879,58,2014-09-27T10:30:00,17,27651748,180681
OK,56,59,879,56,2014-09-27T10:35:00,14,27652196,180681
OK,54,61,879,54,2014-09-27T10:40:00,11,27652645,180681
OK,66,50,879,66,2014-09-27T10:45:00,15,27653088,180681
OK,63,52,879,63,2014-09-27T10:50:00,16,27653536,180681
OK,57,58,879,57,2014-09-27T10:55:00,12,27653937,180681
OK,61,54,879,61,2014-09-27T11:00:00,11,27654270,180681
OK,69,48,879,69,2014-09-27T11:05:00,8,27654719,180681
OK,69,48,879,69,2014-09-27T11:10:00,16,27655168,180681
OK,53,62,879,53,2014-09-27T11:15:00,22,27655617,180681
OK,53,62,879,53,2014-09-27T11:20:00,26,27656043,180681
OK,53,62,879,53,2014-09-27T11:25:00,16,27656491,180681
OK,54,61,879,54,2014-09-27T11:30:00,9,27656940,180681
OK,69,48,879,69,2014-09-27T11:35:00,10,27657227,180681
OK,68,48,879,68,2014-09-27T11:40:00,18,27657666,180681
OK,57,58,879,57,2014-09-27T11:45:00,17,27658112,180681
OK,52,63,879,52,2014-09-27T11:50:00,17,27658561,180681
OK,59,56,879,59,2014-09-27T11:55:00,16,27658999,180681
OK,71,46,879,71,2014-09-27T12:00:00,15,27659443,180681
OK,69,48,879,69,2014-09-27T12:05:00,13,27659805,180681
OK,60,55,879,60,2014-09-27T12:10:00,11,27660254,180681
OK,62,53,879,62,2014-09-27T12:15:00,8,27660703,180681
OK,56,59,879,56,2014-09-27T12:20:00,7,27661141,180681
OK,56,59,879,56,2014-09-27T12:25:00,8,27661590,180681
OK,63,52,879,63,2014-09-27T12:30:00,8,27662037,180681
OK,52,63,879,52,2014-09-27T12:35:00,16,27662470,180681
OK,54,61,879,54,2014-09-27T12:40:00,17,27662919,180681
OK,51,64,879,51,2014-09-27T12:45:00,16,27663368,180681
OK,51,64,879,51,2014-09-27T12:50:00,17,27663806,180681
OK,50,66,879,50,2014-09-27T12:55:00,15,27664251,180681
OK,54,61,879,54,2014-09-27T13:00:00,16,27664700,180681
OK,49,67,879,49,2014-09-27T13:10:00,14,27665149,180681
OK,45,73,879,45,2014-09-27T13:15:00,9,27665906,180681
OK,66,50,879,66,2014-09-27T13:20:00,11,27666326,180681
OK,66,50,879,66,2014-09-27T13:25:00,8,27666772,180681
OK,65,50,879,65,2014-09-27T13:30:00,8,27667216,180681
OK,51,64,879,51,2014-09-27T13:35:00,16,27667665,180681
OK,51,64,879,51,2014-09-27T13:40:00,13,27668050,180681
OK,51,64,879,51,2014-09-27T13:45:00,14,27668484,180681
OK,54,61,879,54,2014-09-27T13:50:00,11,27668923,180681
OK,73,45,879,73,2014-09-27T13:55:00,13,27669372,180681
OK,65,50,879,65,2014-09-27T14:00:00,13,27669804,180681
OK,48,69,879,48,2014-09-27T14:05:00,6,27670251,180681
OK,52,63,879,52,2014-09-27T14:10:00,11,27670664,180681
OK,59,56,879,59,2014-09-27T14:15:00,14,27671003,180681
OK,68,48,879,68,2014-09-27T14:20:00,10,27671452,180681
OK,79,41,879,79,2014-09-27T14:30:00,11,27671901,180681
OK,51,64,879,51,2014-09-27T14:35:00,10,27672683,180681
OK,47,70,879,47,2014-09-27T14:40:00,13,27673129,180681
OK,49,67,879,49,2014-09-27T14:45:00,11,27673564,180681
OK,55,60,879,55,2014-09-27T14:50:00,16,27674012,180681
OK,58,57,879,58,2014-09-27T14:55:00,23,27674461,180681
OK,66,50,879,66,2014-09-27T15:00:00,12,27674906,180681
OK,77,43,879,77,2014-09-27T15:05:00,9,27675354,180681
OK,56,59,879,56,2014-09-27T15:10:00,10,27675785,180681
OK,46,72,879,46,2014-09-27T15:15:00,12,27676233,180681
OK,46,72,879,46,2014-09-27T15:20:00,9,27676669,180681
OK,59,56,879,59,2014-09-27T15:25:00,10,27677118,180681
OK,68,48,879,68,2014-09-27T15:30:00,17,27677566,180681
OK,83,39,879,83,2014-09-27T15:35:00,16,27678000,180681
OK,51,64,879,51,2014-09-27T15:40:00,7,27678434,180681
OK,66,50,879,66,2014-09-27T15:45:00,9,27678883,180681
OK,53,62,879,53,2014-09-27T15:50:00,12,27679313,180681
OK,45,73,879,45,2014-09-27T15:55:00,7,27679762,180681
OK,59,56,879,59,2014-09-27T16:00:00,8,27680120,180681
OK,64,51,879,64,2014-09-27T16:05:00,10,27680569,180681
OK,64,51,879,64,2014-09-27T16:10:00,10,27681012,180681
OK,49,67,879,49,2014-09-27T16:15:00,10,27681460,180681
OK,53,62,879,53,2014-09-27T16:20:00,8,27681909,180681
OK,48,69,879,48,2014-09-27T16:25:00,7,27682338,180681
OK,47,70,879,47,2014-09-27T16:30:00,8,27682711,180681
OK,44,75,879,44,2014-09-27T16:35:00,7,27683160,180681
OK,46,72,879,46,2014-09-27T16:40:00,4,27683589,180681
OK,52,63,879,52,2014-09-27T16:45:00,6,27684034,180681
OK,56,59,879,56,2014-09-27T16:50:00,6,27684473,180681
OK,43,77,879,43,2014-09-27T16:55:00,9,27684922,180681
OK,43,77,879,43,2014-09-27T17:00:00,7,27685336,180681
OK,54,61,879,54,2014-09-27T17:05:00,4,27685674,180681
OK,66,50,879,66,2014-09-27T17:10:00,4,27686123,180681
OK,54,61,879,54,2014-09-27T17:15:00,4,27686562,180681
OK,55,60,879,55,2014-09-27T17:20:00,5,27687011,180681
OK,50,66,879,50,2014-09-27T17:25:00,5,27687458,180681
OK,71,46,879,71,2014-09-27T17:30:00,5,27687907,180681
OK,53,62,879,53,2014-09-27T17:35:00,2,27688342,180681
OK,51,64,879,51,2014-09-27T17:40:00,1,27688788,180681
OK,67,49,879,67,2014-09-27T17:45:00,2,27689237,180681
OK,58,57,879,58,2014-09-27T17:50:00,8,27689683,180681
OK,66,50,879,66,2014-09-27T17:55:00,6,27690130,180681
OK,63,52,879,63,2014-09-27T18:00:00,3,27690574,180681
OK,52,63,879,52,2014-09-27T18:05:00,5,27691023,180681
OK,48,69,879,48,2014-09-27T18:10:00,7,27691444,180681
OK,44,75,879,44,2014-09-27T18:15:00,2,27691893,180681
OK,73,45,879,73,2014-09-27T18:20:00,5,27692304,180681
OK,72,46,879,72,2014-09-27T18:25:00,7,27692750,180681
OK,66,50,879,66,2014-09-27T18:30:00,6,27693198,180681
OK,65,50,879,65,2014-09-27T18:35:00,2,27693647,180681
OK,61,54,879,61,2014-09-27T18:40:00,3,27694063,180681
OK,55,60,879,55,2014-09-27T18:45:00,4,27694509,180681
OK,49,67,879,49,2014-09-27T18:50:00,3,27694951,180681
OK,53,62,879,53,2014-09-27T18:55:00,1,27695394,180681
OK,66,50,879,66,2014-09-27T19:00:00,5,27695839,180681
OK,71,46,879,71,2014-09-27T19:05:00,3,27696283,180681
OK,52,63,879,52,2014-09-27T19:10:00,6,27696732,180681
OK,45,73,879,45,2014-09-27T19:15:00,15,27697174,180681
OK,43,77,879,43,2014-09-27T19:20:00,4,27697593,180681
OK,45,73,879,45,2014-09-27T19:25:00,4,27698042,180681
OK,46,72,879,46,2014-09-27T19:30:00,3,27698491,180681
OK,50,66,879,50,2014-09-27T19:35:00,2,27698893,180681
OK,50,66,879,50,2014-09-27T19:40:00,4,27699338,180681
OK,49,67,879,49,2014-09-27T19:45:00,3,27699787,180681
OK,66,50,879,66,2014-09-27T19:50:00,1,27700213,180681
OK,66,50,879,66,2014-09-27T19:55:00,1,27700661,180681
OK,80,41,879,80,2014-09-27T20:00:00,1,27701100,180681
OK,48,69,879,48,2014-09-27T20:05:00,3,27701543,180681
OK,44,75,879,44,2014-09-27T20:10:00,7,27701987,180681
OK,41,80,879,41,2014-09-27T20:15:00,6,27702432,180681
OK,48,69,879,48,2014-09-27T20:20:00,7,27702868,180681
OK,57,58,879,57,2014-09-27T20:25:00,10,27703317,180681
OK,59,56,879,59,2014-09-27T20:30:00,4,27703759,180681
OK,73,45,879,73,2014-09-27T20:35:00,4,27704187,180681
OK,64,51,879,64,2014-09-27T20:40:00,6,27704631,180681
OK,38,87,879,38,2014-09-27T20:45:00,6,27705079,180681
OK,39,84,879,39,2014-09-27T20:50:00,5,27705525,180681
OK,44,75,879,44,2014-09-27T20:55:00,3,27705974,180681
OK,68,48,879,68,2014-09-27T21:00:00,2,27706342,180681
OK,68,48,879,68,2014-09-27T21:05:00,2,27706782,180681
OK,65,50,879,65,2014-09-27T21:10:00,2,27707129,180681
OK,53,62,879,53,2014-09-27T21:15:00,4,27707578,180681
OK,52,63,879,52,2014-09-27T21:20:00,4,27708022,180681
OK,56,59,879,56,2014-09-27T21:25:00,4,27708471,180681
OK,62,53,879,62,2014-09-27T21:35:00,2,27708920,180681
OK,42,78,879,42,2014-09-27T21:40:00,0,27709364,180681
OK,52,63,879,52,2014-09-27T21:45:00,2,27709812,180681
OK,56,59,879,56,2014-09-27T21:50:00,2,27710242,180681
OK,59,56,879,59,2014-09-27T21:55:00,3,27710691,180681
OK,66,50,879,66,2014-09-27T22:00:00,0,27711140,180681
OK,66,50,879,66,2014-09-27T22:05:00,0,27711577,180681
OK,66,50,879,66,2014-09-27T22:10:00,0,27712026,180681
OK,60,55,879,60,2014-09-27T22:20:00,2,27712475,180681
OK,65,50,879,65,2014-09-27T22:25:00,3,27712878,180681
OK,65,50,879,65,2014-09-27T22:30:00,5,27713323,180681
OK,97,34,879,97,2014-09-27T22:35:00,2,27713772,180681
OK,62,53,879,62,2014-09-27T22:40:00,5,27714221,180681
OK,51,64,879,51,2014-09-27T22:45:00,5,27714584,180681
OK,51,64,879,51,2014-09-27T22:50:00,1,27715026,180681
OK,44,75,879,44,2014-09-27T22:55:00,2,27715468,180681
OK,44,75,879,44,2014-09-27T23:00:00,2,27715759,180681
OK,73,45,879,73,2014-09-27T23:10:00,3,27716595,180681
OK,50,66,879,50,2014-09-27T23:25:00,1,27717171,180681
OK,39,84,879,39,2014-09-27T23:35:00,2,27718023,180681
OK,45,73,879,45,2014-09-27T23:40:00,1,27718437,180681
OK,45,73,879,45,2014-09-27T23:45:00,1,27718884,180681
OK,93,35,879,93,2014-09-27T23:50:00,1,27719333,180681
OK,93,35,879,93,2014-09-27T23:55:00,1,27719782,180681
OK,93,35,879,93,2014-09-28T00:00:00,0,27720215,180681
OK,93,35,879,93,2014-09-28T00:05:00,0,27720664,180681
OK,93,35,879,93,2014-09-28T00:10:00,0,27721092,180681
OK,52,63,879,52,2014-09-28T00:15:00,4,27721541,180681
OK,43,77,879,43,2014-09-28T00:20:00,0,27721990,180681
OK,70,47,879,70,2014-09-28T00:25:00,0,27722439,180681
OK,70,47,879,70,2014-09-28T00:30:00,0,27722882,180681
OK,71,46,879,71,2014-09-28T00:35:00,1,27723331,180681
OK,71,46,879,71,2014-09-28T00:40:00,0,27723613,180681
OK,44,75,879,44,2014-09-28T00:55:00,1,27724469,180681
OK,42,78,879,42,2014-09-28T01:00:00,2,27725268,180681
OK,45,73,879,45,2014-09-28T01:05:00,4,27725717,180681
OK,46,72,879,46,2014-09-28T01:10:00,3,27726127,180681
OK,67,49,879,67,2014-09-28T01:15:00,0,27726576,180681
OK,41,80,879,41,2014-09-28T01:20:00,1,27727018,180681
OK,41,80,879,41,2014-09-28T01:25:00,0,27727445,180681
OK,50,66,879,50,2014-09-28T01:30:00,1,27727894,180681
OK,49,67,879,49,2014-09-28T01:35:00,1,27728343,180681
OK,49,67,879,49,2014-09-28T01:40:00,1,27728787,180681
OK,49,67,879,49,2014-09-28T01:45:00,0,27729234,180681
OK,49,67,879,49,2014-09-28T01:55:00,0,27729683,180681
OK,49,67,879,49,2014-09-28T02:00:00,0,27730481,180681
OK,49,67,879,49,2014-09-28T02:05:00,0,27730926,180681
OK,49,67,879,49,2014-09-28T02:10:00,0,27731372,180681
OK,49,67,879,49,2014-09-28T02:15:00,0,27731811,180681
OK,49,67,879,49,2014-09-28T02:20:00,0,27732260,180681
OK,49,67,879,49,2014-09-28T02:25:00,0,27732707,180681
OK,49,67,879,49,2014-09-28T02:30:00,0,27733156,180681
OK,64,51,879,64,2014-09-28T02:35:00,2,27733603,180681
OK,45,73,879,45,2014-09-28T02:40:00,1,27734027,180681
OK,45,73,879,45,2014-09-28T02:45:00,0,27734466,180681
OK,45,73,879,45,2014-09-28T02:50:00,0,27734914,180681
OK,45,73,879,45,2014-09-28T02:55:00,0,27735284,180681
OK,45,73,879,45,2014-09-28T03:00:00,0,27735733,180681
OK,45,73,879,45,2014-09-28T03:05:00,0,27736178,180681
OK,63,52,879,63,2014-09-28T03:10:00,1,27736595,180681
OK,63,52,879,63,2014-09-28T03:15:00,1,27737044,180681
OK,42,78,879,42,2014-09-28T03:20:00,1,27737486,180681
OK,42,78,879,42,2014-09-28T03:25:00,1,27737878,180681
OK,49,67,879,49,2014-09-28T03:30:00,1,27738325,180681
OK,49,67,879,49,2014-09-28T03:35:00,0,27738756,180681
OK,49,67,879,49,2014-09-28T03:40:00,0,27739189,180681
OK,49,67,879,49,2014-09-28T03:45:00,0,27739638,180681
OK,49,67,879,49,2014-09-28T03:50:00,0,27740036,180681
OK,42,78,879,42,2014-09-28T03:55:00,1,27740475,180681
OK,42,78,879,42,2014-09-28T04:00:00,0,27740920,180681
OK,42,78,879,42,2014-09-28T04:05:00,0,27741366,180681
OK,42,78,879,42,2014-09-28T04:10:00,0,27741804,180681
OK,56,59,879,56,2014-09-28T04:15:00,1,27742253,180681
OK,49,67,879,49,2014-09-28T04:20:00,5,27742686,180681
OK,46,72,879,46,2014-09-28T04:25:00,1,27743132,180681
OK,32,103,879,32,2014-09-28T04:35:00,2,27743581,180681
OK,44,75,879,44,2014-09-28T04:40:00,2,27744331,180681
OK,45,73,879,45,2014-09-28T04:45:00,1,27744769,180681
OK,55,60,879,55,2014-09-28T04:50:00,1,27745214,180681
OK,55,60,879,55,2014-09-28T04:55:00,0,27745656,180681
OK,55,60,879,55,2014-09-28T05:00:00,0,27746102,180681
OK,37,89,879,37,2014-09-28T05:05:00,5,27746445,180681
OK,36,92,879,36,2014-09-28T05:10:00,6,27746894,180681
OK,43,77,879,43,2014-09-28T05:15:00,3,27747339,180681
OK,66,50,879,66,2014-09-28T05:20:00,2,27747779,180681
OK,58,57,879,58,2014-09-28T05:25:00,2,27748228,180681
OK,45,73,879,45,2014-09-28T05:35:00,2,27748677,180681
OK,52,63,879,52,2014-09-28T05:40:00,4,27749400,180681
OK,51,64,879,51,2014-09-28T05:45:00,4,27749849,180681
OK,50,66,879,50,2014-09-28T05:50:00,1,27750293,180681
OK,45,73,879,45,2014-09-28T05:55:00,2,27750742,180681
OK,38,87,879,38,2014-09-28T06:00:00,2,27751168,180681
OK,82,40,879,82,2014-09-28T06:05:00,1,27751617,180681
OK,36,92,879,36,2014-09-28T06:10:00,3,27752064,180681
OK,36,92,879,36,2014-09-28T06:15:00,3,27752500,180681
OK,37,89,879,37,2014-09-28T06:20:00,4,27752948,180681
OK,46,72,879,46,2014-09-28T06:25:00,5,27753396,180681
OK,49,67,879,49,2014-09-28T06:30:00,2,27753839,180681
OK,53,62,879,53,2014-09-28T06:35:00,2,27754288,180681
OK,60,55,879,60,2014-09-28T06:40:00,2,27754716,180681
OK,50,66,879,50,2014-09-28T06:45:00,1,27755165,180681
OK,50,66,879,50,2014-09-28T06:50:00,3,27755614,180681
OK,51,64,879,51,2014-09-28T06:55:00,3,27756063,180681
OK,42,78,879,42,2014-09-28T07:00:00,6,27756511,180681
OK,41,80,879,41,2014-09-28T07:05:00,6,27756960,180681
OK,48,69,879,48,2014-09-28T07:10:00,4,27757405,180681
OK,35,94,879,35,2014-09-28T07:15:00,3,27757852,180681
OK,41,80,879,41,2014-09-28T07:20:00,2,27758161,180681
OK,52,63,879,52,2014-09-28T07:25:00,2,27758605,180681
OK,38,87,879,38,2014-09-28T07:30:00,3,27759048,180681
OK,54,61,879,54,2014-09-28T07:35:00,2,27759496,180681
OK,43,77,879,43,2014-09-28T07:40:00,3,27759938,180681
OK,44,75,879,44,2014-09-28T07:45:00,4,27760386,180681
OK,68,48,879,68,2014-09-28T07:50:00,5,27760833,180681
OK,50,66,879,50,2014-09-28T07:55:00,3,27761282,180681
OK,52,63,879,52,2014-09-28T08:00:00,10,27761720,180681
OK,54,61,879,54,2014-09-28T08:05:00,11,27762167,180681
OK,73,45,879,73,2014-09-28T08:10:00,5,27762591,180681
OK,64,51,879,64,2014-09-28T08:15:00,2,27763038,180681
OK,46,72,879,46,2014-09-28T08:20:00,5,27763476,180681
OK,50,66,879,50,2014-09-28T08:25:00,14,27763924,180681
OK,49,67,879,49,2014-09-28T08:30:00,13,27764373,180681
OK,44,75,879,44,2014-09-28T08:35:00,10,27764816,180681
OK,49,67,879,49,2014-09-28T08:40:00,9,27765256,180681
OK,49,67,879,49,2014-09-28T08:45:00,5,27765704,180681
OK,88,37,879,88,2014-09-28T08:50:00,2,27766149,180681
OK,71,46,879,71,2014-09-28T08:55:00,6,27766597,180681
OK,54,61,879,54,2014-09-28T09:00:00,10,27767031,180681
OK,56,59,879,56,2014-09-28T09:10:00,13,27767479,180681
OK,50,66,879,50,2014-09-28T09:15:00,8,27767928,180681
OK,50,66,879,50,2014-09-28T09:20:00,13,27768360,180681
OK,57,58,879,57,2014-09-28T09:25:00,10,27768808,180681
OK,47,70,879,47,2014-09-28T09:30:00,8,27769249,180681
OK,45,73,879,45,2014-09-28T09:35:00,9,27769696,180681
OK,66,50,879,66,2014-09-28T09:40:00,8,27770144,180681
OK,64,51,879,64,2014-09-28T09:45:00,7,27770575,180681
OK,59,56,879,59,2014-09-28T09:50:00,9,27771023,180681
OK,59,56,879,59,2014-09-28T09:55:00,9,27771471,180681
OK,49,67,879,49,2014-09-28T10:00:00,11,27771907,180681
OK,50,66,879,50,2014-09-28T10:05:00,12,27772356,180681
OK,62,53,879,62,2014-09-28T10:10:00,7,27772801,180681
OK,66,50,879,66,2014-09-28T10:15:00,8,27773250,180681
OK,43,77,879,43,2014-09-28T10:20:00,11,27773685,180681
OK,42,78,879,42,2014-09-28T10:25:00,10,27774133,180681
OK,44,75,879,44,2014-09-28T10:30:00,10,27774565,180681
OK,68,48,879,68,2014-09-28T10:35:00,10,27775014,180681
OK,53,62,879,53,2014-09-28T10:45:00,23,27775463,180681
OK,65,50,879,65,2014-09-28T10:50:00,19,27775905,180681
OK,69,48,879,69,2014-09-28T10:55:00,19,27776352,180681
OK,59,56,879,59,2014-09-28T11:00:00,19,27776801,180681
OK,51,64,879,51,2014-09-28T11:05:00,18,27777250,180681
OK,67,49,879,67,2014-09-28T11:10:00,15,27777650,180681
OK,65,50,879,65,2014-09-28T11:15:00,12,27778090,180681
OK,49,67,879,49,2014-09-28T11:20:00,15,27778539,180681
OK,51,64,879,51,2014-09-28T11:25:00,16,27778962,180681
OK,50,66,879,50,2014-09-28T11:30:00,11,27779408,180681
OK,49,67,879,49,2014-09-28T11:35:00,9,27779853,180681
OK,49,67,879,49,2014-09-28T11:40:00,11,27780301,180681
OK,45,73,879,45,2014-09-28T11:45:00,6,27780749,180681
OK,63,52,879,63,2014-09-28T11:50:00,8,27781188,180681
OK,53,62,879,53,2014-09-28T11:55:00,11,27781636,180681
OK,48,69,879,48,2014-09-28T12:00:00,9,27782067,180681
OK,54,61,879,54,2014-09-28T12:05:00,11,27782515,180681
OK,50,66,879,50,2014-09-28T12:10:00,13,27782953,180681
OK,50,66,879,50,2014-09-28T12:15:00,13,27783402,180681
OK,52,63,879,52,2014-09-28T12:20:00,11,27783828,180681
OK,52,63,879,52,2014-09-28T12:25:00,7,27784157,180681
OK,70,47,879,70,2014-09-28T12:30:00,10,27784605,180681
OK,49,67,879,49,2014-09-28T12:35:00,11,27785001,180681
OK,54,61,879,54,2014-09-28T12:40:00,14,27785441,180681
OK,65,50,879,65,2014-09-28T12:45:00,11,27785890,180681
OK,53,62,879,53,2014-09-28T12:50:00,8,27786218,180681
OK,64,51,879,64,2014-09-28T13:00:00,17,27787097,180681
OK,49,67,879,49,2014-09-28T13:05:00,13,27787545,180681
OK,54,61,879,54,2014-09-28T13:10:00,10,27787981,180681
OK,54,61,879,54,2014-09-28T13:15:00,12,27788426,180681
OK,47,70,879,47,2014-09-28T13:20:00,16,27788874,180681
OK,47,70,879,47,2014-09-28T13:25:00,12,27789320,180681
OK,50,66,879,50,2014-09-28T13:30:00,10,27789767,180681
OK,57,58,879,57,2014-09-28T13:35:00,11,27790214,180681
OK,58,57,879,58,2014-09-28T13:40:00,11,27790650,180681
OK,58,57,879,58,2014-09-28T13:45:00,15,27791098,180681
OK,51,64,879,51,2014-09-28T13:50:00,7,27791539,180681
OK,58,57,879,58,2014-09-28T13:55:00,20,27791988,180681
OK,47,70,879,47,2014-09-28T14:00:00,14,27792437,180681
OK,51,64,879,51,2014-09-28T14:05:00,13,27792883,180681
OK,71,46,879,71,2014-09-28T14:10:00,10,27793322,180681
OK,71,46,879,71,2014-09-28T14:15:00,8,27793771,180681
OK,43,77,879,43,2014-09-28T14:20:00,11,27794220,180681
OK,43,77,879,43,2014-09-28T14:25:00,15,27794633,180681
OK,66,50,879,66,2014-09-28T14:30:00,9,27795067,180681
OK,66,50,879,66,2014-09-28T14:35:00,5,27795516,180681
OK,47,70,879,47,2014-09-28T14:40:00,8,27795958,180681
OK,47,70,879,47,2014-09-28T14:45:00,12,27796407,180681
OK,49,67,879,49,2014-09-28T14:50:00,7,27796847,180681
OK,51,64,879,51,2014-09-28T14:55:00,11,27797295,180681
OK,51,64,879,51,2014-09-28T15:00:00,14,27797729,180681
OK,52,63,879,52,2014-09-28T15:05:00,7,27798177,180681
OK,58,57,879,58,2014-09-28T15:10:00,11,27798626,180681
OK,47,70,879,47,2014-09-28T15:15:00,7,27799075,180681
OK,59,56,879,59,2014-09-28T15:20:00,7,27799501,180681
OK,71,46,879,71,2014-09-28T15:25:00,9,27799949,180681
OK,67,49,879,67,2014-09-28T15:30:00,11,27800389,180681
OK,48,69,879,48,2014-09-28T15:35:00,14,27800738,180681
OK,48,69,879,48,2014-09-28T15:40:00,15,27801187,180681
OK,58,57,879,58,2014-09-28T15:45:00,13,27801635,180681
OK,49,67,879,49,2014-09-28T15:50:00,10,27802071,180681
OK,52,63,879,52,2014-09-28T15:55:00,11,27802517,180681
OK,52,63,879,52,2014-09-28T16:00:00,9,27802964,180681
OK,68,48,879,68,2014-09-28T16:05:00,8,27803311,180681
OK,62,53,879,62,2014-09-28T16:10:00,7,27803760,180681
OK,50,66,879,50,2014-09-28T16:15:00,6,27804202,180681
OK,50,66,879,50,2014-09-28T16:20:00,3,27804649,180681
OK,53,62,879,53,2014-09-28T16:25:00,8,27805097,180681
OK,53,62,879,53,2014-09-28T16:30:00,8,27805539,180681
OK,52,63,879,52,2014-09-28T16:35:00,9,27805904,180681
OK,43,77,879,43,2014-09-28T16:40:00,11,27806353,180681
OK,44,75,879,44,2014-09-28T16:45:00,8,27806789,180681
OK,47,70,879,47,2014-09-28T16:50:00,5,27807234,180681
OK,67,49,879,67,2014-09-28T16:55:00,6,27807667,180681
OK,75,44,879,75,2014-09-28T17:00:00,3,27808104,180681
OK,54,61,879,54,2014-09-28T17:05:00,5,27808546,180681
OK,52,63,879,52,2014-09-28T17:10:00,7,27808993,180681
OK,45,73,879,45,2014-09-28T17:15:00,7,27809442,180681
OK,50,66,879,50,2014-09-28T17:20:00,7,27809883,180681
OK,49,67,879,49,2014-09-28T17:25:00,6,27810331,180681
OK,45,73,879,45,2014-09-28T17:30:00,6,27810769,180681
OK,60,55,879,60,2014-09-28T17:35:00,6,27811216,180681
OK,66,50,879,66,2014-09-28T17:40:00,6,27811611,180681
OK,50,66,879,50,2014-09-28T17:45:00,6,27812046,180681
OK,45,73,879,45,2014-09-28T17:50:00,3,27812495,180681
OK,50,66,879,50,2014-09-28T17:55:00,5,27812941,180681
OK,50,66,879,50,2014-09-28T18:00:00,5,27813390,180681
OK,48,69,879,48,2014-09-28T18:05:00,7,27813830,180681
OK,47,70,879,47,2014-09-28T18:10:00,4,27814276,180681
OK,59,56,879,59,2014-09-28T18:15:00,3,27814723,180681
OK,59,56,879,59,2014-09-28T18:20:00,3,27815080,180681
OK,51,64,879,51,2014-09-28T18:25:00,6,27815529,180681
OK,48,69,879,48,2014-09-28T18:30:00,6,27815973,180681
OK,52,63,879,52,2014-09-28T18:35:00,5,27816421,180681
OK,70,47,879,70,2014-09-28T18:40:00,5,27816843,180681
OK,70,47,879,70,2014-09-28T18:45:00,5,27817292,180681
OK,43,77,879,43,2014-09-28T18:50:00,6,27817741,180681
OK,43,77,879,43,2014-09-28T18:55:00,6,27818171,180681
OK,46,72,879,46,2014-09-28T19:00:00,9,27818620,180681
OK,46,72,879,46,2014-09-28T19:05:00,8,27819060,180681
OK,61,54,879,61,2014-09-28T19:10:00,7,27819492,180681
OK,47,70,879,47,2014-09-28T19:15:00,6,27819941,180681
OK,48,69,879,48,2014-09-28T19:20:00,10,27820345,180681
OK,63,52,879,63,2014-09-28T19:25:00,10,27820794,180681
OK,66,50,879,66,2014-09-28T19:30:00,7,27821240,180681
OK,34,97,879,34,2014-09-28T19:35:00,3,27821684,180681
OK,38,87,879,38,2014-09-28T19:40:00,6,27822133,180681
OK,38,87,879,38,2014-09-28T19:45:00,3,27822566,180681
OK,45,73,879,45,2014-09-28T19:50:00,6,27823013,180681
OK,50,66,879,50,2014-09-28T19:55:00,3,27823462,180681
OK,61,54,879,61,2014-09-28T20:00:00,1,27823853,180681
OK,60,55,879,60,2014-09-28T20:05:00,2,27824297,180681
OK,56,59,879,56,2014-09-28T20:10:00,2,27824744,180681
OK,46,72,879,46,2014-09-28T20:15:00,2,27825183,180681
OK,43,77,879,43,2014-09-28T20:20:00,4,27825629,180681
OK,47,70,879,47,2014-09-28T20:25:00,2,27826078,180681
OK,49,67,879,49,2014-09-28T20:30:00,3,27826524,180681
OK,48,69,879,48,2014-09-28T20:35:00,3,27826873,180681
OK,44,75,879,44,2014-09-28T20:40:00,1,27827322,180681
OK,44,75,879,44,2014-09-28T20:45:00,0,27827768,180681
OK,50,66,879,50,2014-09-28T20:50:00,1,27828213,180681
OK,50,66,879,50,2014-09-28T20:55:00,1,27828662,180681
OK,50,66,879,50,2014-09-28T21:00:00,0,27829092,180681
OK,48,69,879,48,2014-09-28T21:05:00,2,27829539,180681
OK,57,58,879,57,2014-09-28T21:10:00,5,27829972,180681
OK,60,55,879,60,2014-09-28T21:15:00,3,27830421,180681
OK,77,43,879,77,2014-09-28T21:20:00,0,27830868,180681
OK,77,43,879,77,2014-09-28T21:25:00,0,27831316,180681
OK,105,31,879,105,2014-09-28T21:30:00,1,27831764,180681
OK,105,31,879,105,2014-09-28T21:35:00,0,27832208,180681
OK,105,31,879,105,2014-09-28T21:40:00,0,27832656,180681
OK,105,31,879,105,2014-09-28T21:45:00,0,27833099,180681
OK,105,31,879,105,2014-09-28T21:50:00,0,27833542,180681
OK,57,58,879,57,2014-09-28T21:55:00,1,27833991,180681
OK,57,58,879,57,2014-09-28T22:00:00,0,27834440,180681
OK,57,58,879,57,2014-09-28T22:05:00,0,27834885,180681
OK,57,58,879,57,2014-09-28T22:10:00,0,27835328,180681
OK,57,58,879,57,2014-09-28T22:15:00,0,27835774,180681
OK,57,58,879,57,2014-09-28T22:20:00,0,27836223,180681
OK,70,47,879,70,2014-09-28T22:25:00,2,27836610,180681
OK,48,69,879,48,2014-09-28T22:30:00,2,27837057,180681
OK,74,44,879,74,2014-09-28T22:35:00,1,27837443,180681
OK,74,44,879,74,2014-09-28T22:40:00,1,27837804,180681
OK,74,44,879,74,2014-09-28T22:45:00,0,27838253,180681
OK,74,44,879,74,2014-09-28T22:50:00,0,27838702,180681
OK,74,44,879,74,2014-09-28T22:55:00,0,27839151,180681
OK,67,49,879,67,2014-09-28T23:00:00,1,27839562,180681
OK,67,49,879,67,2014-09-28T23:05:00,0,27840011,180681
OK,39,84,879,39,2014-09-28T23:10:00,1,27840341,180681
OK,76,43,879,76,2014-09-28T23:20:00,1,27841212,180681
OK,56,59,879,56,2014-09-28T23:30:00,2,27841661,180681
OK,56,59,879,56,2014-09-28T23:35:00,0,27842102,180681
OK,56,59,879,56,2014-09-28T23:40:00,0,27842551,180681
OK,56,59,879,56,2014-09-28T23:45:00,0,27842999,180681
OK,56,59,879,56,2014-09-28T23:50:00,0,27843434,180681
OK,56,59,879,56,2014-09-28T23:55:00,0,27843882,180681
OK,56,59,879,56,2014-09-29T00:00:00,0,27844110,180681
OK,40,82,879,40,2014-09-29T00:15:00,1,27844997,180681
OK,84,39,879,84,2014-09-29T00:20:00,1,27845443,180681
OK,65,50,879,65,2014-09-29T00:25:00,1,27845825,180681
OK,65,50,879,65,2014-09-29T00:30:00,1,27846274,180681
OK,65,50,879,65,2014-09-29T00:35:00,0,27846717,180681
OK,65,50,879,65,2014-09-29T00:40:00,0,27847163,180681
OK,65,50,879,65,2014-09-29T00:45:00,0,27847476,180681
OK,65,50,879,65,2014-09-29T00:50:00,0,27847925,180681
OK,76,43,879,76,2014-09-29T01:00:00,0,27848374,180681
OK,76,43,879,76,2014-09-29T01:05:00,0,27849183,180681
OK,76,43,879,76,2014-09-29T01:10:00,0,27849619,180681
OK,76,43,879,76,2014-09-29T01:15:00,0,27849937,180681
OK,76,43,879,76,2014-09-29T01:20:00,0,27850386,180681
OK,76,43,879,76,2014-09-29T01:25:00,0,27850835,180681
OK,76,43,879,76,2014-09-29T01:30:00,0,27851135,180681
OK,76,43,879,76,2014-09-29T01:40:00,0,27851879,180681
OK,60,55,879,60,2014-09-29T01:45:00,1,27852325,180681
OK,60,55,879,60,2014-09-29T01:50:00,0,27852774,180681
OK,35,94,879,35,2014-09-29T01:55:00,1,27853219,180681
OK,42,78,879,42,2014-09-29T02:00:00,1,27853567,180681
OK,42,78,879,42,2014-09-29T02:05:00,1,27854016,180681
OK,42,78,879,42,2014-09-29T02:10:00,0,27854456,180681
OK,42,78,879,42,2014-09-29T02:15:00,0,27854905,180681
OK,74,44,879,74,2014-09-29T02:20:00,1,27855351,180681
OK,74,44,879,74,2014-09-29T02:25:00,0,27855795,180681
OK,74,44,879,74,2014-09-29T02:30:00,0,27856159,180681
OK,45,73,879,45,2014-09-29T02:35:00,1,27856608,180681
OK,45,73,879,45,2014-09-29T02:40:00,1,27857042,180681
OK,57,58,879,57,2014-09-29T02:45:00,3,27857487,180681
OK,47,70,879,47,2014-09-29T02:50:00,2,27857936,180681
OK,47,70,879,47,2014-09-29T02:55:00,0,27858374,180681
OK,47,70,879,47,2014-09-29T03:00:00,0,27858716,180681
OK,47,70,879,47,2014-09-29T03:05:00,0,27859165,180681
OK,43,77,879,43,2014-09-29T03:10:00,1,27859614,180681
OK,45,73,879,45,2014-09-29T03:15:00,1,27860060,180681
OK,65,50,879,65,2014-09-29T03:20:00,1,27860502,180681
OK,52,63,879,52,2014-09-29T03:25:00,1,27860949,180681
OK,52,63,879,52,2014-09-29T03:30:00,1,27861394,180681
OK,70,47,879,70,2014-09-29T03:35:00,2,27861841,180681
OK,76,43,879,76,2014-09-29T03:40:00,2,27862290,180681
OK,72,46,879,72,2014-09-29T03:45:00,3,27862739,180681
OK,68,48,879,68,2014-09-29T03:50:00,3,27863164,180681
OK,66,50,879,66,2014-09-29T03:55:00,7,27863610,180681
OK,66,50,879,66,2014-09-29T04:00:00,9,27864051,180681
OK,86,38,879,86,2014-09-29T04:05:00,8,27864494,180681
OK,86,38,879,86,2014-09-29T04:10:00,6,27864942,180681
OK,61,54,879,61,2014-09-29T04:15:00,10,27865391,180681
OK,63,52,879,63,2014-09-29T04:20:00,11,27865827,180681
OK,58,57,879,58,2014-09-29T04:25:00,10,27866273,180681
OK,58,57,879,58,2014-09-29T04:30:00,13,27866713,180681
OK,68,48,879,68,2014-09-29T04:35:00,11,27867160,180681
OK,68,48,879,68,2014-09-29T04:40:00,14,27867588,180681
OK,67,49,879,67,2014-09-29T04:45:00,15,27868027,180681
OK,70,47,879,70,2014-09-29T04:50:00,25,27868476,180681
OK,74,44,879,74,2014-09-29T05:00:00,17,27868925,180681
OK,75,44,879,75,2014-09-29T05:05:00,26,27869743,180681
OK,73,45,879,73,2014-09-29T05:10:00,40,27870178,180681
OK,71,46,879,71,2014-09-29T05:15:00,37,27870626,180681
OK,79,41,879,79,2014-09-29T05:20:00,36,27871052,180681
OK,104,31,879,104,2014-09-29T05:25:00,29,27871501,180681
OK,81,40,879,81,2014-09-29T05:30:00,36,27871824,180681
OK,84,39,879,84,2014-09-29T05:35:00,22,27872270,180681
OK,107,30,879,107,2014-09-29T05:40:00,21,27872718,180681
OK,121,27,879,121,2014-09-29T05:45:00,35,27873166,180681
OK,148,22,879,148,2014-09-29T05:50:00,45,27873610,180681
OK,168,19,879,168,2014-09-29T05:55:00,39,27874058,180681
OK,150,22,879,150,2014-09-29T06:00:00,44,27874482,180681
OK,122,27,879,122,2014-09-29T06:05:00,41,27874931,180681
OK,103,32,879,103,2014-09-29T06:10:00,32,27875354,180681
OK,78,42,879,78,2014-09-29T06:15:00,31,27875802,180681
OK,73,45,879,73,2014-09-29T06:20:00,37,27876248,180681
OK,91,36,879,91,2014-09-29T06:25:00,34,27876697,180681
OK,94,35,879,94,2014-09-29T06:30:00,25,27877121,180681
OK,78,42,879,78,2014-09-29T06:35:00,21,27877568,180681
OK,76,43,879,76,2014-09-29T06:40:00,26,27878012,180681
OK,75,44,879,75,2014-09-29T06:45:00,31,27878452,180681
OK,71,46,879,71,2014-09-29T06:50:00,31,27878900,180681
OK,50,66,879,50,2014-09-29T06:55:00,22,27879347,180681
OK,65,50,879,65,2014-09-29T07:00:00,18,27879785,180681
OK,79,41,879,79,2014-09-29T07:05:00,25,27880233,180681
OK,68,48,879,68,2014-09-29T07:10:00,21,27880674,180681
OK,62,53,879,62,2014-09-29T07:15:00,22,27881123,180681
OK,70,47,879,70,2014-09-29T07:20:00,19,27881565,180681
OK,70,47,879,70,2014-09-29T07:25:00,31,27882014,180681
OK,85,38,879,85,2014-09-29T07:30:00,13,27882463,180681
OK,56,59,879,56,2014-09-29T07:35:00,18,27882887,180681
OK,64,51,879,64,2014-09-29T07:40:00,24,27883330,180681
OK,68,48,879,68,2014-09-29T07:45:00,24,27883779,180681
OK,57,58,879,57,2014-09-29T07:50:00,21,27884206,180681
OK,74,44,879,74,2014-09-29T07:55:00,15,27884655,180681
OK,67,49,879,67,2014-09-29T08:00:00,29,27885028,180681
OK,66,50,879,66,2014-09-29T08:05:00,27,27885477,180681
OK,72,46,879,72,2014-09-29T08:10:00,17,27885926,180681
OK,71,46,879,71,2014-09-29T08:15:00,26,27886370,180681
OK,63,52,879,63,2014-09-29T08:20:00,30,27886805,180681
OK,57,58,879,57,2014-09-29T08:25:00,17,27887254,180681
OK,87,38,879,87,2014-09-29T08:30:00,13,27887691,180681
OK,51,64,879,51,2014-09-29T08:40:00,22,27888140,180681
OK,65,50,879,65,2014-09-29T08:45:00,21,27888901,180681
OK,55,60,879,55,2014-09-29T08:50:00,24,27889347,180681
OK,54,61,879,54,2014-09-29T08:55:00,20,27889796,180681
OK,74,44,879,74,2014-09-29T09:00:00,14,27890232,180681
OK,59,56,879,59,2014-09-29T09:05:00,16,27890681,180681
OK,67,49,879,67,2014-09-29T09:10:00,14,27891108,180681
OK,61,54,879,61,2014-09-29T09:15:00,28,27891551,180681
OK,50,66,879,50,2014-09-29T09:20:00,27,27892000,180681
OK,54,61,879,54,2014-09-29T09:25:00,24,27892448,180681
OK,69,48,879,69,2014-09-29T09:30:00,14,27892880,180681
OK,69,48,879,69,2014-09-29T09:35:00,20,27893329,180681
OK,75,44,879,75,2014-09-29T09:40:00,16,27893752,180681
OK,74,44,879,74,2014-09-29T09:45:00,19,27894201,180681
OK,80,41,879,80,2014-09-29T09:50:00,20,27894640,180681
OK,77,43,879,77,2014-09-29T09:55:00,21,27895085,180681
OK,67,49,879,67,2014-09-29T10:00:00,23,27895519,180681
OK,59,56,879,59,2014-09-29T10:10:00,16,27895968,180681
OK,65,50,879,65,2014-09-29T10:15:00,24,27896415,180681
OK,79,41,879,79,2014-09-29T10:20:00,23,27896845,180681
OK,77,43,879,77,2014-09-29T10:25:00,24,27897290,180681
OK,69,48,879,69,2014-09-29T10:30:00,23,27897733,180681
OK,74,44,879,74,2014-09-29T10:40:00,23,27898182,180681
OK,71,46,879,71,2014-09-29T10:45:00,26,27898631,180681
OK,61,54,879,61,2014-09-29T10:50:00,21,27899063,180681
OK,72,46,879,72,2014-09-29T10:55:00,15,27899512,180681
OK,69,48,879,69,2014-09-29T11:00:00,21,27899866,180681
OK,63,52,879,63,2014-09-29T11:05:00,20,27900315,180681
OK,56,59,879,56,2014-09-29T11:10:00,10,27900743,180681
OK,74,44,879,74,2014-09-29T11:15:00,17,27901191,180681
OK,78,42,879,78,2014-09-29T11:20:00,21,27901626,180681
OK,74,44,879,74,2014-09-29T11:25:00,22,27902075,180681
OK,72,46,879,72,2014-09-29T11:30:00,26,27902383,180681
OK,63,52,879,63,2014-09-29T11:40:00,21,27902832,180681
OK,73,45,879,73,2014-09-29T11:45:00,25,27903281,180681
OK,56,59,879,56,2014-09-29T11:50:00,0,27903713,180681
OK,80,41,879,80,2014-09-29T11:55:00,17,27904162,180681
OK,66,50,879,66,2014-09-29T12:00:00,24,27904537,180681
OK,62,53,879,62,2014-09-29T12:05:00,20,27904893,180681
OK,61,54,879,61,2014-09-29T12:10:00,12,27905342,180681
OK,64,51,879,64,2014-09-29T12:15:00,21,27905791,180681
OK,66,50,879,66,2014-09-29T12:20:00,18,27906217,180681
OK,74,44,879,74,2014-09-29T12:25:00,24,27906666,180681
OK,67,49,879,67,2014-09-29T12:30:00,34,27907107,180681
OK,67,49,879,67,2014-09-29T12:35:00,36,27907556,180681
OK,72,46,879,72,2014-09-29T12:40:00,26,27907981,180681
OK,68,48,879,68,2014-09-29T12:45:00,19,27908430,180681
OK,98,33,879,98,2014-09-29T12:50:00,24,27908859,180681
OK,98,33,879,98,2014-09-29T12:55:00,28,27909308,180681
OK,103,32,879,103,2014-09-29T13:05:00,27,27909757,180681
OK,105,31,879,105,2014-09-29T13:10:00,28,27910195,180681
OK,100,33,879,100,2014-09-29T13:15:00,27,27910644,180681
OK,101,32,879,101,2014-09-29T13:20:00,22,27911079,180681
OK,106,31,879,106,2014-09-29T13:25:00,26,27911528,180681
OK,97,34,879,97,2014-09-29T13:30:00,31,27911955,180681
OK,85,38,879,85,2014-09-29T13:35:00,23,27912404,180681
OK,108,30,879,108,2014-09-29T13:40:00,24,27912825,180681
OK,110,30,879,110,2014-09-29T13:45:00,29,27913274,180681
OK,85,38,879,85,2014-09-29T13:50:00,30,27913704,180681
OK,85,38,879,85,2014-09-29T13:55:00,27,27914153,180681
OK,90,36,879,90,2014-09-29T14:00:00,23,27914583,180681
OK,96,34,879,96,2014-09-29T14:05:00,15,27915032,180681
OK,86,38,879,86,2014-09-29T14:10:00,20,27915481,180681
OK,107,30,879,107,2014-09-29T14:15:00,23,27915930,180681
OK,107,30,879,107,2014-09-29T14:20:00,34,27916331,180681
OK,97,34,879,97,2014-09-29T14:25:00,29,27916778,180681
OK,90,36,879,90,2014-09-29T14:30:00,31,27917119,180681
OK,93,35,879,93,2014-09-29T14:35:00,29,27917568,180681
OK,92,36,879,92,2014-09-29T14:40:00,23,27918003,180681
OK,86,38,879,86,2014-09-29T14:45:00,29,27918452,180681
OK,78,42,879,78,2014-09-29T14:50:00,36,27918883,180681
OK,78,42,879,78,2014-09-29T14:55:00,29,27919332,180681
OK,81,40,879,81,2014-09-29T15:00:00,30,27919669,180681
OK,86,38,879,86,2014-09-29T15:05:00,30,27920118,180681
OK,75,44,879,75,2014-09-29T15:10:00,19,27920556,180681
OK,74,44,879,74,2014-09-29T15:15:00,15,27921005,180681
OK,74,44,879,74,2014-09-29T15:20:00,19,27921438,180681
OK,81,40,879,81,2014-09-29T15:25:00,11,27921887,180681
OK,70,47,879,70,2014-09-29T15:30:00,6,27922312,180681
OK,56,59,879,56,2014-09-29T15:35:00,14,27922760,180681
OK,57,58,879,57,2014-09-29T15:40:00,16,27923199,180681
OK,51,64,879,51,2014-09-29T15:45:00,10,27923648,180681
OK,93,35,879,93,2014-09-29T15:50:00,11,27924081,180681
OK,97,34,879,97,2014-09-29T15:55:00,16,27924530,180681
OK,73,45,879,73,2014-09-29T16:00:00,16,27924948,180681
OK,71,46,879,71,2014-09-29T16:05:00,18,27925396,180681
OK,57,58,879,57,2014-09-29T16:10:00,11,27925815,180681
OK,58,57,879,58,2014-09-29T16:15:00,10,27926263,180681
OK,57,58,879,57,2014-09-29T16:20:00,12,27926695,180681
OK,61,54,879,61,2014-09-29T16:25:00,11,27927144,180681
OK,61,54,879,61,2014-09-29T16:30:00,9,27927574,180681
OK,56,59,879,56,2014-09-29T16:35:00,17,27928023,180681
OK,54,61,879,54,2014-09-29T16:40:00,18,27928366,180681
OK,51,64,879,51,2014-09-29T16:45:00,8,27928815,180681
OK,45,73,879,45,2014-09-29T16:50:00,5,27929262,180681
OK,61,54,879,61,2014-09-29T16:55:00,3,27929711,180681
OK,58,57,879,58,2014-09-29T17:00:00,5,27930108,180681
OK,67,49,879,67,2014-09-29T17:05:00,6,27930554,180681
OK,67,49,879,67,2014-09-29T17:10:00,7,27930996,180681
OK,48,69,879,48,2014-09-29T17:15:00,8,27931445,180681
OK,48,69,879,48,2014-09-29T17:20:00,7,27931873,180681
OK,53,62,879,53,2014-09-29T17:25:00,7,27932322,180681
OK,58,57,879,58,2014-09-29T17:30:00,8,27932748,180681
OK,57,58,879,57,2014-09-29T17:35:00,8,27933197,180681
OK,57,58,879,57,2014-09-29T17:40:00,12,27933646,180681
OK,64,51,879,64,2014-09-29T17:45:00,10,27934063,180681
OK,58,57,879,58,2014-09-29T17:50:00,9,27934511,180681
OK,58,57,879,58,2014-09-29T17:55:00,5,27934954,180681
OK,67,49,879,67,2014-09-29T18:00:00,9,27935397,180681
OK,65,50,879,65,2014-09-29T18:05:00,8,27935844,180681
OK,47,70,879,47,2014-09-29T18:10:00,4,27936287,180681
OK,49,67,879,49,2014-09-29T18:15:00,7,27936734,180681
OK,69,48,879,69,2014-09-29T18:20:00,7,27937174,180681
OK,50,66,879,50,2014-09-29T18:30:00,1,27937623,180681
OK,79,41,879,79,2014-09-29T18:35:00,0,27938067,180681
OK,47,70,879,47,2014-09-29T18:40:00,7,27938505,180681
OK,47,70,879,47,2014-09-29T18:45:00,5,27938954,180681
OK,60,55,879,60,2014-09-29T18:50:00,4,27939391,180681
OK,45,73,879,45,2014-09-29T18:55:00,8,27939759,180681
OK,43,77,879,43,2014-09-29T19:00:00,9,27940208,180681
OK,51,64,879,51,2014-09-29T19:05:00,7,27940657,180681
OK,60,55,879,60,2014-09-29T19:10:00,4,27941103,180681
OK,46,72,879,46,2014-09-29T19:15:00,6,27941551,180681
OK,50,66,879,50,2014-09-29T19:20:00,13,27941992,180681
OK,54,61,879,54,2014-09-29T19:25:00,9,27942438,180681
OK,58,57,879,58,2014-09-29T19:30:00,5,27942879,180681
OK,75,44,879,75,2014-09-29T19:35:00,3,27943327,180681
OK,50,66,879,50,2014-09-29T19:40:00,4,27943767,180681
OK,50,66,879,50,2014-09-29T19:45:00,5,27944216,180681
OK,59,56,879,59,2014-09-29T19:50:00,7,27944621,180681
OK,59,56,879,59,2014-09-29T19:55:00,7,27945070,180681
OK,47,70,879,47,2014-09-29T20:00:00,4,27945446,180681
OK,60,55,879,60,2014-09-29T20:05:00,6,27945888,180681
OK,69,48,879,69,2014-09-29T20:10:00,9,27946329,180681
OK,52,63,879,52,2014-09-29T20:15:00,7,27946777,180681
OK,50,66,879,50,2014-09-29T20:20:00,2,27947222,180681
OK,76,43,879,76,2014-09-29T20:25:00,6,27947671,180681
OK,47,70,879,47,2014-09-29T20:30:00,10,27948116,180681
OK,40,82,879,40,2014-09-29T20:35:00,4,27948557,180681
OK,82,40,879,82,2014-09-29T20:40:00,2,27949005,180681
OK,47,70,879,47,2014-09-29T20:45:00,2,27949447,180681
OK,50,66,879,50,2014-09-29T20:50:00,1,27949885,180681
OK,70,47,879,70,2014-09-29T20:55:00,3,27950334,180681
OK,43,77,879,43,2014-09-29T21:00:00,3,27950774,180681
OK,56,59,879,56,2014-09-29T21:05:00,2,27951220,180681
OK,48,69,879,48,2014-09-29T21:10:00,2,27951667,180681
OK,59,56,879,59,2014-09-29T21:15:00,3,27952114,180681
OK,57,58,879,57,2014-09-29T21:20:00,3,27952559,180681
OK,43,77,879,43,2014-09-29T21:25:00,2,27953008,180681
OK,54,61,879,54,2014-09-29T21:30:00,4,27953446,180681
OK,54,61,879,54,2014-09-29T21:35:00,4,27953825,180681
OK,71,46,879,71,2014-09-29T21:40:00,0,27954274,180681
OK,71,46,879,71,2014-09-29T21:45:00,0,27954692,180681
OK,71,46,879,71,2014-09-29T21:50:00,0,27955139,180681
OK,71,46,879,71,2014-09-29T21:55:00,0,27955588,180681
OK,71,46,879,71,2014-09-29T22:00:00,0,27956037,180681
OK,71,46,879,71,2014-09-29T22:05:00,0,27956421,180681
OK,56,59,879,56,2014-09-29T22:10:00,1,27956863,180681
OK,43,77,879,43,2014-09-29T22:20:00,1,27957312,180681
OK,46,72,879,46,2014-09-29T22:25:00,1,27958036,180681
OK,55,60,879,55,2014-09-29T22:30:00,2,27958485,180681
OK,61,54,879,61,2014-09-29T22:35:00,1,27958834,180681
OK,61,54,879,61,2014-09-29T22:40:00,0,27959283,180681
OK,61,54,879,61,2014-09-29T22:45:00,0,27959609,180681
OK,52,63,879,52,2014-09-29T22:50:00,1,27960053,180681
OK,52,63,879,52,2014-09-29T22:55:00,1,27960486,180681
OK,52,63,879,52,2014-09-29T23:00:00,0,27960935,180681
OK,52,63,879,52,2014-09-29T23:05:00,0,27961371,180681
OK,52,63,879,52,2014-09-29T23:10:00,0,27961818,180681
OK,47,70,879,47,2014-09-29T23:15:00,0,27962267,180681
OK,76,43,879,76,2014-09-29T23:20:00,1,27962710,180681
OK,61,54,879,61,2014-09-29T23:25:00,2,27963155,180681
OK,46,72,879,46,2014-09-29T23:30:00,1,27963542,180681
OK,46,72,879,46,2014-09-29T23:35:00,0,27963991,180681
OK,46,72,879,46,2014-09-29T23:40:00,0,27964376,180681
OK,46,72,879,46,2014-09-29T23:45:00,0,27964825,180681
OK,46,72,879,46,2014-09-29T23:50:00,0,27965274,180681
OK,50,66,879,50,2014-09-29T23:55:00,1,27965650,180681
OK,50,66,879,50,2014-09-30T00:00:00,3,27966099,180681
OK,55,60,879,55,2014-09-30T00:05:00,2,27966440,180681
OK,44,75,879,44,2014-09-30T00:15:00,2,27967338,180681
OK,44,75,879,44,2014-09-30T00:20:00,0,27967786,180681
OK,44,75,879,44,2014-09-30T00:25:00,0,27968235,180681
OK,37,89,879,37,2014-09-30T00:30:00,1,27968672,180681
OK,37,89,879,37,2014-09-30T00:35:00,0,27969109,180681
OK,37,89,879,37,2014-09-30T00:40:00,0,27969557,180681
OK,37,89,879,37,2014-09-30T00:45:00,0,27969994,180681
OK,43,77,879,43,2014-09-30T00:50:00,1,27970440,180681
OK,43,77,879,43,2014-09-30T00:55:00,0,27970881,180681
OK,43,77,879,43,2014-09-30T01:00:00,0,27971328,180681
OK,43,77,879,43,2014-09-30T01:05:00,0,27971773,180681
OK,43,77,879,43,2014-09-30T01:10:00,0,27972212,180681
OK,46,72,879,46,2014-09-30T01:15:00,0,27972661,180681
OK,46,72,879,46,2014-09-30T01:20:00,0,27973110,180681
OK,46,72,879,46,2014-09-30T01:25:00,0,27973411,180681
OK,61,54,879,61,2014-09-30T01:30:00,1,27973858,180681
OK,61,54,879,61,2014-09-30T01:35:00,0,27974273,180681
OK,61,54,879,61,2014-09-30T01:40:00,0,27974668,180681
OK,61,54,879,61,2014-09-30T01:45:00,0,27975117,180681
OK,49,67,879,49,2014-09-30T01:50:00,3,27975563,180681
OK,47,70,879,47,2014-09-30T01:55:00,2,27975997,180681
OK,39,84,879,39,2014-09-30T02:00:00,1,27976446,180681
OK,39,84,879,39,2014-09-30T02:05:00,0,27976850,180681
OK,39,84,879,39,2014-09-30T02:10:00,0,27977296,180681
OK,48,69,879,48,2014-09-30T02:15:00,1,27977738,180681
OK,48,69,879,48,2014-09-30T02:20:00,0,27978187,180681
OK,76,43,879,76,2014-09-30T02:25:00,0,27978633,180681
OK,76,43,879,76,2014-09-30T02:30:00,0,27979079,180681
OK,47,70,879,47,2014-09-30T02:35:00,1,27979517,180681
OK,47,70,879,47,2014-09-30T02:40:00,3,27979849,180681
OK,43,77,879,43,2014-09-30T02:45:00,1,27980298,180681
OK,39,84,879,39,2014-09-30T02:50:00,3,27980747,180681
OK,37,89,879,37,2014-09-30T02:55:00,1,27981193,180681
OK,42,78,879,42,2014-09-30T03:00:00,1,27981641,180681
OK,37,89,879,37,2014-09-30T03:05:00,1,27982067,180681
OK,37,89,879,37,2014-09-30T03:10:00,0,27982516,180681
OK,37,89,879,37,2014-09-30T03:15:00,0,27982881,180681
OK,37,89,879,37,2014-09-30T03:20:00,0,27983329,180681
OK,37,89,879,37,2014-09-30T03:25:00,0,27983777,180681
OK,44,75,879,44,2014-09-30T03:30:00,2,27984224,180681
OK,50,66,879,50,2014-09-30T03:35:00,6,27984662,180681
OK,56,59,879,56,2014-09-30T03:40:00,8,27985109,180681
OK,65,50,879,65,2014-09-30T03:45:00,8,27985545,180681
OK,64,51,879,64,2014-09-30T03:50:00,10,27985989,180681
OK,51,64,879,51,2014-09-30T03:55:00,5,27986436,180681
OK,71,46,879,71,2014-09-30T04:00:00,6,27986885,180681
OK,61,54,879,61,2014-09-30T04:05:00,7,27987334,180681
OK,49,67,879,49,2014-09-30T04:10:00,13,27987750,180681
OK,49,67,879,49,2014-09-30T04:15:00,15,27988196,180681
OK,73,45,879,73,2014-09-30T04:20:00,12,27988511,180681
OK,62,53,879,62,2014-09-30T04:25:00,8,27988960,180681
OK,58,57,879,58,2014-09-30T04:30:00,10,27989400,180681
OK,81,40,879,81,2014-09-30T04:35:00,15,27989849,180681
OK,88,37,879,88,2014-09-30T04:40:00,19,27990283,180681
OK,89,37,879,89,2014-09-30T04:45:00,23,27990732,180681
OK,77,43,879,77,2014-09-30T04:50:00,26,27991181,180681
OK,69,48,879,69,2014-09-30T04:55:00,19,27991607,180681
OK,71,46,879,71,2014-09-30T05:00:00,23,27992002,180681
OK,79,41,879,79,2014-09-30T05:05:00,32,27992448,180681
OK,72,46,879,72,2014-09-30T05:10:00,39,27992887,180681
OK,86,38,879,86,2014-09-30T05:15:00,50,27993336,180681
OK,98,33,879,98,2014-09-30T05:20:00,47,27993785,180681
OK,116,28,879,116,2014-09-30T05:25:00,14,27994233,180681
OK,129,25,879,129,2014-09-30T05:30:00,35,27994653,180681
OK,155,21,879,155,2014-09-30T05:35:00,39,27995101,180681
OK,191,17,879,191,2014-09-30T05:40:00,36,27995550,180681
OK,239,13,879,239,2014-09-30T05:45:00,41,27995999,180681
OK,229,14,879,229,2014-09-30T05:50:00,57,27996438,180681
OK,218,15,879,218,2014-09-30T05:55:00,48,27996859,180681
OK,220,15,879,220,2014-09-30T06:00:00,45,27997308,180681
OK,162,20,879,162,2014-09-30T06:05:00,47,27997757,180681
OK,150,22,879,150,2014-09-30T06:10:00,54,27998172,180681
OK,170,19,879,170,2014-09-30T06:15:00,41,27998621,180681
OK,187,17,879,187,2014-09-30T06:20:00,37,27999040,180681
OK,158,20,879,158,2014-09-30T06:25:00,48,27999489,180681
OK,146,22,879,146,2014-09-30T06:30:00,44,27999918,180681
OK,136,24,879,136,2014-09-30T06:35:00,31,28000367,180681
OK,118,28,879,118,2014-09-30T06:40:00,36,28000816,180681
OK,114,29,879,114,2014-09-30T06:45:00,38,28001229,180681
OK,116,28,879,116,2014-09-30T06:50:00,28,28001663,180681
OK,91,36,879,91,2014-09-30T06:55:00,25,28002103,180681
OK,71,46,879,71,2014-09-30T07:00:00,23,28002552,180681
OK,86,38,879,86,2014-09-30T07:10:00,19,28003001,180681
OK,70,47,879,70,2014-09-30T07:15:00,22,28003761,180681
OK,71,46,879,71,2014-09-30T07:25:00,22,28004210,180681
OK,68,48,879,68,2014-09-30T07:30:00,19,28004644,180681
OK,67,49,879,67,2014-09-30T07:35:00,14,28005093,180681
OK,101,32,879,101,2014-09-30T07:40:00,25,28005526,180681
OK,92,36,879,92,2014-09-30T07:45:00,31,28005975,180681
OK,69,48,879,69,2014-09-30T07:50:00,28,28006378,180681
OK,69,48,879,69,2014-09-30T07:55:00,27,28006822,180681
OK,83,39,879,83,2014-09-30T08:00:00,19,28007253,180681
OK,84,39,879,84,2014-09-30T08:05:00,21,28007702,180681
OK,84,39,879,84,2014-09-30T08:10:00,15,28008113,180681
OK,74,44,879,74,2014-09-30T08:15:00,18,28008472,180681
OK,85,38,879,85,2014-09-30T08:20:00,19,28008920,180681
OK,90,36,879,90,2014-09-30T08:25:00,24,28009368,180681
OK,75,44,879,75,2014-09-30T08:30:00,20,28009793,180681
OK,93,35,879,93,2014-09-30T08:35:00,17,28010242,180681
OK,97,34,879,97,2014-09-30T08:40:00,21,28010675,180681
OK,63,52,879,63,2014-09-30T08:45:00,17,28011124,180681
OK,53,62,879,53,2014-09-30T08:50:00,15,28011565,180681
OK,62,53,879,62,2014-09-30T08:55:00,19,28012014,180681
OK,95,34,879,95,2014-09-30T09:00:00,10,28012409,180681
OK,64,51,879,64,2014-09-30T09:05:00,11,28012856,180681
OK,74,44,879,74,2014-09-30T09:10:00,8,28013289,180681
OK,80,41,879,80,2014-09-30T09:15:00,14,28013553,180681
OK,67,49,879,67,2014-09-30T09:30:00,10,28014048,180681
OK,79,41,879,79,2014-09-30T09:35:00,2,28014497,180681
OK,81,40,879,81,2014-09-30T09:40:00,0,28014941,180681
OK,81,40,879,81,2014-09-30T09:45:00,0,28015390,180681
OK,81,40,879,81,2014-09-30T09:50:00,0,28015773,180681
OK,81,40,879,81,2014-09-30T09:55:00,0,28016220,180681
OK,61,54,879,61,2014-09-30T10:00:00,8,28016667,180681
OK,66,50,879,66,2014-09-30T10:05:00,16,28017069,180681
OK,88,37,879,88,2014-09-30T10:10:00,17,28017518,180681
OK,91,36,879,91,2014-09-30T10:15:00,20,28017967,180681
OK,68,48,879,68,2014-09-30T10:20:00,20,28018411,180681
OK,77,43,879,77,2014-09-30T10:25:00,22,28018860,180681
OK,69,48,879,69,2014-09-30T10:30:00,30,28019301,180681
OK,67,49,879,67,2014-09-30T10:35:00,31,28019748,180681
OK,72,46,879,72,2014-09-30T10:40:00,24,28020192,180681
OK,67,49,879,67,2014-09-30T10:45:00,12,28020447,180681
OK,99,33,879,99,2014-09-30T11:45:00,24,28021063,180681
OK,103,32,879,103,2014-09-30T11:50:00,28,28021510,180681
OK,99,33,879,99,2014-09-30T11:55:00,35,28021959,180681
OK,98,33,879,98,2014-09-30T12:00:00,28,28022379,180681
OK,87,38,879,87,2014-09-30T12:05:00,24,28022828,180681
OK,84,39,879,84,2014-09-30T12:10:00,17,28023270,180681
OK,90,36,879,90,2014-09-30T12:15:00,18,28023719,180681
OK,88,37,879,88,2014-09-30T12:20:00,29,28024154,180681
OK,87,38,879,87,2014-09-30T12:25:00,30,28024603,180681
OK,72,46,879,72,2014-09-30T12:30:00,17,28025038,180681
OK,75,44,879,75,2014-09-30T12:35:00,18,28025482,180681
OK,80,41,879,80,2014-09-30T12:40:00,31,28025857,180681
OK,100,33,879,100,2014-09-30T12:45:00,40,28026306,180681
OK,94,35,879,94,2014-09-30T12:50:00,29,28026745,180681
OK,93,35,879,93,2014-09-30T12:55:00,16,28027194,180681
OK,104,31,879,104,2014-09-30T13:00:00,23,28027631,180681
OK,87,38,879,87,2014-09-30T13:05:00,28,28028080,180681
OK,113,29,879,113,2014-09-30T13:10:00,11,28028521,180681
OK,103,32,879,103,2014-09-30T13:15:00,29,28028970,180681
OK,114,29,879,114,2014-09-30T13:20:00,40,28029391,180681
OK,112,29,879,112,2014-09-30T13:25:00,38,28029840,180681
OK,105,31,879,105,2014-09-30T13:30:00,31,28030277,180681
OK,100,33,879,100,2014-09-30T13:35:00,31,28030562,180681
OK,61,54,879,61,2014-09-30T17:50:00,5,28032341,180681
OK,39,84,879,39,2014-09-30T17:55:00,3,28033106,180681
OK,76,43,879,76,2014-09-30T18:00:00,6,28033552,180681
OK,93,35,879,93,2014-09-30T18:05:00,3,28033995,180681
OK,67,49,879,67,2014-09-30T18:10:00,4,28034441,180681
OK,114,29,879,114,2014-09-30T18:15:00,4,28034890,180681
OK,55,60,879,55,2014-09-30T18:20:00,6,28035319,180681
OK,47,70,879,47,2014-09-30T18:25:00,4,28035768,180681
OK,75,44,879,75,2014-09-30T18:30:00,3,28036210,180681
OK,71,46,879,71,2014-09-30T18:35:00,4,28036659,180681
OK,68,48,879,68,2014-09-30T18:40:00,6,28037100,180681
OK,69,48,879,69,2014-09-30T18:45:00,4,28037464,180681
OK,77,43,879,77,2014-09-30T18:50:00,4,28037913,180681
OK,60,55,879,60,2014-09-30T18:55:00,5,28038341,180681
OK,60,55,879,60,2014-09-30T19:00:00,5,28038789,180681
OK,53,62,879,53,2014-09-30T19:05:00,3,28039238,180681
OK,54,61,879,54,2014-09-30T19:10:00,10,28039669,180681
OK,55,60,879,55,2014-09-30T19:15:00,8,28040117,180681
OK,73,45,879,73,2014-09-30T19:20:00,0,28040565,180681
OK,97,34,879,97,2014-09-30T19:25:00,3,28041009,180681
OK,75,44,879,75,2014-09-30T19:30:00,4,28041451,180681
OK,72,46,879,72,2014-09-30T19:35:00,5,28041899,180681
OK,77,43,879,77,2014-09-30T19:40:00,7,28042348,180681
OK,79,41,879,79,2014-09-30T19:45:00,6,28042797,180681
OK,58,57,879,58,2014-09-30T19:50:00,4,28043230,180681
OK,58,57,879,58,2014-09-30T19:55:00,4,28043648,180681
OK,72,46,879,72,2014-09-30T20:00:00,4,28044093,180681
OK,72,46,879,72,2014-09-30T20:05:00,4,28044541,180681
OK,94,35,879,94,2014-09-30T20:10:00,3,28044979,180681
OK,73,45,879,73,2014-09-30T20:15:00,2,28045421,180681
OK,44,75,879,44,2014-09-30T20:20:00,1,28045865,180681
OK,52,63,879,52,2014-09-30T20:25:00,2,28046245,180681
OK,51,64,879,51,2014-09-30T20:30:00,2,28046693,180681
OK,45,73,879,45,2014-09-30T20:35:00,2,28047136,180681
OK,64,51,879,64,2014-09-30T20:40:00,4,28047580,180681
OK,66,50,879,66,2014-09-30T20:45:00,7,28048026,180681
OK,62,53,879,62,2014-09-30T20:50:00,4,28048465,180681
OK,54,61,879,54,2014-09-30T20:55:00,4,28048843,180681
OK,55,60,879,55,2014-09-30T21:00:00,5,28049292,180681
OK,80,41,879,80,2014-09-30T21:05:00,3,28049740,180681
OK,51,64,879,51,2014-09-30T21:10:00,4,28050189,180681
OK,51,64,879,51,2014-09-30T21:15:00,1,28050615,180681
OK,51,64,879,51,2014-09-30T21:20:00,0,28051064,180681
OK,66,50,879,66,2014-09-30T21:25:00,5,28051433,180681
OK,66,50,879,66,2014-09-30T21:30:00,5,28051882,180681
OK,67,49,879,67,2014-09-30T21:35:00,0,28052318,180681
OK,67,49,879,67,2014-09-30T21:40:00,0,28052756,180681
OK,67,49,879,67,2014-09-30T21:45:00,0,28053205,180681
OK,43,77,879,43,2014-09-30T21:50:00,1,28053651,180681
OK,36,92,879,36,2014-09-30T21:55:00,1,28054006,180681
OK,36,92,879,36,2014-09-30T22:00:00,0,28054454,180681
OK,36,92,879,36,2014-09-30T22:05:00,0,28054888,180681
OK,64,51,879,64,2014-09-30T22:10:00,1,28055334,180681
OK,48,69,879,48,2014-09-30T22:15:00,2,28055781,180681
OK,63,52,879,63,2014-09-30T22:20:00,2,28056226,180681
OK,59,56,879,59,2014-09-30T22:25:00,2,28056620,180681
OK,96,34,879,96,2014-09-30T22:30:00,1,28057006,180681
OK,96,34,879,96,2014-09-30T22:35:00,1,28057455,180681
OK,96,34,879,96,2014-09-30T22:40:00,0,28057904,180681
OK,50,66,879,50,2014-09-30T22:45:00,1,28058344,180681
OK,79,41,879,79,2014-09-30T22:50:00,1,28058788,180681
OK,45,73,879,45,2014-09-30T22:55:00,1,28059234,180681
OK,45,73,879,45,2014-09-30T23:00:00,0,28059679,180681
OK,68,48,879,68,2014-09-30T23:05:00,1,28060125,180681
OK,44,75,879,44,2014-09-30T23:10:00,1,28060568,180681
OK,68,48,879,68,2014-09-30T23:15:00,3,28061010,180681
OK,77,43,879,77,2014-09-30T23:20:00,2,28061444,180681
OK,44,75,879,44,2014-09-30T23:25:00,1,28061893,180681
OK,41,80,879,41,2014-09-30T23:30:00,2,28062275,180681
OK,41,80,879,41,2014-09-30T23:35:00,0,28062724,180681
OK,41,80,879,41,2014-09-30T23:40:00,0,28063115,180681
OK,62,53,879,62,2014-09-30T23:45:00,2,28063564,180681
OK,42,78,879,42,2014-09-30T23:50:00,1,28063975,180681
OK,38,87,879,38,2014-09-30T23:55:00,1,28064424,180681
