year,month,day,hour,REPORT_ID,avgMeasuredTime,vehicleCount,avgSpeed
2014,08,01,08,204166,67.5,20,47.583333333333336
2014,08,01,09,204166,71.9090909090909,28,44.36363636363637
2014,08,01,10,204166,68.83333333333333,31,46.333333333333336
2014,08,01,11,204166,66.66666666666667,27,48.25
2014,08,01,12,204166,73.33333333333333,22,43.25
2014,08,01,13,204166,87.45454545454545,20,37.54545454545455
2014,08,01,14,204166,85.83333333333333,20,37.166666666666664
2014,08,01,15,204166,69.0,13,46.666666666666664
2014,08,01,16,204166,74.75,10,45.833333333333336
2014,08,01,17,204166,66.5,10,48.833333333333336
2014,08,01,18,204166,55.0,1,57.0
2014,08,01,19,204166,59.166666666666664,13,53.5
2014,08,01,22,204166,74.0,0,43.0
2014,08,02,00,204166,74.0,0,43.0
2014,08,02,01,204166,74.0,0,43.0
2014,08,02,02,204166,62.333333333333336,1,53.833333333333336
2014,08,02,03,204166,46.0,0,69.0
2014,08,02,06,204166,64.66666666666667,6,48.833333333333336
2014,08,02,07,204166,62.25,12,52.583333333333336
2014,08,02,08,204166,74.41666666666667,19,43.0
2014,08,02,09,204166,68.58333333333333,28,46.416666666666664
2014,08,02,10,204166,83.33333333333333,23,40.0
2014,08,02,11,204166,68.08333333333333,28,47.75
2014,08,02,12,204166,91.5,16,40.25
2014,08,02,13,204166,68.0,11,47.0
2014,08,02,14,204166,72.5,13,44.0
2014,08,02,15,204166,75.83333333333333,17,41.666666666666664
2014,08,02,16,204166,68.75,17,47.0
2014,08,02,17,204166,60.5,8,53.0
2014,08,02,18,204166,60.666666666666664,10,51.916666666666664
2014,08,02,19,204166,54.75,6,57.5
2014,08,02,20,204166,50.0,0,63.0
2014,08,02,21,204166,56.833333333333336,3,55.75
2014,08,02,22,204166,61.666666666666664,3,51.333333333333336
2014,08,02,23,204166,75.81818181818181,1,41.72727272727273
2014,08,03,00,204166,67.33333333333333,1,49.333333333333336
2014,08,03,01,204166,48.0,0,66.0
2014,08,03,02,204166,48.0,0,66.0
2014,08,03,03,204166,46.333333333333336,0,68.5
2014,08,03,04,204166,44.0,0,72.0
2014,08,03,05,204166,47.5,2,67.5
2014,08,03,06,204166,59.916666666666664,4,53.0
2014,08,03,07,204166,89.41666666666667,8,37.5
2014,08,03,08,204166,64.5,27,49.333333333333336
2014,08,03,09,204166,72.75,14,44.25
2014,08,03,10,204166,66.08333333333333,13,52.083333333333336
2014,08,03,11,204166,73.41666666666667,20,44.166666666666664
2014,08,03,12,204166,76.83333333333333,19,42.333333333333336
2014,08,03,13,204166,73.66666666666667,15,43.083333333333336
2014,08,03,14,204166,69.25,15,50.5
2014,08,03,15,204166,72.0,6,46.583333333333336
2014,08,03,16,204166,59.916666666666664,12,55.0
2014,08,03,17,204166,64.08333333333333,5,51.0
2014,08,03,18,204166,66.25,4,48.25
2014,08,03,19,204166,71.25,4,44.333333333333336
2014,08,03,20,204166,61.166666666666664,4,52.0
2014,08,03,21,204166,66.0,0,48.0
2014,08,03,22,204166,66.0,0,48.0
2014,08,03,23,204166,66.0,0,48.0
2014,08,04,00,204166,66.0,0,48.0
2014,08,04,01,204166,66.0,0,48.0
2014,08,04,02,204166,66.0,0,48.0
2014,08,04,03,204166,66.0,0,48.0
2014,08,04,04,204166,65.5,6,49.083333333333336
2014,08,04,05,204166,70.08333333333333,28,45.75
2014,08,04,06,204166,68.16666666666667,31,47.833333333333336
2014,08,04,07,204166,63.666666666666664,9,50.25
2014,08,04,08,204166,76.33333333333333,26,41.833333333333336
2014,08,04,09,204166,117.16666666666667,18,32.916666666666664
2014,08,04,10,204166,71.66666666666667,30,45.916666666666664
2014,08,04,11,204166,75.08333333333333,46,43.083333333333336
2014,08,04,12,204166,83.58333333333333,42,39.833333333333336
2014,08,04,13,204166,100.5,53,32.75
2014,08,04,14,204166,140.0,17,22.25
2014,08,04,15,204166,86.41666666666667,16,39.666666666666664
2014,08,04,16,204166,59.833333333333336,12,53.0
2014,08,04,17,204166,60.333333333333336,8,52.75
2014,08,04,18,204166,64.0,12,50.583333333333336
2014,08,04,19,204166,81.83333333333333,7,40.166666666666664
2014,08,04,22,204166,58.0,0,54.0
2014,08,04,23,204166,61.63636363636363,0,51.27272727272727
2014,08,05,00,204166,66.0,0,48.0
2014,08,05,01,204166,66.0,0,48.0
2014,08,05,02,204166,66.0,0,48.0
2014,08,05,03,204166,60.166666666666664,7,52.5
2014,08,05,04,204166,54.083333333333336,10,59.5
2014,08,05,05,204166,71.41666666666667,22,46.416666666666664
2014,08,05,06,204166,67.41666666666667,16,49.5
2014,08,05,07,204166,76.16666666666667,23,42.75
2014,08,05,08,204166,66.83333333333333,20,48.833333333333336
2014,08,05,09,204166,80.75,33,39.833333333333336
2014,08,05,10,204166,74.41666666666667,16,44.0
2014,08,05,11,204166,69.5,28,46.333333333333336
2014,08,05,12,204166,78.0909090909091,29,40.54545454545455
2014,08,05,13,204166,87.58333333333333,33,36.166666666666664
2014,08,05,14,204166,92.33333333333333,21,35.25
2014,08,05,15,204166,102.0,25,34.083333333333336
2014,08,05,16,204166,90.83333333333333,11,44.0
2014,08,05,17,204166,56.666666666666664,9,60.083333333333336
2014,08,05,18,204166,55.0,5,61.916666666666664
2014,08,05,19,204166,46.916666666666664,4,68.91666666666667
2014,08,05,21,204166,58.0,0,54.0
2014,08,05,22,204166,58.0,0,54.0
2014,08,06,00,204166,58.0,0,54.0
2014,08,06,01,204166,58.0,0,54.0
2014,08,06,02,204166,58.0,0,54.0
2014,08,06,03,204166,58.0,0,54.0
2014,08,06,04,204166,58.0,0,54.0
2014,08,06,05,204166,69.41666666666667,20,46.75
2014,08,06,06,204166,73.91666666666667,21,43.916666666666664
2014,08,06,07,204166,77.83333333333333,19,41.0
2014,08,06,08,204166,99.91666666666667,18,34.083333333333336
2014,08,06,09,204166,76.16666666666667,20,41.666666666666664
2014,08,06,10,204166,65.75,21,49.083333333333336
2014,08,06,11,204166,75.75,20,44.083333333333336
2014,08,06,12,204166,77.5,48,41.916666666666664
2014,08,06,13,204166,106.72727272727273,17,31.0
2014,08,06,14,204166,87.91666666666667,25,36.0
2014,08,06,15,204166,79.33333333333333,16,43.833333333333336
2014,08,06,16,204166,70.0,14,46.333333333333336
2014,08,06,17,204166,60.583333333333336,11,52.5
2014,08,06,18,204166,58.75,5,54.0
2014,08,06,19,204166,80.5,5,40.333333333333336
2014,08,06,21,204166,85.0,0,37.0
2014,08,06,22,204166,85.0,0,37.0
2014,08,07,00,204166,85.0,0,37.0
2014,08,07,01,204166,85.0,0,37.0
2014,08,07,02,204166,85.0,0,37.0
2014,08,07,03,204166,83.58333333333333,2,37.75
2014,08,07,04,204166,46.416666666666664,2,68.41666666666667
2014,08,07,05,204166,72.75,21,44.25
2014,08,07,06,204166,75.58333333333333,25,44.0
2014,08,07,07,204166,70.83333333333333,28,45.583333333333336
2014,08,07,08,204166,79.08333333333333,40,43.333333333333336
2014,08,07,09,204166,71.33333333333333,22,44.833333333333336
2014,08,07,10,204166,73.33333333333333,30,44.583333333333336
2014,08,07,11,204166,78.66666666666667,26,40.833333333333336
2014,08,07,12,204166,78.83333333333333,24,41.333333333333336
2014,08,07,13,204166,72.16666666666667,41,44.75
2014,08,07,14,204166,72.58333333333333,20,45.083333333333336
2014,08,07,15,204166,74.83333333333333,11,42.75
2014,08,07,16,204166,80.5,10,39.333333333333336
2014,08,07,17,204166,50.666666666666664,7,62.666666666666664
2014,08,07,18,204166,69.41666666666667,7,47.916666666666664
2014,08,07,19,204166,56.083333333333336,8,56.75
2014,08,07,21,204166,56.0,1,56.0
2014,08,07,22,204166,56.0,0,56.0
2014,08,08,00,204166,56.0,0,56.0
2014,08,08,01,204166,56.0,0,56.0
2014,08,08,02,204166,56.0,0,56.0
2014,08,08,03,204166,56.0,0,56.0
2014,08,08,04,204166,57.083333333333336,11,56.0
2014,08,08,05,204166,63.666666666666664,23,51.916666666666664
2014,08,08,06,204166,91.91666666666667,20,36.083333333333336
2014,08,08,07,204166,98.83333333333333,5,32.666666666666664
2014,08,08,08,204166,73.08333333333333,22,44.25
2014,08,08,09,204166,67.66666666666667,29,48.166666666666664
2014,08,08,10,204166,70.0,21,48.7
2014,08,08,11,204166,78.41666666666667,26,40.75
2014,08,08,12,204166,79.91666666666667,26,42.666666666666664
2014,08,08,13,204166,105.83333333333333,19,30.583333333333332
2014,08,08,14,204166,89.41666666666667,12,35.5
2014,08,08,15,204166,71.16666666666667,17,45.583333333333336
2014,08,08,16,204166,65.5,13,50.0
2014,08,08,17,204166,73.25,11,43.416666666666664
2014,08,08,18,204166,62.90909090909091,6,50.09090909090909
2014,08,08,19,204166,52.333333333333336,4,63.5
2014,08,08,21,204166,61.0,0,52.0
2014,08,08,22,204166,61.0,0,52.0
2014,08,09,00,204166,48.0,0,66.0
2014,08,09,01,204166,57.0,2,55.0
2014,08,09,02,204166,57.0,0,55.0
2014,08,09,03,204166,57.0,0,55.0
2014,08,09,04,204166,57.0,0,55.0
2014,08,09,05,204166,57.0,0,55.0
2014,08,09,06,204166,65.33333333333333,4,49.0
2014,08,09,07,204166,58.166666666666664,6,54.416666666666664
2014,08,09,08,204166,74.83333333333333,23,43.25
2014,08,09,09,204166,71.25,21,45.333333333333336
2014,08,09,10,204166,69.66666666666667,17,45.5
2014,08,09,11,204166,102.66666666666667,14,34.333333333333336
2014,08,09,12,204166,77.45454545454545,10,41.09090909090909
2014,08,09,13,204166,76.08333333333333,18,42.666666666666664
2014,08,09,14,204166,75.33333333333333,18,43.25
2014,08,09,15,204166,62.333333333333336,6,51.75
2014,08,09,16,204166,64.58333333333333,19,49.666666666666664
2014,08,09,17,204166,57.18181818181818,2,54.90909090909091
2014,08,09,18,204166,61.416666666666664,5,51.666666666666664
2014,08,09,19,204166,64.08333333333333,6,49.75
2014,08,09,20,204166,67.83333333333333,7,49.833333333333336
2014,08,09,21,204166,67.75,4,47.666666666666664
2014,08,09,22,204166,61.916666666666664,2,51.333333333333336
2014,08,09,23,204166,56.4,7,56.5
2014,08,10,00,204166,51.0,0,62.0
2014,08,10,01,204166,51.36363636363637,1,61.63636363636363
2014,08,10,02,204166,52.0,0,61.0
2014,08,10,03,204166,52.0,0,61.0
2014,08,10,04,204166,52.0,0,61.0
2014,08,10,05,204166,61.42857142857143,0,51.57142857142857
2014,08,10,06,204166,63.166666666666664,10,50.166666666666664
2014,08,10,07,204166,59.333333333333336,8,54.0
2014,08,10,08,204166,65.5,10,48.666666666666664
2014,08,10,09,204166,58.166666666666664,22,58.583333333333336
2014,08,10,10,204166,87.27272727272727,15,37.36363636363637
2014,08,10,11,204166,68.75,12,46.166666666666664
2014,08,10,12,204166,77.0,19,43.166666666666664
2014,08,10,13,204166,61.916666666666664,13,52.333333333333336
2014,08,10,14,204166,69.83333333333333,9,45.75
2014,08,10,15,204166,67.41666666666667,13,47.5
2014,08,10,16,204166,57.25,11,55.75
2014,08,10,17,204166,56.54545454545455,5,56.0
2014,08,10,18,204166,54.0,0,59.0
2014,08,10,19,204166,57.0,2,56.0
2014,08,10,20,204166,60.0,0,53.0
2014,08,10,21,204166,56.666666666666664,2,57.333333333333336
2014,08,10,22,204166,72.5,2,46.5
2014,08,10,23,204166,79.0,0,40.0
2014,08,11,00,204166,79.0,0,40.0
2014,08,11,01,204166,79.0,0,40.0
2014,08,11,02,204166,79.0,0,40.0
2014,08,11,03,204166,52.333333333333336,1,62.5
2014,08,11,04,204166,59.166666666666664,6,53.75
2014,08,11,05,204166,77.25,25,42.75
2014,08,11,06,204166,77.08333333333333,44,43.416666666666664
2014,08,11,07,204166,64.16666666666667,18,49.75
2014,08,11,08,204166,104.41666666666667,27,38.083333333333336
2014,08,11,09,204166,69.54545454545455,27,46.09090909090909
2014,08,11,10,204166,65.8,6,48.8
2014,08,11,11,204166,65.27272727272727,33,49.27272727272727
2014,08,11,12,204166,88.5,16,36.4
2014,08,11,13,204166,102.55555555555556,25,33.0
2014,08,11,14,204166,140.0,15,22.88888888888889
2014,08,11,15,204166,87.0909090909091,12,40.72727272727273
2014,08,11,16,204166,64.33333333333333,17,49.75
2014,08,11,17,204166,68.66666666666667,4,46.0
2014,08,11,18,204166,68.41666666666667,6,46.916666666666664
2014,08,11,19,204166,55.75,2,56.333333333333336
2014,08,11,22,204166,56.0,0,56.0
2014,08,11,23,204166,56.0,0,56.0
2014,08,12,00,204166,56.0,0,56.0
2014,08,12,01,204166,56.0,0,56.0
2014,08,12,02,204166,56.0,0,56.0
2014,08,12,03,204166,56.0,0,56.0
2014,08,12,04,204166,67.0909090909091,7,48.0
2014,08,12,05,204166,69.22222222222223,22,48.55555555555556
2014,08,12,06,204166,87.36363636363636,30,37.81818181818182
2014,08,12,07,204166,78.4,16,41.8
2014,08,12,08,204166,70.9,22,45.5
2014,08,12,09,204166,71.6,30,44.5
2014,08,12,10,204166,70.0,35,46.5
2014,08,12,11,204166,64.63636363636364,17,50.54545454545455
2014,08,12,12,204166,78.0909090909091,27,41.45454545454545
2014,08,12,13,204166,111.81818181818181,23,32.81818181818182
2014,08,12,14,204166,132.55555555555554,24,24.0
2014,08,12,15,204166,129.22222222222223,3,28.0
2014,08,12,16,204166,83.8,13,38.3
2014,08,12,17,204166,66.9090909090909,142,48.0
2014,08,12,18,204166,56.25,107,56.25
2014,08,12,19,204166,65.0,6,50.27272727272727
2014,08,12,22,204166,60.5,0,52.75
2014,08,13,00,204166,65.0,0,49.0
2014,08,13,01,204166,65.0,0,49.0
2014,08,13,02,204166,65.0,0,49.0
2014,08,13,04,204166,59.5,5,53.0
2014,08,13,07,204166,76.0,1,41.0
2014,08,13,08,204166,54.0,3,59.0
2014,08,13,10,204166,69.5,6,45.5
2014,08,13,11,204166,75.41666666666667,43,42.166666666666664
2014,08,13,12,204166,83.75,29,38.083333333333336
2014,08,13,13,204166,135.25,25,26.416666666666668
2014,08,13,14,204166,138.5,20,25.25
2014,08,13,15,204166,109.0,13,29.416666666666668
2014,08,13,16,204166,85.83333333333333,8,37.083333333333336
2014,08,13,17,204166,75.83333333333333,4,42.0
2014,08,13,18,204166,71.0,0,44.0
2014,08,13,19,204166,76.08333333333333,7,43.916666666666664
2014,08,13,22,204166,58.0,0,54.0
2014,08,14,00,204166,58.0,0,54.0
2014,08,14,01,204166,58.0,0,54.0
2014,08,14,02,204166,58.0,0,54.0
2014,08,14,03,204166,58.0,0,54.0
2014,08,14,04,204166,58.0,0,54.0
2014,08,14,05,204166,92.33333333333333,9,41.5
2014,08,14,06,204166,79.5,24,41.875
2014,08,14,07,204166,74.71428571428571,20,45.285714285714285
2014,08,14,08,204166,71.875,26,45.0
2014,08,14,09,204166,62.666666666666664,13,50.666666666666664
2014,08,14,10,204166,92.5,3,39.5
2014,08,14,11,204166,69.2,5,45.6
2014,08,14,12,204166,76.85714285714286,15,42.0
2014,08,14,13,204166,114.66666666666667,17,29.833333333333332
2014,08,14,14,204166,123.75,14,26.75
2014,08,14,15,204166,84.33333333333333,4,37.333333333333336
2014,08,14,16,204166,79.33333333333333,12,40.333333333333336
2014,08,14,17,204166,68.875,5,47.75
2014,08,14,18,204166,73.875,6,46.5
2014,08,14,19,204166,60.25,8,52.5
2014,08,14,20,204166,63.0,0,50.0
2014,08,14,21,204166,63.0,0,50.0
2014,08,14,23,204166,86.0,0,37.0
2014,08,15,00,204166,86.0,0,37.0
2014,08,15,01,204166,86.0,0,37.0
2014,08,15,02,204166,86.0,0,37.0
2014,08,15,03,204166,86.0,0,37.0
2014,08,15,04,204166,58.5,8,55.25
2014,08,15,05,204166,84.5,21,39.916666666666664
2014,08,15,06,204166,83.0,18,41.81818181818182
2014,08,15,07,204166,83.0,23,39.90909090909091
2014,08,15,08,204166,69.91666666666667,16,45.416666666666664
2014,08,15,09,204166,72.0,22,45.45454545454545
2014,08,15,10,204166,74.81818181818181,32,43.36363636363637
2014,08,15,11,204166,76.0,34,42.75
2014,08,15,12,204166,79.72727272727273,20,41.72727272727273
2014,08,15,13,204166,125.45454545454545,17,25.545454545454547
2014,08,15,14,204166,81.75,23,38.666666666666664
2014,08,15,15,204166,71.75,20,46.916666666666664
2014,08,15,16,204166,86.0,7,38.25
2014,08,15,17,204166,62.166666666666664,11,51.666666666666664
2014,08,15,18,204166,58.166666666666664,6,56.0
2014,08,15,19,204166,66.25,11,48.583333333333336
2014,08,15,20,204166,64.33333333333333,9,49.583333333333336
2014,08,15,21,204166,69.0,0,46.0
2014,08,15,22,204166,69.0,0,46.0
2014,08,15,23,204166,69.0,0,46.0
2014,08,16,00,204166,69.0,0,46.0
2014,08,16,01,204166,69.0,0,46.0
2014,08,16,02,204166,69.0,0,46.0
2014,08,16,03,204166,69.0,0,46.0
2014,08,16,04,204166,69.0,0,46.0
2014,08,16,05,204166,71.5,1,44.333333333333336
2014,08,16,06,204166,76.0,12,45.75
2014,08,16,07,204166,56.083333333333336,8,58.75
2014,08,16,08,204166,83.14285714285714,5,37.57142857142857
2014,08,16,09,204166,67.8,12,47.8
2014,08,16,10,204166,77.91666666666667,13,41.333333333333336
2014,08,16,11,204166,73.16666666666667,15,44.25
2014,08,16,12,204166,82.83333333333333,17,39.75
2014,08,16,13,204166,72.08333333333333,34,44.083333333333336
2014,08,16,14,204166,81.75,10,39.166666666666664
2014,08,16,15,204166,84.5,21,39.5
2014,08,16,16,204166,55.416666666666664,10,57.416666666666664
2014,08,16,17,204166,50.333333333333336,3,63.0
2014,08,16,18,204166,52.083333333333336,9,61.25
2014,08,16,19,204166,58.75,9,54.166666666666664
2014,08,16,20,204166,55.333333333333336,4,57.333333333333336
2014,08,16,21,204166,51.25,1,61.75
2014,08,16,22,204166,51.833333333333336,1,62.0
2014,08,16,23,204166,56.18181818181818,2,57.72727272727273
2014,08,17,00,204166,56.75,4,56.166666666666664
2014,08,17,01,204166,73.0,2,44.666666666666664
2014,08,17,02,204166,63.833333333333336,1,50.5
2014,08,17,03,204166,60.0,0,53.0
2014,08,17,04,204166,58.916666666666664,1,54.166666666666664
2014,08,17,05,204166,53.0,1,60.0
2014,08,17,06,204166,52.5,2,60.5
2014,08,17,07,204166,63.916666666666664,7,51.583333333333336
2014,08,17,08,204166,63.333333333333336,9,50.75
2014,08,17,09,204166,73.58333333333333,24,43.75
2014,08,17,10,204166,77.33333333333333,10,41.166666666666664
2014,08,17,11,204166,83.75,9,40.416666666666664
2014,08,17,12,204166,86.16666666666667,18,36.916666666666664
2014,08,17,13,204166,68.25,4,47.416666666666664
2014,08,17,14,204166,76.0,7,41.75
2014,08,17,15,204166,76.33333333333333,11,42.166666666666664
2014,08,17,16,204166,62.416666666666664,5,50.666666666666664
2014,08,17,17,204166,61.5,2,51.75
2014,08,17,18,204166,66.08333333333333,2,49.0
2014,08,17,19,204166,64.33333333333333,2,51.0
2014,08,17,20,204166,59.666666666666664,2,54.666666666666664
2014,08,17,21,204166,57.0,1,55.0
2014,08,17,22,204166,57.0,0,55.0
2014,08,17,23,204166,57.0,0,55.0
2014,08,18,00,204166,57.0,0,55.0
2014,08,18,01,204166,57.0,0,55.0
2014,08,18,02,204166,57.0,0,55.0
2014,08,18,03,204166,57.0,0,55.0
2014,08,18,04,204166,58.083333333333336,11,55.0
2014,08,18,05,204166,76.33333333333333,35,45.5
2014,08,18,06,204166,86.75,36,37.916666666666664
2014,08,18,07,204166,84.58333333333333,20,38.916666666666664
2014,08,18,08,204166,70.08333333333333,21,46.75
2014,08,18,09,204166,70.83333333333333,15,45.333333333333336
2014,08,18,10,204166,68.91666666666667,23,47.0
2014,08,18,11,204166,88.16666666666667,16,39.75
2014,08,18,12,204166,72.91666666666667,36,43.583333333333336
2014,08,18,13,204166,119.5,26,28.583333333333332
2014,08,18,14,204166,142.45454545454547,22,22.09090909090909
2014,08,18,15,204166,95.33333333333333,14,36.416666666666664
2014,08,18,16,204166,66.0,19,48.5
2014,08,18,17,204166,70.41666666666667,10,45.666666666666664
2014,08,18,18,204166,64.0,5,50.166666666666664
2014,08,18,19,204166,60.666666666666664,11,52.25
2014,08,18,20,204166,63.75,5,50.416666666666664
2014,08,18,21,204166,72.33333333333333,1,44.0
2014,08,18,22,204166,76.0,0,41.0
2014,08,18,23,204166,76.0,0,41.0
2014,08,19,00,204166,76.0,0,41.0
2014,08,19,01,204166,76.0,0,41.0
2014,08,19,02,204166,76.0,0,41.0
2014,08,19,03,204166,76.0,0,41.0
2014,08,19,04,204166,76.0,0,41.0
2014,08,19,05,204166,74.75,31,43.75
2014,08,19,06,204166,103.91666666666667,45,36.083333333333336
2014,08,19,07,204166,65.66666666666667,22,48.916666666666664
2014,08,19,08,204166,74.5,28,43.0
2014,08,19,09,204166,68.58333333333333,39,47.166666666666664
2014,08,19,10,204166,75.16666666666667,28,42.5
2014,08,19,11,204166,69.27272727272727,20,47.54545454545455
2014,08,19,12,204166,76.75,48,41.666666666666664
2014,08,19,13,204166,104.16666666666667,35,31.166666666666668
2014,08,19,14,204166,81.66666666666667,28,38.916666666666664
2014,08,19,15,204166,77.75,29,42.166666666666664
2014,08,19,16,204166,67.91666666666667,12,48.166666666666664
2014,08,19,17,204166,54.916666666666664,12,62.666666666666664
2014,08,19,18,204166,65.75,12,48.666666666666664
2014,08,19,19,204166,62.583333333333336,27,50.666666666666664
2014,08,19,20,204166,70.33333333333333,17,45.083333333333336
2014,08,19,21,204166,73.0,0,43.0
2014,08,19,22,204166,73.0,0,43.0
2014,08,19,23,204166,73.0,0,43.0
2014,08,20,00,204166,73.0,0,43.0
2014,08,20,01,204166,73.0,0,43.0
2014,08,20,02,204166,73.0,0,43.0
2014,08,20,03,204166,71.5,4,44.0
2014,08,20,04,204166,66.0,7,51.583333333333336
2014,08,20,05,204166,87.75,31,38.833333333333336
2014,08,20,06,204166,83.0,26,39.166666666666664
2014,08,20,07,204166,75.41666666666667,25,44.416666666666664
2014,08,20,08,204166,79.25,23,43.166666666666664
2014,08,20,09,204166,81.625,11,40.875
2014,08,20,10,204166,61.875,17,52.125
2014,08,20,11,204166,75.25,39,43.083333333333336
2014,08,20,12,204166,77.83333333333333,46,41.083333333333336
2014,08,20,13,204166,106.08333333333333,36,32.583333333333336
2014,08,20,14,204166,86.08333333333333,15,37.0
2014,08,20,15,204166,72.08333333333333,10,44.583333333333336
2014,08,20,16,204166,107.16666666666667,19,34.166666666666664
2014,08,20,17,204166,72.66666666666667,7,44.25
2014,08,20,18,204166,61.5,3,51.5
2014,08,20,19,204166,70.33333333333333,19,45.333333333333336
2014,08,20,20,204166,60.416666666666664,27,53.666666666666664
2014,08,20,21,204166,60.5,4,53.083333333333336
2014,08,20,22,204166,53.0,0,60.0
2014,08,20,23,204166,53.0,0,60.0
2014,08,21,00,204166,53.0,0,60.0
2014,08,21,01,204166,53.0,0,60.0
2014,08,21,02,204166,53.0,0,60.0
2014,08,21,03,204166,53.0,0,60.0
2014,08,21,04,204166,51.833333333333336,4,61.166666666666664
2014,08,21,05,204166,88.66666666666667,46,41.083333333333336
2014,08,21,06,204166,94.5,40,33.666666666666664
2014,08,21,07,204166,81.41666666666667,20,40.083333333333336
2014,08,21,08,204166,65.41666666666667,23,49.166666666666664
2014,08,21,09,204166,69.91666666666667,26,47.166666666666664
2014,08,21,10,204166,74.36363636363636,32,43.54545454545455
2014,08,21,11,204166,79.81818181818181,23,40.72727272727273
2014,08,21,12,204166,75.5,33,42.166666666666664
2014,08,21,13,204166,120.36363636363636,36,28.545454545454547
2014,08,21,14,204166,107.91666666666667,37,30.416666666666668
2014,08,21,15,204166,93.5,29,36.666666666666664
2014,08,21,16,204166,62.666666666666664,16,50.916666666666664
2014,08,21,17,204166,56.666666666666664,7,56.0
2014,08,21,18,204166,59.333333333333336,17,53.583333333333336
2014,08,21,19,204166,60.916666666666664,27,52.083333333333336
2014,08,21,20,204166,70.41666666666667,15,45.25
2014,08,21,21,204166,80.0,2,39.0
2014,08,21,22,204166,80.0,0,39.0
2014,08,21,23,204166,80.0,0,39.0
2014,08,22,00,204166,80.0,0,39.0
2014,08,22,01,204166,80.0,0,39.0
2014,08,22,02,204166,80.0,0,39.0
2014,08,22,03,204166,80.0,0,39.0
2014,08,22,04,204166,80.5,6,39.0
2014,08,22,05,204166,89.0,23,36.166666666666664
2014,08,22,06,204166,80.0,43,42.166666666666664
2014,08,22,07,204166,76.08333333333333,24,46.75
2014,08,22,08,204166,85.16666666666667,29,39.833333333333336
2014,08,22,09,204166,68.41666666666667,27,47.0
2014,08,22,10,204166,79.16666666666667,38,41.0
2014,08,22,11,204166,72.58333333333333,37,46.333333333333336
2014,08,22,12,204166,94.7,33,34.2
2014,08,22,13,204166,125.16666666666667,23,26.083333333333332
2014,08,22,14,204166,118.58333333333333,10,26.333333333333332
2014,08,22,15,204166,97.91666666666667,12,32.75
2014,08,22,16,204166,84.66666666666667,13,38.75
2014,08,22,17,204166,69.08333333333333,14,47.5
2014,08,22,18,204166,75.33333333333333,9,42.666666666666664
2014,08,22,19,204166,73.91666666666667,7,43.25
2014,08,22,20,204166,79.36363636363636,5,44.90909090909091
2014,08,22,21,204166,67.0,4,47.5
2014,08,22,22,204166,75.0,0,42.0
2014,08,22,23,204166,75.0,0,42.0
2014,08,23,00,204166,75.0,0,42.0
2014,08,23,01,204166,75.0,0,42.0
2014,08,23,02,204166,59.72727272727273,2,54.72727272727273
2014,08,23,03,204166,51.0,0,62.0
2014,08,23,04,204166,51.0,0,62.0
2014,08,23,05,204166,55.0,7,58.083333333333336
2014,08,23,06,204166,60.0,6,52.916666666666664
2014,08,23,07,204166,64.66666666666667,18,50.166666666666664
2014,08,23,08,204166,70.66666666666667,25,46.0
2014,08,23,09,204166,70.41666666666667,15,46.333333333333336
2014,08,23,10,204166,60.5,12,53.583333333333336
2014,08,23,11,204166,80.75,25,39.416666666666664
2014,08,23,12,204166,72.36363636363636,9,44.27272727272727
2014,08,23,13,204166,75.16666666666667,17,44.083333333333336
2014,08,23,14,204166,73.08333333333333,18,44.166666666666664
2014,08,23,15,204166,67.5,10,48.083333333333336
2014,08,23,16,204166,60.833333333333336,8,52.75
2014,08,23,17,204166,54.27272727272727,1,58.09090909090909
2014,08,23,18,204166,53.0,1,59.5
2014,08,23,19,204166,70.33333333333333,4,51.583333333333336
2014,08,23,20,204166,71.66666666666667,2,47.333333333333336
2014,08,23,21,204166,181.83333333333334,1,36.0
2014,08,23,22,204166,358.0,0,8.0
2014,08,23,23,204166,65.5,2,48.25
2014,08,24,00,204166,67.0,0,47.0
2014,08,24,01,204166,59.416666666666664,2,54.0
2014,08,24,02,204166,54.0,0,59.0
2014,08,24,03,204166,54.0,0,59.0
2014,08,24,04,204166,54.0,0,59.0
2014,08,24,05,204166,55.916666666666664,2,57.083333333333336
2014,08,24,06,204166,67.08333333333333,11,48.5
2014,08,24,07,204166,60.833333333333336,6,56.0
2014,08,24,08,204166,69.83333333333333,9,46.0
2014,08,24,09,204166,64.54545454545455,11,49.72727272727273
2014,08,24,10,204166,69.41666666666667,22,46.25
2014,08,24,11,204166,74.58333333333333,15,42.916666666666664
2014,08,24,12,204166,74.5,13,43.916666666666664
2014,08,24,13,204166,75.58333333333333,7,42.833333333333336
2014,08,24,14,204166,63.083333333333336,11,50.5
2014,08,24,15,204166,75.83333333333333,8,43.333333333333336
2014,08,24,16,204166,80.83333333333333,15,42.0
2014,08,24,17,204166,63.0,3,50.5
2014,08,24,18,204166,58.416666666666664,9,55.916666666666664
2014,08,24,19,204166,74.66666666666667,6,49.083333333333336
2014,08,24,20,204166,71.45454545454545,1,44.81818181818182
2014,08,24,21,204166,76.0,0,41.0
2014,08,24,22,204166,76.0,0,41.0
2014,08,24,23,204166,67.53846153846153,1,46.92307692307692
2014,08,25,00,204166,66.0,0,48.0
2014,08,25,01,204166,66.0,0,48.0
2014,08,25,02,204166,66.0,0,48.0
2014,08,25,03,204166,65.75,1,48.166666666666664
2014,08,25,04,204166,58.416666666666664,9,54.75
2014,08,25,05,204166,69.83333333333333,17,45.916666666666664
2014,08,25,06,204166,96.91666666666667,23,34.166666666666664
2014,08,25,07,204166,70.91666666666667,31,45.583333333333336
2014,08,25,08,204166,70.45454545454545,29,46.27272727272727
2014,08,25,09,204166,69.16666666666667,28,46.583333333333336
2014,08,25,10,204166,77.0,24,41.916666666666664
2014,08,25,11,204166,63.714285714285715,15,49.714285714285715
2014,08,25,13,204166,134.0,21,27.333333333333332
2014,08,25,14,204166,167.91666666666666,18,20.25
2014,08,25,15,204166,143.75,19,24.833333333333332
2014,08,25,16,204166,70.33333333333333,6,45.166666666666664
2014,08,25,17,204166,78.0,13,44.416666666666664
2014,08,25,18,204166,61.25,3,52.75
2014,08,25,19,204166,63.333333333333336,4,51.583333333333336
2014,08,25,20,204166,63.166666666666664,4,50.5
2014,08,25,21,204166,55.45454545454545,3,59.45454545454545
2014,08,25,22,204166,50.09090909090909,2,63.54545454545455
2014,08,25,23,204166,52.0,0,61.0
2014,08,26,00,204166,52.0,0,61.0
2014,08,26,01,204166,52.0,0,61.0
2014,08,26,02,204166,86.0,2,37.0
2014,08,26,03,204166,57.5,2,58.75
2014,08,26,04,204166,60.75,14,51.916666666666664
2014,08,26,05,204166,75.41666666666667,28,43.083333333333336
2014,08,26,06,204166,89.83333333333333,26,37.416666666666664
2014,08,26,07,204166,72.5,25,44.166666666666664
2014,08,26,08,204166,80.83333333333333,22,41.833333333333336
2014,08,26,09,204166,72.08333333333333,23,44.666666666666664
2014,08,26,10,204166,72.9090909090909,23,44.0
2014,08,26,11,204166,75.0,34,42.90909090909091
2014,08,26,12,204166,79.9,26,40.2
2014,08,26,13,204166,111.81818181818181,27,30.545454545454547
2014,08,26,14,204166,140.54545454545453,20,22.363636363636363
2014,08,26,15,204166,119.0,14,27.416666666666668
2014,08,26,16,204166,61.5,14,52.583333333333336
2014,08,26,17,204166,92.83333333333333,17,42.416666666666664
2014,08,26,18,204166,72.16666666666667,10,44.916666666666664
2014,08,26,19,204166,65.33333333333333,2,49.333333333333336
2014,08,26,20,204166,78.0,0,40.0
2014,08,26,21,204166,78.0,0,40.0
2014,08,26,22,204166,70.33333333333333,1,45.666666666666664
2014,08,26,23,204166,55.0,0,57.0
2014,08,27,00,204166,55.0,0,57.0
2014,08,27,01,204166,55.0,0,57.0
2014,08,27,02,204166,48.18181818181818,1,67.0
2014,08,27,03,204166,44.333333333333336,3,73.16666666666667
2014,08,27,04,204166,66.83333333333333,8,48.583333333333336
2014,08,27,05,204166,99.75,13,35.333333333333336
2014,08,27,06,204166,77.1,31,43.1
2014,08,27,07,204166,79.66666666666667,26,41.333333333333336
2014,08,27,08,204166,68.16666666666667,16,46.666666666666664
2014,08,27,09,204166,65.58333333333333,28,49.166666666666664
2014,08,27,10,204166,69.83333333333333,16,47.25
2014,08,27,11,204166,73.41666666666667,32,44.75
2014,08,27,12,204166,83.54545454545455,39,39.27272727272727
2014,08,27,13,204166,114.66666666666667,27,30.083333333333332
2014,08,27,14,204166,145.58333333333334,11,22.166666666666668
2014,08,27,15,204166,95.66666666666667,33,35.166666666666664
2014,08,27,16,204166,86.5,14,37.083333333333336
2014,08,27,17,204166,79.83333333333333,8,41.416666666666664
2014,08,27,18,204166,67.0,2,46.833333333333336
2014,08,27,19,204166,60.2,12,53.3
2014,08,27,20,204166,60.666666666666664,1,52.333333333333336
2014,08,27,21,204166,60.0,0,53.0
2014,08,27,22,204166,60.0,0,53.0
2014,08,27,23,204166,60.0,0,53.0
2014,08,28,00,204166,60.0,0,53.0
2014,08,28,01,204166,60.0,0,53.0
2014,08,28,02,204166,60.0,0,53.0
2014,08,28,03,204166,482.1666666666667,4,20.333333333333332
2014,08,28,04,204166,119.66666666666667,11,43.75
2014,08,28,05,204166,82.25,17,40.333333333333336
2014,08,28,06,204166,77.66666666666667,32,40.75
2014,08,28,07,204166,66.81818181818181,39,47.72727272727273
2014,08,28,08,204166,63.72727272727273,14,49.81818181818182
2014,08,28,09,204166,66.0909090909091,36,48.36363636363637
2014,08,28,10,204166,64.75,31,48.916666666666664
2014,08,28,11,204166,81.5,17,40.5
2014,08,28,12,204166,78.08333333333333,34,40.75
2014,08,28,13,204166,101.25,15,33.833333333333336
2014,08,28,14,204166,117.16666666666667,22,27.666666666666668
2014,08,28,15,204166,97.16666666666667,19,37.083333333333336
2014,08,28,16,204166,76.91666666666667,19,41.333333333333336
2014,08,28,17,204166,64.08333333333333,17,50.083333333333336
2014,08,28,18,204166,72.54545454545455,4,44.09090909090909
2014,08,28,19,204166,80.75,8,42.5
2014,08,28,20,204166,61.3,3,51.9
2014,08,28,21,204166,63.0,0,50.0
2014,08,28,22,204166,63.0,0,50.0
2014,08,28,23,204166,63.0,0,50.0
2014,08,29,00,204166,63.0,0,50.0
2014,08,29,01,204166,63.0,0,50.0
2014,08,29,02,204166,63.0,0,50.0
2014,08,29,03,204166,63.0,0,50.0
2014,08,29,04,204166,59.916666666666664,12,53.666666666666664
2014,08,29,05,204166,82.27272727272727,30,41.36363636363637
2014,08,29,06,204166,91.66666666666667,28,35.916666666666664
2014,08,29,07,204166,84.63636363636364,9,44.27272727272727
2014,08,29,08,204166,71.63636363636364,24,45.09090909090909
2014,08,29,09,204166,67.75,28,48.25
2014,08,29,10,204166,74.41666666666667,44,42.75
2014,08,29,11,204166,77.41666666666667,41,41.833333333333336
2014,08,29,12,204166,83.81818181818181,24,39.54545454545455
2014,08,29,13,204166,95.0,14,37.0
2014,08,29,14,204166,72.45454545454545,13,43.63636363636363
2014,08,29,15,204166,82.0909090909091,22,39.09090909090909
2014,08,29,16,204166,72.25,19,45.166666666666664
2014,08,29,17,204166,59.63636363636363,7,54.0
2014,08,29,18,204166,58.2,6,54.2
2014,08,29,19,204166,59.45454545454545,12,53.09090909090909
2014,08,29,20,204166,59.63636363636363,1,53.45454545454545
2014,08,29,21,204166,58.36363636363637,9,53.72727272727273
2014,08,29,22,204166,65.4,18,48.8
2014,08,29,23,204166,80.0,0,39.0
2014,08,30,00,204166,80.0,0,39.0
2014,08,30,01,204166,80.0,0,39.0
2014,08,30,02,204166,94.0,1,35.22222222222222
2014,08,30,03,204166,143.0,0,22.0
2014,08,30,04,204166,115.72727272727273,1,30.727272727272727
2014,08,30,05,204166,59.45454545454545,3,54.45454545454545
2014,08,30,06,204166,72.5,11,51.666666666666664
2014,08,30,07,204166,122.0,7,27.416666666666668
2014,08,30,08,204166,67.91666666666667,14,53.083333333333336
2014,08,30,09,204166,72.25,25,44.083333333333336
2014,08,30,10,204166,81.58333333333333,16,38.916666666666664
2014,08,30,11,204166,74.0,21,43.916666666666664
2014,08,30,12,204166,84.16666666666667,8,38.833333333333336
2014,08,30,13,204166,85.36363636363636,19,38.18181818181818
2014,08,30,14,204166,63.45454545454545,23,50.45454545454545
2014,08,30,15,204166,68.75,18,47.75
2014,08,30,16,204166,61.63636363636363,5,51.81818181818182
2014,08,30,17,204166,59.2,8,53.8
2014,08,30,18,204166,62.63636363636363,7,51.0
2014,08,30,19,204166,62.36363636363637,2,50.45454545454545
2014,08,30,20,204166,51.54545454545455,4,61.63636363636363
2014,08,30,21,204166,57.833333333333336,8,55.25
2014,08,30,22,204166,69.33333333333333,5,45.5
2014,08,30,23,204166,70.57142857142857,0,45.0
2014,08,31,00,204166,57.0,0,55.0
2014,08,31,01,204166,57.0,0,55.0
2014,08,31,02,204166,53.09090909090909,1,59.72727272727273
2014,08,31,03,204166,51.0,0,62.0
2014,08,31,04,204166,49.666666666666664,1,63.77777777777778
2014,08,31,05,204166,45.0,0,70.0
2014,08,31,06,204166,53.0,5,60.285714285714285
2014,08,31,07,204166,59.75,19,53.583333333333336
2014,08,31,08,204166,66.54545454545455,17,48.36363636363637
2014,08,31,09,204166,66.36363636363636,6,47.63636363636363
2014,08,31,10,204166,73.08333333333333,28,43.833333333333336
2014,08,31,11,204166,88.16666666666667,17,37.333333333333336
2014,08,31,12,204166,64.54545454545455,35,49.63636363636363
2014,08,31,13,204166,68.08333333333333,16,46.666666666666664
2014,08,31,14,204166,89.0909090909091,11,38.54545454545455
2014,08,31,15,204166,76.5,5,42.25
2014,08,31,16,204166,50.166666666666664,10,63.583333333333336
2014,08,31,17,204166,63.0,14,50.63636363636363
2014,08,31,18,204166,60.63636363636363,11,54.45454545454545
2014,08,31,19,204166,58.833333333333336,5,55.0
2014,08,31,20,204166,51.54545454545455,2,61.45454545454545
2014,08,31,21,204166,51.0,0,62.0
2014,08,31,22,204166,51.0,0,62.0
2014,08,31,23,204166,51.0,0,62.0
2014,09,01,00,204166,51.0,0,62.0
2014,09,01,01,204166,51.0,0,62.0
2014,09,01,02,204166,51.0,0,62.0
2014,09,01,03,204166,51.0,0,62.0
2014,09,01,04,204166,59.81818181818182,12,54.54545454545455
2014,09,01,05,204166,90.91666666666667,24,40.333333333333336
2014,09,01,06,204166,83.9,35,40.1
2014,09,01,07,204166,85.0,28,37.5
2014,09,01,08,204166,68.16666666666667,38,46.75
2014,09,01,09,204166,72.54545454545455,28,44.36363636363637
2014,09,01,10,204166,71.25,17,44.75
2014,09,01,11,204166,69.33333333333333,41,45.916666666666664
2014,09,01,12,204166,81.54545454545455,25,40.0
2014,09,01,13,204166,122.3,20,27.4
2014,09,01,14,204166,110.3,18,33.5
2014,09,01,15,204166,111.08333333333333,21,31.833333333333332
2014,09,01,16,204166,75.36363636363636,15,50.0
2014,09,01,17,204166,57.55555555555556,7,55.55555555555556
2014,09,01,18,204166,63.45454545454545,1,49.90909090909091
2014,09,01,19,204166,66.4,4,49.1
2014,09,01,20,204166,62.72727272727273,3,50.09090909090909
2014,09,01,21,204166,52.18181818181818,1,60.81818181818182
2014,09,01,22,204166,51.0,0,62.0
2014,09,01,23,204166,51.0,0,62.0
2014,09,02,00,204166,51.0,0,62.0
2014,09,02,01,204166,51.0,0,62.0
2014,09,02,02,204166,51.0,0,62.0
2014,09,02,03,204166,59.63636363636363,5,53.36363636363637
2014,09,02,04,204166,61.0,12,53.083333333333336
2014,09,02,05,204166,86.08333333333333,33,39.583333333333336
2014,09,02,06,204166,100.45454545454545,28,37.54545454545455
2014,09,02,07,204166,70.5,38,45.666666666666664
2014,09,02,08,204166,71.27272727272727,17,45.09090909090909
2014,09,02,09,204166,60.333333333333336,19,53.333333333333336
2014,09,02,10,204166,64.54545454545455,28,49.81818181818182
2014,09,02,11,204166,67.83333333333333,26,48.0
2014,09,02,12,204166,78.27272727272727,28,40.45454545454545
2014,09,02,13,204166,104.72727272727273,31,32.18181818181818
2014,09,02,14,204166,127.5,19,25.1
2014,09,02,15,204166,76.25,25,42.083333333333336
2014,09,02,16,204166,68.875,10,47.75
2014,09,02,17,204166,76.6,10,41.0
2014,09,02,18,204166,66.88888888888889,4,47.77777777777778
2014,09,02,19,204166,60.9,3,52.0
2014,09,02,20,204166,59.0,2,54.0
2014,09,02,21,204166,59.0,0,54.0
2014,09,02,22,204166,63.666666666666664,1,50.0
2014,09,02,23,204166,66.0,0,48.0
2014,09,03,00,204166,66.0,0,48.0
2014,09,03,01,204166,66.0,0,48.0
2014,09,03,02,204166,66.0,0,48.0
2014,09,03,03,204166,75.77777777777777,3,42.77777777777778
2014,09,03,04,204166,83.77777777777777,3,38.22222222222222
2014,09,03,05,204166,80.18181818181819,36,41.27272727272727
2014,09,03,06,204166,80.2,29,41.3
2014,09,03,07,204166,74.41666666666667,34,43.833333333333336
2014,09,03,08,204166,65.81818181818181,20,49.54545454545455
2014,09,03,09,204166,65.7,21,49.5
2014,09,03,10,204166,65.27272727272727,29,48.63636363636363
2014,09,03,11,204166,63.44444444444444,24,50.333333333333336
2014,09,03,12,204166,77.55555555555556,22,40.888888888888886
2014,09,03,13,204166,106.5,24,32.0
2014,09,03,14,204166,134.0,12,28.428571428571427
2014,09,03,15,204166,115.81818181818181,12,32.36363636363637
2014,09,03,16,204166,61.0,0,52.0
2014,09,03,17,204166,76.4,12,42.7
2014,09,03,18,204166,98.81818181818181,5,32.09090909090909
2014,09,03,19,204166,74.0,1,45.0
2014,09,03,20,204166,60.22222222222222,2,52.55555555555556
2014,09,03,21,204166,59.0,2,54.0
2014,09,03,22,204166,59.0,0,54.0
2014,09,03,23,204166,59.0,0,54.0
2014,09,04,00,204166,59.0,0,54.0
2014,09,04,01,204166,59.0,0,54.0
2014,09,04,02,204166,51.125,1,62.625
2014,09,04,03,204166,62.0,0,51.0
2014,09,04,04,204166,52.6,2,60.4
2014,09,04,05,204166,94.9090909090909,21,37.81818181818182
2014,09,04,06,204166,85.625,29,37.625
2014,09,04,07,204166,77.6,23,44.8
2014,09,04,08,204166,69.36363636363636,21,48.72727272727273
2014,09,04,09,204166,99.18181818181819,18,35.72727272727273
2014,09,04,10,204166,76.28571428571429,20,44.857142857142854
2014,09,04,11,204166,64.63636363636364,27,49.90909090909091
2014,09,04,12,204166,77.33333333333333,25,42.44444444444444
2014,09,04,13,204166,100.88888888888889,20,34.111111111111114
2014,09,04,14,204166,122.22222222222223,10,26.333333333333332
2014,09,04,15,204166,82.0,18,39.90909090909091
2014,09,04,16,204166,65.7,3,48.2
2014,09,04,17,204166,62.0,2,51.0
2014,09,04,18,204166,66.375,4,49.75
2014,09,04,19,204166,63.111111111111114,7,51.0
2014,09,04,20,204166,65.25,2,48.625
2014,09,04,21,204166,66.0,0,48.0
2014,09,04,22,204166,66.0,0,48.0
2014,09,04,23,204166,66.0,0,48.0
2014,09,05,00,204166,66.0,0,48.0
2014,09,05,01,204166,66.0,0,48.0
2014,09,05,02,204166,66.0,0,48.0
2014,09,05,03,204166,64.77777777777777,2,49.0
2014,09,05,04,204166,70.22222222222223,14,46.22222222222222
2014,09,05,05,204166,74.22222222222223,13,44.44444444444444
2014,09,05,06,204166,93.0,13,37.285714285714285
2014,09,05,07,204166,77.14285714285714,9,42.57142857142857
2014,09,05,08,204166,71.0,15,45.0
2014,09,05,09,204166,70.625,15,45.5
2014,09,05,10,204166,78.88888888888889,30,44.666666666666664
2014,09,05,11,204166,75.75,26,43.375
2014,09,05,12,204166,89.22222222222223,17,36.888888888888886
2014,09,05,13,204166,140.875,16,23.25
2014,09,05,14,204166,79.42857142857143,13,41.857142857142854
2014,09,05,15,204166,74.3,14,43.9
2014,09,05,16,204166,82.0909090909091,15,38.45454545454545
2014,09,05,17,204166,59.90909090909091,7,54.18181818181818
2014,09,05,18,204166,73.71428571428571,2,46.285714285714285
2014,09,05,19,204166,60.55555555555556,5,54.111111111111114
2014,09,05,20,204166,62.5,1,50.4
2014,09,05,21,204166,56.75,3,55.25
2014,09,05,22,204166,56.22222222222222,1,55.77777777777778
2014,09,05,23,204166,51.875,1,61.0
2014,09,06,00,204166,51.0,0,62.0
2014,09,06,01,204166,51.0,0,62.0
2014,09,06,02,204166,51.0,0,62.0
2014,09,06,03,204166,51.0,0,62.0
2014,09,06,04,204166,53.833333333333336,1,59.333333333333336
2014,09,06,05,204166,53.57142857142857,5,59.857142857142854
2014,09,06,06,204166,55.7,4,56.8
2014,09,06,07,204166,69.9090909090909,12,45.36363636363637
2014,09,06,08,204166,105.14285714285714,4,30.857142857142858
2014,09,06,09,204166,72.42857142857143,12,45.57142857142857
2014,09,06,10,204166,93.7,30,36.1
2014,09,06,11,204166,77.66666666666667,12,41.22222222222222
2014,09,06,12,204166,75.9,24,42.9
2014,09,06,13,204166,73.0,12,44.0
2014,09,06,14,204166,70.0,8,46.42857142857143
2014,09,06,15,204166,68.66666666666667,20,46.77777777777778
2014,09,06,16,204166,68.3,8,48.3
2014,09,06,17,204166,52.0,2,61.125
2014,09,06,18,204166,66.375,4,50.625
2014,09,06,19,204166,46.57142857142857,2,68.14285714285714
2014,09,06,20,204166,74.11111111111111,3,49.666666666666664
2014,09,06,21,204166,55.18181818181818,1,56.81818181818182
2014,09,06,22,204166,55.25,2,57.0
2014,09,06,23,204166,57.0,2,56.0
2014,09,07,00,204166,53.77777777777778,1,59.77777777777778
2014,09,07,01,204166,51.25,3,61.5
2014,09,07,02,204166,50.0,0,63.0
2014,09,07,03,204166,50.0,0,63.0
2014,09,07,04,204166,50.0,0,63.0
2014,09,07,05,204166,50.9,0,62.1
2014,09,07,06,204166,49.8,4,63.7
2014,09,07,07,204166,58.45454545454545,11,56.63636363636363
2014,09,07,08,204166,74.25,20,45.375
2014,09,07,09,204166,67.22222222222223,12,47.55555555555556
2014,09,07,10,204166,70.9,11,45.2
2014,09,07,11,204166,68.55555555555556,10,47.44444444444444
2014,09,07,12,204166,69.8,10,46.0
2014,09,07,13,204166,68.81818181818181,14,46.72727272727273
2014,09,07,14,204166,81.57142857142857,14,38.857142857142854
2014,09,07,15,204166,70.125,8,45.375
2014,09,07,16,204166,66.14285714285714,5,48.142857142857146
2014,09,07,17,204166,57.0,0,55.0
2014,09,07,18,204166,78.33333333333333,6,40.44444444444444
2014,09,07,19,204166,86.0,0,37.0
2014,09,07,20,204166,62.0,1,51.0
2014,09,07,21,204166,62.0,0,51.0
2014,09,07,22,204166,62.0,0,51.0
2014,09,07,23,204166,62.0,0,51.0
2014,09,08,00,204166,62.0,0,51.0
2014,09,08,01,204166,62.0,0,51.0
2014,09,08,02,204166,62.0,0,51.0
2014,09,08,03,204166,62.0,0,51.0
2014,09,08,04,204166,62.0,0,51.0
2014,09,08,05,204166,85.14285714285714,16,37.42857142857143
2014,09,08,06,204166,95.75,23,33.125
2014,09,08,07,204166,78.88888888888889,16,40.77777777777778
2014,09,08,08,204166,87.33333333333333,18,37.666666666666664
2014,09,08,09,204166,69.0,17,47.77777777777778
2014,09,08,10,204166,69.88888888888889,21,48.111111111111114
2014,09,08,11,204166,77.875,11,41.125
2014,09,08,12,204166,82.55555555555556,27,40.0
2014,09,08,13,204166,105.77777777777777,31,30.11111111111111
2014,09,08,14,204166,135.55555555555554,11,23.333333333333332
2014,09,08,15,204166,87.5,17,37.3
2014,09,08,16,204166,84.0,11,38.111111111111114
2014,09,08,17,204166,100.33333333333333,6,33.0
2014,09,08,18,204166,63.714285714285715,4,51.142857142857146
2014,09,08,19,204166,72.25,1,44.5
2014,09,08,20,204166,64.66666666666667,7,50.833333333333336
2014,09,08,21,204166,63.0,1,50.0
2014,09,08,22,204166,63.0,0,50.0
2014,09,08,23,204166,63.0,0,50.0
2014,09,09,00,204166,60.6,1,52.4
2014,09,09,01,204166,60.0,0,53.0
2014,09,09,02,204166,60.0,0,53.0
2014,09,09,03,204166,60.0,0,53.0
2014,09,09,04,204166,60.44444444444444,9,53.77777777777778
2014,09,09,05,204166,90.75,35,36.0
2014,09,09,06,204166,93.72727272727273,42,36.0
2014,09,09,07,204166,66.0,24,50.77777777777778
2014,09,09,08,204166,73.88888888888889,18,44.111111111111114
2014,09,09,09,204166,74.6,13,44.1
2014,09,09,10,204166,73.4,28,43.6
2014,09,09,11,204166,72.81818181818181,52,43.54545454545455
2014,09,09,12,204166,87.16666666666667,30,36.25
2014,09,09,13,204166,92.33333333333333,14,36.25
2014,09,09,14,204166,135.75,25,24.0
2014,09,09,15,204166,85.5,20,37.75
2014,09,09,16,204166,69.83333333333333,9,46.0
2014,09,09,17,204166,60.5,19,52.25
2014,09,09,18,204166,61.5,7,52.25
2014,09,09,19,204166,65.54545454545455,5,51.90909090909091
2014,09,09,20,204166,68.41666666666667,2,51.833333333333336
2014,09,09,21,204166,87.83333333333333,2,35.666666666666664
2014,09,09,22,204166,87.0,0,36.0
2014,09,09,23,204166,87.0,0,36.0
2014,09,10,00,204166,87.0,0,36.0
2014,09,10,01,204166,87.0,0,36.0
2014,09,10,02,204166,87.0,0,36.0
2014,09,10,03,204166,80.25,4,40.25
2014,09,10,04,204166,70.0909090909091,11,45.54545454545455
2014,09,10,05,204166,106.25,33,30.916666666666668
2014,09,10,06,204166,98.0,10,38.0
2014,09,10,07,204166,74.63636363636364,21,45.54545454545455
2014,09,10,08,204166,64.8,37,49.2
2014,09,10,09,204166,69.72727272727273,51,46.09090909090909
2014,09,10,10,204166,70.58333333333333,38,45.0
2014,09,10,11,204166,70.25,28,45.416666666666664
2014,09,10,12,204166,87.33333333333333,35,37.416666666666664
2014,09,10,13,204166,104.25,44,31.333333333333332
2014,09,10,14,204166,117.83333333333333,11,30.416666666666668
2014,09,10,15,204166,83.08333333333333,10,38.083333333333336
2014,09,10,16,204166,69.91666666666667,14,46.0
2014,09,10,17,204166,74.3,6,46.3
2014,09,10,18,204166,63.81818181818182,8,49.81818181818182
2014,09,10,19,204166,62.166666666666664,8,51.75
2014,09,10,20,204166,64.91666666666667,9,48.916666666666664
2014,09,10,21,204166,61.0,1,52.0
2014,09,10,22,204166,57.0,0,55.0
2014,09,10,23,204166,57.0,0,55.0
2014,09,11,00,204166,57.0,0,55.0
2014,09,11,01,204166,57.0,0,55.0
2014,09,11,02,204166,57.0,0,55.0
2014,09,11,03,204166,57.0,0,55.0
2014,09,11,04,204166,65.91666666666667,10,50.416666666666664
2014,09,11,05,204166,84.54545454545455,18,38.45454545454545
2014,09,11,06,204166,82.0,22,40.9
2014,09,11,07,204166,74.33333333333333,30,43.25
2014,09,11,08,204166,67.54545454545455,31,47.27272727272727
2014,09,11,09,204166,66.8,21,47.7
2014,09,11,10,204166,78.45454545454545,26,40.81818181818182
2014,09,11,11,204166,70.8,34,45.3
2014,09,11,12,204166,74.0,26,44.72727272727273
2014,09,11,13,204166,112.66666666666667,35,29.333333333333332
2014,09,11,14,204166,119.2,22,26.6
2014,09,11,15,204166,89.83333333333333,17,36.083333333333336
2014,09,11,16,204166,80.33333333333333,9,39.833333333333336
2014,09,11,17,204166,73.83333333333333,7,45.75
2014,09,11,18,204166,65.27272727272727,5,48.36363636363637
2014,09,11,19,204166,66.58333333333333,3,48.333333333333336
2014,09,11,20,204166,56.5,3,56.5
2014,09,11,21,204166,51.75,1,61.25
2014,09,11,22,204166,54.0,0,59.0
2014,09,11,23,204166,54.0,0,59.0
2014,09,12,00,204166,54.0,0,59.0
2014,09,12,01,204166,54.0,0,59.0
2014,09,12,02,204166,54.0,0,59.0
2014,09,12,03,204166,95.36363636363636,3,44.63636363636363
2014,09,12,04,204166,58.18181818181818,4,54.63636363636363
2014,09,12,05,204166,77.75,29,42.916666666666664
2014,09,12,06,204166,95.25,22,33.916666666666664
2014,09,12,07,204166,67.0,24,48.416666666666664
2014,09,12,08,204166,66.75,25,47.666666666666664
2014,09,12,09,204166,70.91666666666667,33,45.666666666666664
2014,09,12,10,204166,74.66666666666667,17,43.833333333333336
2014,09,12,11,204166,73.63636363636364,26,44.09090909090909
2014,09,12,12,204166,85.81818181818181,23,39.90909090909091
2014,09,12,13,204166,113.41666666666667,17,29.666666666666668
2014,09,12,14,204166,159.16666666666666,21,21.916666666666668
2014,09,12,15,204166,76.58333333333333,9,42.166666666666664
2014,09,12,16,204166,67.3,7,48.6
2014,09,12,17,204166,64.25,12,51.583333333333336
2014,09,12,18,204166,78.0,0,40.0
2014,09,12,19,204166,70.33333333333333,5,45.083333333333336
2014,09,12,20,204166,69.0,0,46.0
2014,09,12,21,204166,53.0,1,60.0
2014,09,12,22,204166,64.25,1,49.5
2014,09,12,23,204166,59.75,0,53.333333333333336
2014,09,13,00,204166,59.0,0,54.0
2014,09,13,01,204166,56.083333333333336,0,56.916666666666664
2014,09,13,02,204166,54.0,0,59.0
2014,09,13,03,204166,47.0,1,69.0
2014,09,13,04,204166,40.0,0,79.0
2014,09,13,05,204166,70.9090909090909,2,53.18181818181818
2014,09,13,06,204166,51.25,5,61.75
2014,09,13,07,204166,57.0,13,56.0
2014,09,13,08,204166,69.16666666666667,28,46.0
2014,09,13,09,204166,74.58333333333333,18,44.083333333333336
2014,09,13,10,204166,77.5,9,41.5
2014,09,13,11,204166,67.75,18,48.5
2014,09,13,12,204166,63.75,10,50.916666666666664
2014,09,13,13,204166,83.16666666666667,11,40.666666666666664
2014,09,13,14,204166,73.08333333333333,17,44.75
2014,09,13,15,204166,62.25,15,51.5
2014,09,13,16,204166,67.83333333333333,8,46.666666666666664
2014,09,13,17,204166,66.33333333333333,4,47.416666666666664
2014,09,13,18,204166,66.58333333333333,20,48.083333333333336
2014,09,13,19,204166,57.0,4,56.888888888888886
2014,09,13,20,204166,48.54545454545455,6,66.0
2014,09,13,21,204166,53.0,1,60.0
2014,09,13,22,204166,53.0,0,60.0
2014,09,13,23,204166,54.45454545454545,2,57.81818181818182
2014,09,14,00,204166,55.0,0,57.0
2014,09,14,01,204166,53.72727272727273,1,58.90909090909091
2014,09,14,02,204166,53.0,0,60.0
2014,09,14,03,204166,53.0,0,60.0
2014,09,14,04,204166,53.0,0,60.0
2014,09,14,05,204166,53.583333333333336,1,59.416666666666664
2014,09,14,06,204166,60.5,1,52.583333333333336
2014,09,14,07,204166,66.0,10,48.54545454545455
2014,09,14,08,204166,61.09090909090909,14,52.36363636363637
2014,09,14,09,204166,62.583333333333336,22,51.833333333333336
2014,09,14,10,204166,66.75,21,48.333333333333336
2014,09,14,11,204166,78.54545454545455,8,40.90909090909091
2014,09,14,12,204166,70.5,27,45.583333333333336
2014,09,14,13,204166,103.83333333333333,20,36.75
2014,09,14,14,204166,66.0,3,48.0
2014,09,14,16,204166,59.4,5,54.2
2014,09,14,17,204166,58.75,5,56.375
2014,09,14,18,204166,70.27272727272727,4,45.54545454545455
2014,09,14,19,204166,81.6,4,38.5
2014,09,14,20,204166,90.0,0,35.0
2014,09,14,21,204166,85.5,1,37.25
2014,09,14,22,204166,72.0,0,44.0
2014,09,14,23,204166,72.0,0,44.0
2014,09,15,00,204166,72.0,0,44.0
2014,09,15,01,204166,72.0,0,44.0
2014,09,15,02,204166,72.0,0,44.0
2014,09,15,03,204166,72.0,0,44.0
2014,09,15,04,204166,69.81818181818181,8,46.0
2014,09,15,05,204166,82.55555555555556,26,40.55555555555556
2014,09,15,06,204166,113.4,27,29.9
2014,09,15,07,204166,80.88888888888889,17,44.666666666666664
2014,09,15,08,204166,64.54545454545455,17,50.09090909090909
2014,09,15,09,204166,61.5,20,52.0
2014,09,15,10,204166,68.88888888888889,28,46.55555555555556
2014,09,15,11,204166,80.63636363636364,35,40.0
2014,09,15,12,204166,70.2,32,45.0
2014,09,15,13,204166,113.3,42,29.9
2014,09,15,14,204166,141.7,15,22.9
2014,09,15,15,204166,81.54545454545455,17,39.45454545454545
2014,09,15,16,204166,65.11111111111111,13,49.111111111111114
2014,09,15,17,204166,68.33333333333333,8,47.55555555555556
2014,09,15,18,204166,59.2,1,53.1
2014,09,15,19,204166,65.33333333333333,1,48.55555555555556
2014,09,15,20,204166,62.0,0,51.0
2014,09,15,21,204166,62.0,0,51.0
2014,09,15,22,204166,62.0,0,51.0
2014,09,15,23,204166,62.0,0,51.0
2014,09,16,00,204166,62.0,0,51.0
2014,09,16,01,204166,51.09090909090909,2,61.90909090909091
2014,09,16,02,204166,51.333333333333336,0,61.666666666666664
2014,09,16,03,204166,62.0,0,51.0
2014,09,16,04,204166,59.4,6,54.1
2014,09,16,05,204166,69.8,15,46.9
2014,09,16,06,204166,101.3,24,33.3
2014,09,16,07,204166,67.875,10,46.75
2014,09,16,08,204166,75.8,20,42.8
2014,09,16,09,204166,62.27272727272727,26,51.18181818181818
2014,09,16,10,204166,66.2,22,48.9
2014,09,16,11,204166,83.25,25,38.875
2014,09,16,12,204166,71.91666666666667,29,44.833333333333336
2014,09,16,13,204166,118.9090909090909,29,27.454545454545453
2014,09,16,14,204166,123.0,12,26.0
2014,09,16,15,204166,76.58333333333333,19,43.916666666666664
2014,09,16,16,204166,79.08333333333333,6,40.333333333333336
2014,09,16,17,204166,60.916666666666664,6,52.5
2014,09,16,18,204166,56.0,5,56.75
2014,09,16,19,204166,63.72727272727273,2,49.90909090909091
2014,09,16,20,204166,58.0,0,54.0
2014,09,16,21,204166,58.0,0,54.0
2014,09,16,22,204166,58.0,0,54.0
2014,09,16,23,204166,58.0,0,54.0
2014,09,17,00,204166,58.0,0,54.0
2014,09,17,01,204166,58.0,0,54.0
2014,09,17,02,204166,58.0,0,54.0
2014,09,17,03,204166,58.0,0,54.0
2014,09,17,04,204166,61.5,5,52.5
2014,09,17,05,204166,93.5,19,36.1
2014,09,17,06,204166,84.6,17,40.9
2014,09,17,07,204166,58.2,14,54.6
2014,09,17,08,204166,64.3,24,50.4
2014,09,17,09,204166,318.14285714285717,10,33.285714285714285
2014,09,17,11,204166,59.666666666666664,9,54.333333333333336
2014,09,17,12,204166,75.25,16,42.125
2014,09,17,13,204166,109.25,21,29.5
2014,09,17,14,204166,109.22222222222223,16,32.333333333333336
2014,09,17,15,204166,71.6,8,45.0
2014,09,17,16,204166,96.44444444444444,7,40.888888888888886
2014,09,17,17,204166,88.22222222222223,1,42.44444444444444
2014,09,17,18,204166,58.333333333333336,9,55.333333333333336
2014,09,17,19,204166,50.27272727272727,2,63.09090909090909
2014,09,17,20,204166,49.0,0,65.0
2014,09,17,21,204166,49.0,0,65.0
2014,09,17,22,204166,49.0,0,65.0
2014,09,17,23,204166,49.0,0,65.0
2014,09,18,00,204166,49.0,0,65.0
2014,09,18,01,204166,49.0,0,65.0
2014,09,18,02,204166,49.0,0,65.0
2014,09,18,03,204166,49.0,0,65.0
2014,09,18,04,204166,61.666666666666664,5,51.666666666666664
2014,09,18,05,204166,81.58333333333333,30,42.166666666666664
2014,09,18,06,204166,81.83333333333333,28,40.583333333333336
2014,09,18,07,204166,65.33333333333333,28,49.583333333333336
2014,09,18,08,204166,71.16666666666667,33,44.666666666666664
2014,09,18,09,204166,79.83333333333333,21,40.333333333333336
2014,09,18,10,204166,65.72727272727273,34,49.09090909090909
2014,09,18,11,204166,77.18181818181819,25,41.18181818181818
2014,09,18,12,204166,86.66666666666667,20,37.5
2014,09,18,13,204166,100.0,15,32.63636363636363
2014,09,18,14,204166,111.16666666666667,36,30.166666666666668
2014,09,18,15,204166,84.33333333333333,23,38.916666666666664
2014,09,18,16,204166,81.83333333333333,13,43.583333333333336
2014,09,18,17,204166,92.9090909090909,1,43.27272727272727
2014,09,18,18,204166,73.25,5,43.083333333333336
2014,09,18,19,204166,66.08333333333333,6,48.083333333333336
2014,09,18,20,204166,53.72727272727273,1,59.45454545454545
2014,09,18,21,204166,58.0,2,54.25
2014,09,18,22,204166,57.0,0,55.0
2014,09,18,23,204166,57.0,0,55.0
2014,09,19,00,204166,57.0,0,55.0
2014,09,19,01,204166,57.0,0,55.0
2014,09,19,02,204166,57.0,0,55.0
2014,09,19,03,204166,57.0,0,55.0
2014,09,19,04,204166,53.09090909090909,3,59.81818181818182
2014,09,19,05,204166,86.7,25,38.7
2014,09,19,06,204166,88.36363636363636,27,37.72727272727273
2014,09,19,07,204166,67.22222222222223,20,48.333333333333336
2014,09,19,08,204166,67.54545454545455,26,49.0
2014,09,19,09,204166,68.63636363636364,29,46.45454545454545
2014,09,19,10,204166,78.5,28,41.5
2014,09,19,11,204166,67.58333333333333,24,48.833333333333336
2014,09,19,12,204166,87.0,35,36.75
2014,09,19,13,204166,111.25,21,28.916666666666668
2014,09,19,14,204166,88.72727272727273,25,39.18181818181818
2014,09,19,15,204166,83.9090909090909,23,39.54545454545455
2014,09,19,16,204166,77.0,11,41.666666666666664
2014,09,19,17,204166,61.833333333333336,8,51.25
2014,09,19,18,204166,63.916666666666664,5,49.5
2014,09,19,19,204166,58.0,0,54.0
2014,09,19,20,204166,58.5,3,54.083333333333336
2014,09,19,21,204166,62.333333333333336,3,50.666666666666664
2014,09,19,22,204166,63.0,0,50.0
2014,09,19,23,204166,63.0,0,50.0
2014,09,20,00,204166,63.0,0,50.0
2014,09,20,01,204166,63.0,0,50.0
2014,09,20,02,204166,88.25,0,42.25
2014,09,20,03,204166,164.0,0,19.0
2014,09,20,04,204166,144.33333333333334,1,27.333333333333332
2014,09,20,05,204166,62.083333333333336,4,55.833333333333336
2014,09,20,06,204166,58.333333333333336,4,54.833333333333336
2014,09,20,07,204166,64.63636363636364,10,49.90909090909091
2014,09,20,08,204166,58.72727272727273,22,56.18181818181818
2014,09,20,09,204166,58.0,11,54.18181818181818
2014,09,20,10,204166,75.75,13,42.166666666666664
2014,09,20,11,204166,76.5,23,41.75
2014,09,20,12,204166,79.75,19,40.666666666666664
2014,09,20,13,204166,62.1,9,51.0
2014,09,20,14,204166,71.0909090909091,16,45.72727272727273
2014,09,20,15,204166,62.0,21,51.583333333333336
2014,09,20,16,204166,62.25,11,52.75
2014,09,20,17,204166,73.66666666666667,13,51.416666666666664
2014,09,20,18,204166,79.25,9,42.083333333333336
2014,09,20,19,204166,68.27272727272727,3,47.27272727272727
2014,09,20,20,204166,63.416666666666664,6,52.833333333333336
2014,09,20,21,204166,59.416666666666664,2,53.166666666666664
2014,09,20,22,204166,61.0,1,51.666666666666664
2014,09,20,23,204166,63.0,0,50.0
2014,09,21,00,204166,63.0,0,50.0
2014,09,21,01,204166,63.0,0,50.0
2014,09,21,02,204166,63.0,0,50.0
2014,09,21,03,204166,63.0,0,50.0
2014,09,21,04,204166,49.0,1,65.0
2014,09,21,05,204166,48.75,4,66.75
2014,09,21,06,204166,60.916666666666664,6,52.083333333333336
2014,09,21,07,204166,55.833333333333336,6,56.916666666666664
2014,09,21,08,204166,72.33333333333333,22,44.666666666666664
2014,09,21,09,204166,77.66666666666667,30,41.833333333333336
2014,09,21,10,204166,80.16666666666667,12,41.083333333333336
2014,09,21,11,204166,68.18181818181819,15,47.0
2014,09,21,12,204166,70.54545454545455,18,45.36363636363637
2014,09,21,13,204166,74.0,16,43.666666666666664
2014,09,21,14,204166,70.41666666666667,24,46.416666666666664
2014,09,21,15,204166,69.0,10,47.72727272727273
2014,09,21,16,204166,69.41666666666667,7,46.833333333333336
2014,09,21,17,204166,62.416666666666664,4,51.416666666666664
2014,09,21,18,204166,66.41666666666667,8,48.083333333333336
2014,09,21,19,204166,62.333333333333336,3,50.666666666666664
2014,09,21,20,204166,63.75,2,49.25
2014,09,21,21,204166,55.75,2,56.333333333333336
2014,09,21,22,204166,55.0,0,57.0
2014,09,21,23,204166,55.0,0,57.0
2014,09,22,00,204166,55.0,0,57.0
2014,09,22,01,204166,55.0,0,57.0
2014,09,22,02,204166,55.0,0,57.0
2014,09,22,03,204166,55.0,0,57.0
2014,09,22,04,204166,67.77777777777777,5,47.55555555555556
2014,09,22,05,204166,76.4,22,45.6
2014,09,22,06,204166,98.45454545454545,39,35.09090909090909
2014,09,22,07,204166,66.11111111111111,14,48.888888888888886
2014,09,22,08,204166,71.81818181818181,38,44.54545454545455
2014,09,22,09,204166,74.0,31,44.0
2014,09,22,10,204166,74.7,23,42.9
2014,09,22,11,204166,67.91666666666667,22,48.583333333333336
2014,09,22,12,204166,81.0,28,39.857142857142854
2014,09,22,13,204166,115.54545454545455,18,30.818181818181817
2014,09,22,14,204166,128.75,32,24.166666666666668
2014,09,22,15,204166,75.54545454545455,17,42.18181818181818
2014,09,22,16,204166,83.33333333333333,20,38.666666666666664
2014,09,22,17,204166,90.08333333333333,3,36.25
2014,09,22,18,204166,113.0,0,28.0
2014,09,22,19,204166,113.0,0,28.0
2014,09,22,20,204166,55.25,3,47.916666666666664
2014,09,22,21,204166,58.416666666666664,1,54.583333333333336
2014,09,22,22,204166,52.0,0,61.0
2014,09,22,23,204166,52.0,0,61.0
2014,09,23,00,204166,99.36363636363636,2,33.09090909090909
2014,09,23,01,204166,105.0,0,30.0
2014,09,23,02,204166,105.0,0,30.0
2014,09,23,03,204166,121.5,1,26.5
2014,09,23,04,204166,56.333333333333336,8,56.583333333333336
2014,09,23,05,204166,76.9,20,42.9
2014,09,23,06,204166,99.83333333333333,37,32.5
2014,09,23,07,204166,72.66666666666667,25,45.083333333333336
2014,09,23,08,204166,68.81818181818181,35,46.81818181818182
2014,09,23,09,204166,67.27272727272727,28,48.09090909090909
2014,09,23,10,204166,78.72727272727273,40,41.45454545454545
2014,09,23,11,204166,73.08333333333333,36,44.333333333333336
2014,09,23,12,204166,72.33333333333333,19,44.666666666666664
2014,09,23,13,204166,132.1818181818182,29,24.90909090909091
2014,09,23,14,204166,125.83333333333333,13,25.666666666666668
2014,09,23,15,204166,90.0909090909091,16,39.90909090909091
2014,09,23,16,204166,75.91666666666667,13,43.083333333333336
2014,09,23,17,204166,67.08333333333333,6,47.416666666666664
2014,09,23,18,204166,64.33333333333333,3,50.0
2014,09,23,19,204166,56.81818181818182,6,56.54545454545455
2014,09,23,20,204166,72.16666666666667,7,44.5
2014,09,23,21,204166,63.833333333333336,2,49.833333333333336
2014,09,23,22,204166,65.0,0,49.0
2014,09,23,23,204166,65.0,0,49.0
2014,09,24,00,204166,65.0,0,49.0
2014,09,24,01,204166,65.0,0,49.0
2014,09,24,02,204166,65.0,0,49.0
2014,09,24,03,204166,65.0,0,49.0
2014,09,24,04,204166,65.0,0,49.0
2014,09,24,05,204166,76.91666666666667,22,44.75
2014,09,24,06,204166,91.6,30,37.4
2014,09,24,07,204166,72.16666666666667,24,44.583333333333336
2014,09,24,08,204166,63.90909090909091,24,49.90909090909091
2014,09,24,09,204166,69.0,26,46.5
2014,09,24,10,204166,85.5,19,42.666666666666664
2014,09,24,11,204166,66.11111111111111,22,48.888888888888886
2014,09,24,12,204166,81.81818181818181,46,39.63636363636363
2014,09,24,13,204166,117.91666666666667,10,27.75
2014,09,24,14,204166,147.41666666666666,18,22.0
2014,09,24,15,204166,158.25,16,22.5
2014,09,24,16,204166,95.66666666666667,11,34.083333333333336
2014,09,24,17,204166,38.666666666666664,1,93.08333333333333
2014,09,24,18,204166,50.583333333333336,8,65.58333333333333
2014,09,24,19,204166,60.666666666666664,6,52.75
2014,09,24,20,204166,67.75,3,46.5
2014,09,24,21,204166,73.0,0,43.0
2014,09,24,22,204166,73.0,0,43.0
2014,09,24,23,204166,73.0,0,43.0
2014,09,25,00,204166,73.0,0,43.0
2014,09,25,01,204166,73.0,0,43.0
2014,09,25,02,204166,73.0,0,43.0
2014,09,25,03,204166,73.0,0,43.0
2014,09,25,04,204166,76.16666666666667,3,44.083333333333336
2014,09,25,05,204166,76.41666666666667,24,45.083333333333336
2014,09,25,06,204166,94.25,35,35.916666666666664
2014,09,25,07,204166,68.5,14,47.75
2014,09,25,08,204166,61.583333333333336,25,51.666666666666664
2014,09,25,09,204166,68.16666666666667,25,47.083333333333336
2014,09,25,10,204166,73.41666666666667,20,44.166666666666664
2014,09,25,11,204166,80.66666666666667,19,40.166666666666664
2014,09,25,12,204166,79.75,45,39.916666666666664
2014,09,25,13,204166,115.58333333333333,32,29.166666666666668
2014,09,25,14,204166,121.5,28,26.166666666666668
2014,09,25,15,204166,78.08333333333333,7,41.333333333333336
2014,09,25,16,204166,94.5,5,34.833333333333336
2014,09,25,17,204166,62.666666666666664,10,51.583333333333336
2014,09,25,18,204166,63.25,10,51.833333333333336
2014,09,25,19,204166,63.0,3,50.36363636363637
2014,09,25,20,204166,58.833333333333336,4,54.833333333333336
2014,09,25,21,204166,71.0,0,44.0
2014,09,25,22,204166,64.33333333333333,1,49.0
2014,09,25,23,204166,63.0,0,50.0
2014,09,26,00,204166,63.0,0,50.0
2014,09,26,01,204166,63.0,0,50.0
2014,09,26,02,204166,63.0,0,50.0
2014,09,26,03,204166,63.0,2,50.0
2014,09,26,04,204166,66.16666666666667,7,49.083333333333336
2014,09,26,05,204166,101.16666666666667,16,31.5
2014,09,26,06,204166,97.83333333333333,31,34.583333333333336
2014,09,26,07,204166,71.25,16,45.666666666666664
2014,09,26,08,204166,69.16666666666667,25,47.583333333333336
2014,09,26,09,204166,67.81818181818181,38,47.0
2014,09,26,10,204166,80.0,29,42.583333333333336
2014,09,26,11,204166,81.54545454545455,36,40.27272727272727
2014,09,26,12,204166,86.25,25,40.75
2014,09,26,13,204166,119.08333333333333,9,27.75
2014,09,26,14,204166,93.0,20,34.416666666666664
2014,09,26,15,204166,70.1,12,45.3
2014,09,26,16,204166,69.91666666666667,15,45.666666666666664
2014,09,26,17,204166,62.0,8,51.90909090909091
2014,09,26,18,204166,66.0,9,48.166666666666664
2014,09,26,19,204166,63.916666666666664,5,50.666666666666664
2014,09,26,20,204166,71.16666666666667,3,44.333333333333336
2014,09,26,21,204166,62.5,4,51.25
2014,09,26,22,204166,59.0,0,54.0
2014,09,26,23,204166,56.666666666666664,0,55.75
2014,09,27,00,204166,55.0,0,57.0
2014,09,27,01,204166,55.0,0,57.0
2014,09,27,02,204166,55.0,0,57.0
2014,09,27,03,204166,53.75,0,58.666666666666664
2014,09,27,04,204166,63.5,2,51.5
2014,09,27,05,204166,54.5,2,57.666666666666664
2014,09,27,06,204166,51.0,1,62.0
2014,09,27,07,204166,66.58333333333333,7,47.916666666666664
2014,09,27,08,204166,57.27272727272727,10,56.18181818181818
2014,09,27,09,204166,68.08333333333333,12,47.833333333333336
2014,09,27,10,204166,77.16666666666667,17,42.333333333333336
2014,09,27,11,204166,77.0,18,41.5
2014,09,27,12,204166,77.08333333333333,16,42.583333333333336
2014,09,27,13,204166,67.72727272727273,10,48.36363636363637
2014,09,27,14,204166,67.0,13,47.63636363636363
2014,09,27,15,204166,66.41666666666667,8,47.833333333333336
2014,09,27,16,204166,63.5,6,50.166666666666664
2014,09,27,17,204166,60.833333333333336,4,52.0
2014,09,27,18,204166,81.66666666666667,2,41.666666666666664
2014,09,27,19,204166,97.5,2,33.0
2014,09,27,20,204166,59.0,9,54.333333333333336
2014,09,27,21,204166,61.18181818181818,2,51.81818181818182
2014,09,27,22,204166,66.27272727272727,4,47.81818181818182
2014,09,27,23,204166,75.75,1,42.25
2014,09,28,00,204166,87.0,0,36.0
2014,09,28,01,204166,87.0,0,36.0
2014,09,28,02,204166,87.0,0,36.0
2014,09,28,03,204166,87.0,0,36.0
2014,09,28,04,204166,67.0,1,53.27272727272727
2014,09,28,05,204166,45.0,1,71.27272727272727
2014,09,28,06,204166,53.833333333333336,3,59.166666666666664
2014,09,28,07,204166,55.0,7,59.083333333333336
2014,09,28,08,204166,68.66666666666667,8,46.5
2014,09,28,09,204166,76.63636363636364,11,44.09090909090909
2014,09,28,10,204166,66.0909090909091,19,48.63636363636363
2014,09,28,11,204166,73.0,19,43.5
2014,09,28,12,204166,64.72727272727273,22,49.90909090909091
2014,09,28,13,204166,55.416666666666664,7,57.583333333333336
2014,09,28,14,204166,75.33333333333333,19,42.416666666666664
2014,09,28,15,204166,86.33333333333333,12,40.333333333333336
2014,09,28,16,204166,62.083333333333336,6,51.916666666666664
2014,09,28,17,204166,73.75,9,44.916666666666664
2014,09,28,18,204166,54.666666666666664,3,59.166666666666664
2014,09,28,19,204166,91.16666666666667,3,37.833333333333336
2014,09,28,20,204166,79.0,0,40.0
2014,09,28,21,204166,54.25,2,59.25
2014,09,28,22,204166,52.0,0,61.0
2014,09,28,23,204166,52.0,0,61.0
2014,09,29,00,204166,52.0,0,61.0
2014,09,29,01,204166,52.0,0,61.0
2014,09,29,02,204166,55.5,2,58.0
2014,09,29,03,204166,51.166666666666664,3,61.916666666666664
2014,09,29,04,204166,63.0,11,52.72727272727273
2014,09,29,05,204166,96.5,21,34.583333333333336
2014,09,29,06,204166,81.58333333333333,39,40.916666666666664
2014,09,29,07,204166,64.33333333333333,23,49.5
2014,09,29,08,204166,73.36363636363636,21,44.18181818181818
2014,09,29,09,204166,70.66666666666667,28,46.333333333333336
2014,09,29,10,204166,70.9,28,45.6
2014,09,29,11,204166,67.18181818181819,35,47.45454545454545
2014,09,29,12,204166,87.08333333333333,24,38.333333333333336
2014,09,29,13,204166,95.36363636363636,23,33.81818181818182
2014,09,29,14,204166,109.0,17,29.166666666666668
2014,09,29,15,204166,74.16666666666667,14,44.5
2014,09,29,16,204166,66.75,12,47.666666666666664
2014,09,29,17,204166,64.83333333333333,1,49.333333333333336
2014,09,29,18,204166,91.36363636363636,5,41.45454545454545
2014,09,29,19,204166,91.25,4,42.333333333333336
2014,09,29,20,204166,70.16666666666667,5,46.083333333333336
2014,09,29,21,204166,57.0,0,55.0
2014,09,29,22,204166,94.54545454545455,0,37.18181818181818
2014,09,29,23,204166,116.0,0,27.0
2014,09,30,00,204166,116.0,0,27.0
2014,09,30,01,204166,116.0,0,27.0
2014,09,30,02,204166,116.0,0,27.0
2014,09,30,03,204166,126.0,2,25.25
2014,09,30,04,204166,60.083333333333336,13,53.166666666666664
2014,09,30,05,204166,78.58333333333333,39,41.333333333333336
2014,09,30,06,204166,80.41666666666667,26,40.416666666666664
2014,09,30,07,204166,71.8,17,44.4
2014,09,30,08,204166,69.91666666666667,29,46.083333333333336
2014,09,30,09,204166,65.0,12,48.7
2014,09,30,10,204166,79.3,22,44.5
2014,09,30,11,204166,85.33333333333333,6,37.0
2014,09,30,12,204166,76.41666666666667,22,42.0
2014,09,30,13,204166,96.5,14,33.625
2014,09,30,17,204166,67.0,0,47.0
2014,09,30,18,204166,67.33333333333333,2,47.166666666666664
2014,09,30,19,204166,58.0,3,54.666666666666664
2014,09,30,20,204166,59.666666666666664,5,52.916666666666664
2014,09,30,21,204166,60.0,0,53.0
2014,09,30,22,204166,60.0,0,53.0
2014,09,30,23,204166,60.0,0,53.0
